car 0.0 0 0 299 332 314 347 0 0 0 0 0 0 0
car 0.0 0 0 232 203 253 216 0 0 0 0 0 0 0
car 0.0 0 0 217 186 232 203 0 0 0 0 0 0 0
car 0.0 0 0 223 177 235 193 0 0 0 0 0 0 0
car 0.0 0 0 199 157 210 166 0 0 0 0 0 0 0
car 0.0 0 0 191 148 207 157 0 0 0 0 0 0 0
car 0.0 0 0 187 141 200 151 0 0 0 0 0 0 0
car 0.0 0 0 183 133 195 142 0 0 0 0 0 0 0
car 0.0 0 0 41 191 51 197 0 0 0 0 0 0 0
car 0.0 0 0 1 159 9 169 0 0 0 0 0 0 0
car 0.0 0 0 149 279 163 289 0 0 0 0 0 0 0
car 0.0 0 0 226 239 240 255 0 0 0 0 0 0 0
car 0.0 0 0 289 314 300 326 0 0 0 0 0 0 0
car 0.0 0 0 313 332 323 344 0 0 0 0 0 0 0
car 0.0 0 0 147 248 160 255 0 0 0 0 0 0 0
