car 0.0 0 0 75 119 92 130 0 0 0 0 0 0 0
car 0.0 0 0 83 131 96 140 0 0 0 0 0 0 0
car 0.0 0 0 83 138 102 148 0 0 0 0 0 0 0
car 0.0 0 0 90 148 108 159 0 0 0 0 0 0 0
car 0.0 0 0 94 158 110 170 0 0 0 0 0 0 0
car 0.0 0 0 119 205 136 217 0 0 0 0 0 0 0
car 0.0 0 0 87 33 101 48 0 0 0 0 0 0 0
car 0.0 0 0 41 284 54 297 0 0 0 0 0 0 0
car 0.0 0 0 325 159 333 169 0 0 0 0 0 0 0
car 0.0 0 0 71 4 82 16 0 0 0 0 0 0 0
car 0.0 0 0 38 295 45 305 0 0 0 0 0 0 0
car 0.0 0 0 310 188 320 199 0 0 0 0 0 0 0
car 0.0 0 0 284 106 296 119 0 0 0 0 0 0 0
car 0.0 0 0 287 134 294 143 0 0 0 0 0 0 0
car 0.0 0 0 66 29 76 40 0 0 0 0 0 0 0
car 0.0 0 0 63 23 73 32 0 0 0 0 0 0 0
