car 0.0 0 0 283 229 295 241 0 0 0 0 0 0 0
car 0.0 0 0 271 242 286 253 0 0 0 0 0 0 0
car 0.0 0 0 278 333 292 350 0 0 0 0 0 0 0
car 0.0 0 0 278 313 289 328 0 0 0 0 0 0 0
car 0.0 0 0 281 305 295 317 0 0 0 0 0 0 0
car 0.0 0 0 255 279 263 287 0 0 0 0 0 0 0
car 0.0 0 0 209 296 224 315 0 0 0 0 0 0 0
car 0.0 0 0 315 183 330 200 0 0 0 0 0 0 0
car 0.0 0 0 54 37 67 52 0 0 0 0 0 0 0
car 0.0 0 0 119 62 135 82 0 0 0 0 0 0 0
car 0.0 0 0 99 88 113 103 0 0 0 0 0 0 0
car 0.0 0 0 148 99 158 115 0 0 0 0 0 0 0
car 0.0 0 0 175 175 188 191 0 0 0 0 0 0 0
car 0.0 0 0 182 184 198 201 0 0 0 0 0 0 0
