car 0.0 0 0 332 12 347 28 0 0 0 0 0 0 0
car 0.727272727273 0 0 349 78 352 90 0 0 0 0 0 0 0
car 0.181818181818 0 0 343 74 352 87 0 0 0 0 0 0 0
car 0.0 0 0 336 69 350 81 0 0 0 0 0 0 0
car 0.0 0 0 319 107 335 122 0 0 0 0 0 0 0
car 0.0 0 0 341 123 350 133 0 0 0 0 0 0 0
car 0.0 0 0 312 127 325 141 0 0 0 0 0 0 0
car 0.0 0 0 336 149 347 161 0 0 0 0 0 0 0
car 0.142857142857 0 0 340 152 352 166 0 0 0 0 0 0 0
car 0.5 0 0 346 161 352 172 0 0 0 0 0 0 0
car 0.0 0 0 256 154 268 165 0 0 0 0 0 0 0
car 0.0 0 0 191 309 203 323 0 0 0 0 0 0 0
car 0.0 0 0 179 297 192 311 0 0 0 0 0 0 0
car 0.0 0 0 172 286 183 298 0 0 0 0 0 0 0
car 0.0 0 0 203 265 214 278 0 0 0 0 0 0 0
car 0.0 0 0 208 272 219 286 0 0 0 0 0 0 0
car 0.0 0 0 179 244 194 258 0 0 0 0 0 0 0
car 0.0 0 0 185 250 198 263 0 0 0 0 0 0 0
car 0.0 0 0 175 242 186 253 0 0 0 0 0 0 0
car 0.0 0 0 220 281 232 295 0 0 0 0 0 0 0
car 0.0 0 0 230 268 244 282 0 0 0 0 0 0 0
car 0.0 0 0 239 270 254 286 0 0 0 0 0 0 0
car 0.0 0 0 220 258 232 270 0 0 0 0 0 0 0
car 0.0 0 0 226 262 239 277 0 0 0 0 0 0 0
car 0.0 0 0 213 277 228 291 0 0 0 0 0 0 0
car 0.0 0 0 214 253 227 267 0 0 0 0 0 0 0
car 0.0 0 0 192 256 202 269 0 0 0 0 0 0 0
car 0.0 0 0 202 243 215 257 0 0 0 0 0 0 0
car 0.0 0 0 186 304 197 316 0 0 0 0 0 0 0
car 0.0 0 0 196 314 209 326 0 0 0 0 0 0 0
car 0.0 0 0 163 338 175 350 0 0 0 0 0 0 0
car 0.0 0 0 147 325 157 334 0 0 0 0 0 0 0
car 0.0 0 0 157 331 169 345 0 0 0 0 0 0 0
car 0.0 0 0 227 209 237 220 0 0 0 0 0 0 0
car 0.0 0 0 218 203 231 217 0 0 0 0 0 0 0
car 0.0 0 0 213 198 227 209 0 0 0 0 0 0 0
car 0.0 0 0 231 216 240 226 0 0 0 0 0 0 0
car 0.0 0 0 266 246 275 257 0 0 0 0 0 0 0
car 0.0 0 0 249 229 260 242 0 0 0 0 0 0 0
car 0.0 0 0 242 226 254 237 0 0 0 0 0 0 0
car 0.0 0 0 170 183 181 195 0 0 0 0 0 0 0
car 0.0 0 0 295 189 307 205 0 0 0 0 0 0 0
car 0.0 0 0 300 194 314 210 0 0 0 0 0 0 0
car 0.0 0 0 320 189 331 203 0 0 0 0 0 0 0
car 0.0 0 0 308 202 317 214 0 0 0 0 0 0 0
car 0.0 0 0 313 181 326 198 0 0 0 0 0 0 0
car 0.0 0 0 303 173 315 186 0 0 0 0 0 0 0
car 0.0 0 0 269 139 281 153 0 0 0 0 0 0 0
car 0.0 0 0 290 185 302 198 0 0 0 0 0 0 0
car 0.0 0 0 273 170 284 182 0 0 0 0 0 0 0
car 0.0 0 0 268 165 278 179 0 0 0 0 0 0 0
car 0.0 0 0 260 161 274 173 0 0 0 0 0 0 0
car 0.0 0 0 204 319 215 331 0 0 0 0 0 0 0
car 0.0 0 0 227 289 236 300 0 0 0 0 0 0 0
car 0.0 0 0 260 239 272 252 0 0 0 0 0 0 0
car 0.0 0 0 309 176 320 190 0 0 0 0 0 0 0
