car 0.0 0 0 23 258 35 267 0 0 0 0 0 0 0
car 0.0 0 0 123 165 134 177 0 0 0 0 0 0 0
car 0.0 0 0 136 305 150 317 0 0 0 0 0 0 0
car 0.0 0 0 146 294 158 303 0 0 0 0 0 0 0
car 0.0 0 0 166 268 174 276 0 0 0 0 0 0 0
car 0.0 0 0 167 260 179 271 0 0 0 0 0 0 0
car 0.0 0 0 174 256 184 264 0 0 0 0 0 0 0
car 0.0 0 0 174 247 188 258 0 0 0 0 0 0 0
car 0.0 0 0 212 197 222 206 0 0 0 0 0 0 0
car 0.428571428571 0 0 215 0 227 8 0 0 0 0 0 0 0
car 0.0 0 0 48 25 63 39 0 0 0 0 0 0 0
car 0.0 0 0 73 42 93 66 0 0 0 0 0 0 0
car 0.0 0 0 153 278 166 291 0 0 0 0 0 0 0
car 0.0 0 0 141 299 154 309 0 0 0 0 0 0 0
car 0.0 0 0 135 314 146 323 0 0 0 0 0 0 0
car 0.0 0 0 135 323 141 331 0 0 0 0 0 0 0
car 0.0 0 0 131 329 138 336 0 0 0 0 0 0 0
car 0.0 0 0 205 212 214 220 0 0 0 0 0 0 0
car 0.0 0 0 193 223 204 231 0 0 0 0 0 0 0
