car 0.0 0 0 107 86 118 98 0 0 0 0 0 0 0
car 0.0 0 0 105 122 116 133 0 0 0 0 0 0 0
car 0.0 0 0 136 140 149 150 0 0 0 0 0 0 0
car 0.0 0 0 211 204 224 217 0 0 0 0 0 0 0
car 0.0 0 0 236 241 246 257 0 0 0 0 0 0 0
car 0.0 0 0 240 273 249 289 0 0 0 0 0 0 0
car 0.0 0 0 262 285 281 308 0 0 0 0 0 0 0
car 0.0 0 0 226 309 239 325 0 0 0 0 0 0 0
car 0.5 0 0 205 344 218 352 0 0 0 0 0 0 0
car 0.0714285714286 0 0 226 339 237 352 0 0 0 0 0 0 0
car 0.347826086957 0 0 231 337 251 352 0 0 0 0 0 0 0
car 0.0 0 0 267 268 279 282 0 0 0 0 0 0 0
car 0.0 0 0 282 284 295 298 0 0 0 0 0 0 0
car 0.0 0 0 260 325 270 338 0 0 0 0 0 0 0
car 0.0 0 0 245 307 257 320 0 0 0 0 0 0 0
car 0.0 0 0 268 305 281 319 0 0 0 0 0 0 0
car 0.0 0 0 284 325 295 339 0 0 0 0 0 0 0
car 0.0 0 0 296 322 308 338 0 0 0 0 0 0 0
car 0.0 0 0 298 233 311 248 0 0 0 0 0 0 0
car 0.0 0 0 295 219 307 233 0 0 0 0 0 0 0
car 0.333333333333 0 0 344 193 352 208 0 0 0 0 0 0 0
car 0.9375 0 0 241 351 254 352 0 0 0 0 0 0 0
car 0.0 0 0 315 181 326 197 0 0 0 0 0 0 0
car 0.0 0 0 332 171 344 186 0 0 0 0 0 0 0
car 0.0 0 0 324 278 334 290 0 0 0 0 0 0 0
car 0.0 0 0 72 311 86 324 0 0 0 0 0 0 0
car 0.0 0 0 28 309 40 324 0 0 0 0 0 0 0
car 0.0 0 0 27 1 39 15 0 0 0 0 0 0 0
car 0.0 0 0 247 187 273 209 0 0 0 0 0 0 0
car 0.0 0 0 242 173 258 185 0 0 0 0 0 0 0
car 0.0 0 0 262 187 277 197 0 0 0 0 0 0 0
