car 0.9375 0 0 226 0 239 1 0 0 0 0 0 0 0
car 0.0 0 0 205 20 218 36 0 0 0 0 0 0 0
car 0.0 0 0 226 15 237 29 0 0 0 0 0 0 0
car 0.0 0 0 231 13 251 36 0 0 0 0 0 0 0
car 0.0 0 0 260 1 270 14 0 0 0 0 0 0 0
car 0.0 0 0 284 1 295 15 0 0 0 0 0 0 0
car 0.125 0 0 296 0 308 14 0 0 0 0 0 0 0
car 0.0 0 0 335 281 344 291 0 0 0 0 0 0 0
car 0.625 0 0 349 289 352 298 0 0 0 0 0 0 0
car 0.0 0 0 241 27 254 43 0 0 0 0 0 0 0
car 0.0 0 0 227 49 239 68 0 0 0 0 0 0 0
car 0.0 0 0 203 48 216 63 0 0 0 0 0 0 0
car 0.0 0 0 213 55 225 70 0 0 0 0 0 0 0
car 0.0 0 0 183 94 198 112 0 0 0 0 0 0 0
car 0.0 0 0 211 68 226 84 0 0 0 0 0 0 0
car 0.0 0 0 204 87 215 99 0 0 0 0 0 0 0
car 0.0 0 0 167 103 178 115 0 0 0 0 0 0 0
car 0.0 0 0 186 80 196 91 0 0 0 0 0 0 0
car 0.0 0 0 229 125 239 139 0 0 0 0 0 0 0
car 0.0 0 0 184 140 199 155 0 0 0 0 0 0 0
car 0.0 0 0 193 150 204 162 0 0 0 0 0 0 0
car 0.0 0 0 109 165 130 190 0 0 0 0 0 0 0
car 0.0 0 0 143 221 155 236 0 0 0 0 0 0 0
car 0.0 0 0 121 271 134 286 0 0 0 0 0 0 0
car 0.0 0 0 103 281 115 294 0 0 0 0 0 0 0
car 0.0 0 0 102 266 113 277 0 0 0 0 0 0 0
car 0.0 0 0 41 312 57 325 0 0 0 0 0 0 0
car 0.0 0 0 61 320 72 333 0 0 0 0 0 0 0
car 0.0 0 0 72 338 84 351 0 0 0 0 0 0 0
car 0.0 0 0 14 294 24 305 0 0 0 0 0 0 0
car 0.0 0 0 174 176 184 189 0 0 0 0 0 0 0
car 0.0 0 0 158 223 169 239 0 0 0 0 0 0 0
car 0.0 0 0 188 58 195 67 0 0 0 0 0 0 0
car 1.0 0 0 72 0 86 0 0 0 0 0 0 0 0
car 1.0 0 0 28 0 40 0 0 0 0 0 0 0 0
car 0.0 0 0 51 106 67 119 0 0 0 0 0 0 0
car 0.0 0 0 135 137 152 157 0 0 0 0 0 0 0
