car 0.5 0 0 202 0 219 5 0 0 0 0 0 0 0
car 0.0 0 0 70 109 78 124 0 0 0 0 0 0 0
car 0.0 0 0 80 89 104 105 0 0 0 0 0 0 0
car 0.0 0 0 121 78 146 98 0 0 0 0 0 0 0
car 0.0 0 0 142 67 157 80 0 0 0 0 0 0 0
car 0.0 0 0 11 281 20 291 0 0 0 0 0 0 0
car 0.0 0 0 25 289 33 298 0 0 0 0 0 0 0
car 0.0 0 0 32 292 40 301 0 0 0 0 0 0 0
car 0.0 0 0 282 260 296 271 0 0 0 0 0 0 0
car 0.0 0 0 303 227 316 238 0 0 0 0 0 0 0
car 0.0 0 0 287 253 300 265 0 0 0 0 0 0 0
car 0.0 0 0 302 235 313 246 0 0 0 0 0 0 0
car 0.0 0 0 328 189 341 200 0 0 0 0 0 0 0
car 0.0 0 0 326 197 338 206 0 0 0 0 0 0 0
car 0.0 0 0 295 249 304 257 0 0 0 0 0 0 0
car 0.0 0 0 315 218 324 227 0 0 0 0 0 0 0
car 0.0 0 0 243 340 251 347 0 0 0 0 0 0 0
car 0.0 0 0 252 326 259 333 0 0 0 0 0 0 0
car 0.0 0 0 256 311 265 319 0 0 0 0 0 0 0
car 0.0 0 0 276 266 292 277 0 0 0 0 0 0 0
car 0.0 0 0 326 206 334 213 0 0 0 0 0 0 0
car 0.0 0 0 320 212 330 220 0 0 0 0 0 0 0
car 0.0 0 0 278 283 284 292 0 0 0 0 0 0 0
car 0.0 0 0 273 291 280 297 0 0 0 0 0 0 0
