car 0.230769230769 0 0 212 0 225 10 0 0 0 0 0 0 0
car 0.0 0 0 128 47 141 59 0 0 0 0 0 0 0
car 0.0 0 0 80 71 90 81 0 0 0 0 0 0 0
car 0.0 0 0 155 79 171 94 0 0 0 0 0 0 0
car 0.0 0 0 167 68 176 78 0 0 0 0 0 0 0
car 0.0 0 0 149 94 159 106 0 0 0 0 0 0 0
car 0.0 0 0 122 2 135 14 0 0 0 0 0 0 0
car 0.0 0 0 162 178 176 189 0 0 0 0 0 0 0
car 0.0 0 0 151 159 166 169 0 0 0 0 0 0 0
car 0.0 0 0 175 133 186 151 0 0 0 0 0 0 0
car 0.0 0 0 205 128 222 137 0 0 0 0 0 0 0
car 0.0 0 0 228 126 241 137 0 0 0 0 0 0 0
car 0.0 0 0 231 119 248 130 0 0 0 0 0 0 0
car 0.0 0 0 35 261 49 276 0 0 0 0 0 0 0
car 0.0 0 0 43 266 55 281 0 0 0 0 0 0 0
car 0.0 0 0 70 229 85 240 0 0 0 0 0 0 0
car 0.0 0 0 57 236 68 251 0 0 0 0 0 0 0
car 0.0 0 0 63 239 75 255 0 0 0 0 0 0 0
car 0.0 0 0 100 322 113 333 0 0 0 0 0 0 0
car 0.0 0 0 115 334 131 344 0 0 0 0 0 0 0
car 0.0 0 0 240 313 253 327 0 0 0 0 0 0 0
car 0.0 0 0 248 315 260 331 0 0 0 0 0 0 0
car 0.0 0 0 259 330 275 342 0 0 0 0 0 0 0
car 0.0769230769231 0 0 274 340 287 352 0 0 0 0 0 0 0
car 0.0 0 0 250 297 262 312 0 0 0 0 0 0 0
car 0.0 0 0 256 302 268 317 0 0 0 0 0 0 0
car 0.0 0 0 259 284 270 296 0 0 0 0 0 0 0
car 0.0 0 0 264 289 277 303 0 0 0 0 0 0 0
car 0.0 0 0 270 295 282 307 0 0 0 0 0 0 0
car 0.0 0 0 263 307 274 319 0 0 0 0 0 0 0
car 0.0 0 0 265 324 279 334 0 0 0 0 0 0 0
car 0.0 0 0 279 333 292 342 0 0 0 0 0 0 0
car 0.666666666667 0 0 293 349 302 352 0 0 0 0 0 0 0
car 0.0 0 0 180 48 192 58 0 0 0 0 0 0 0
car 0.0 0 0 75 243 82 250 0 0 0 0 0 0 0
car 0.0 0 0 82 289 90 300 0 0 0 0 0 0 0
car 0.0 0 0 90 294 99 304 0 0 0 0 0 0 0
car 0.0 0 0 99 298 106 304 0 0 0 0 0 0 0
car 0.0 0 0 78 285 84 293 0 0 0 0 0 0 0
car 0.0 0 0 31 276 39 284 0 0 0 0 0 0 0
car 0.8 0 0 304 350 319 352 0 0 0 0 0 0 0
