car 0.0 0 0 8 12 23 28 0 0 0 0 0 0 0
car 0.0 0 0 36 9 50 22 0 0 0 0 0 0 0
car 0.0 0 0 43 14 55 27 0 0 0 0 0 0 0
car 0.0 0 0 49 20 61 33 0 0 0 0 0 0 0
car 0.0 0 0 53 25 68 39 0 0 0 0 0 0 0
car 0.0 0 0 65 35 79 48 0 0 0 0 0 0 0
car 0.0 0 0 28 53 41 67 0 0 0 0 0 0 0
car 0.0 0 0 71 44 83 55 0 0 0 0 0 0 0
car 0.0 0 0 77 45 89 58 0 0 0 0 0 0 0
car 0.0 0 0 82 52 94 64 0 0 0 0 0 0 0
car 0.0 0 0 46 71 55 81 0 0 0 0 0 0 0
car 0.0 0 0 25 78 36 90 0 0 0 0 0 0 0
car 0.0 0 0 36 63 51 78 0 0 0 0 0 0 0
car 0.0 0 0 54 80 68 93 0 0 0 0 0 0 0
car 0.0 0 0 61 87 73 100 0 0 0 0 0 0 0
car 0.0 0 0 65 91 80 104 0 0 0 0 0 0 0
car 0.0 0 0 71 97 85 110 0 0 0 0 0 0 0
car 0.0 0 0 80 102 90 112 0 0 0 0 0 0 0
car 0.0 0 0 47 99 61 112 0 0 0 0 0 0 0
car 0.0 0 0 53 103 66 119 0 0 0 0 0 0 0
car 0.0 0 0 41 95 53 106 0 0 0 0 0 0 0
car 0.0 0 0 59 109 70 125 0 0 0 0 0 0 0
car 0.0 0 0 31 83 43 97 0 0 0 0 0 0 0
car 0.0 0 0 19 74 30 87 0 0 0 0 0 0 0
car 0.0 0 0 12 69 26 81 0 0 0 0 0 0 0
car 0.3125 0 0 0 107 11 122 0 0 0 0 0 0 0
car 0.0 0 0 17 123 26 133 0 0 0 0 0 0 0
car 0.0 0 0 29 139 43 154 0 0 0 0 0 0 0
car 0.0 0 0 36 145 49 158 0 0 0 0 0 0 0
car 0.923076923077 0 0 0 127 1 141 0 0 0 0 0 0 0
car 0.0 0 0 12 149 23 161 0 0 0 0 0 0 0
car 0.0 0 0 16 152 30 166 0 0 0 0 0 0 0
car 0.0 0 0 22 161 34 172 0 0 0 0 0 0 0
car 0.363636363636 0 0 0 189 7 203 0 0 0 0 0 0 0
car 0.846153846154 0 0 0 181 2 198 0 0 0 0 0 0 0
car 0.0 0 0 313 11 328 22 0 0 0 0 0 0 0
car 0.307692307692 0 0 343 28 352 37 0 0 0 0 0 0 0
