car 0.0 0 0 6 298 21 311 0 0 0 0 0 0 0
car 0.0 0 0 113 192 126 204 0 0 0 0 0 0 0
car 0.0 0 0 121 177 136 189 0 0 0 0 0 0 0
car 0.0 0 0 63 169 94 192 0 0 0 0 0 0 0
car 0.0 0 0 89 166 104 175 0 0 0 0 0 0 0
car 0.0 0 0 78 145 95 157 0 0 0 0 0 0 0
car 0.0 0 0 86 120 108 137 0 0 0 0 0 0 0
car 0.0 0 0 137 160 148 172 0 0 0 0 0 0 0
car 0.0 0 0 144 144 157 159 0 0 0 0 0 0 0
car 0.0 0 0 154 121 169 136 0 0 0 0 0 0 0
car 0.0 0 0 166 105 176 120 0 0 0 0 0 0 0
car 0.0 0 0 128 85 139 93 0 0 0 0 0 0 0
car 0.0 0 0 317 175 331 206 0 0 0 0 0 0 0
