car 0.181818181818 0 0 100 0 113 9 0 0 0 0 0 0 0
car 0.0 0 0 115 10 131 20 0 0 0 0 0 0 0
car 0.785714285714 0 0 240 0 253 3 0 0 0 0 0 0 0
car 0.5625 0 0 248 0 260 7 0 0 0 0 0 0 0
car 0.0 0 0 259 6 275 18 0 0 0 0 0 0 0
car 0.0 0 0 274 16 287 29 0 0 0 0 0 0 0
car 0.0 0 0 265 0 279 10 0 0 0 0 0 0 0
car 0.0 0 0 279 9 292 18 0 0 0 0 0 0 0
car 0.0 0 0 293 25 302 34 0 0 0 0 0 0 0
car 0.0 0 0 279 35 294 50 0 0 0 0 0 0 0
car 0.0 0 0 271 50 284 65 0 0 0 0 0 0 0
car 0.0 0 0 262 65 275 80 0 0 0 0 0 0 0
car 0.0 0 0 251 79 266 94 0 0 0 0 0 0 0
car 0.0 0 0 251 137 263 151 0 0 0 0 0 0 0
car 0.0 0 0 262 123 274 134 0 0 0 0 0 0 0
car 0.0 0 0 255 104 268 115 0 0 0 0 0 0 0
car 0.0 0 0 260 98 272 110 0 0 0 0 0 0 0
car 0.0 0 0 263 92 276 103 0 0 0 0 0 0 0
car 0.0 0 0 267 85 278 96 0 0 0 0 0 0 0
car 0.0 0 0 271 79 282 89 0 0 0 0 0 0 0
car 0.0 0 0 273 71 285 85 0 0 0 0 0 0 0
car 0.0 0 0 277 67 288 75 0 0 0 0 0 0 0
car 0.0 0 0 287 64 298 72 0 0 0 0 0 0 0
car 0.0 0 0 287 55 300 65 0 0 0 0 0 0 0
car 0.0 0 0 291 49 304 59 0 0 0 0 0 0 0
car 0.0 0 0 293 43 308 53 0 0 0 0 0 0 0
car 0.0 0 0 299 37 309 46 0 0 0 0 0 0 0
car 0.0 0 0 303 32 314 41 0 0 0 0 0 0 0
car 0.0 0 0 204 176 219 190 0 0 0 0 0 0 0
car 0.0 0 0 209 170 224 183 0 0 0 0 0 0 0
car 0.0 0 0 90 204 103 212 0 0 0 0 0 0 0
car 0.0 0 0 138 213 148 226 0 0 0 0 0 0 0
car 0.0 0 0 157 220 166 233 0 0 0 0 0 0 0
car 0.0 0 0 149 217 156 228 0 0 0 0 0 0 0
car 0.0 0 0 212 240 225 260 0 0 0 0 0 0 0
car 0.0 0 0 230 248 238 259 0 0 0 0 0 0 0
car 0.0 0 0 237 251 244 262 0 0 0 0 0 0 0
car 0.0 0 0 310 242 327 251 0 0 0 0 0 0 0
car 0.0 0 0 270 264 280 276 0 0 0 0 0 0 0
car 0.0 0 0 265 260 273 270 0 0 0 0 0 0 0
car 0.0 0 0 251 255 258 265 0 0 0 0 0 0 0
car 0.0 0 0 258 317 274 327 0 0 0 0 0 0 0
car 0.0 0 0 286 267 297 278 0 0 0 0 0 0 0
car 0.0 0 0 86 325 95 340 0 0 0 0 0 0 0
car 0.0 0 0 94 330 102 342 0 0 0 0 0 0 0
car 0.0 0 0 100 330 111 345 0 0 0 0 0 0 0
car 0.0 0 0 23 246 38 255 0 0 0 0 0 0 0
car 0.0 0 0 67 274 91 290 0 0 0 0 0 0 0
car 0.0 0 0 23 175 31 188 0 0 0 0 0 0 0
car 0.0 0 0 15 175 22 186 0 0 0 0 0 0 0
car 0.0 0 0 7 170 15 183 0 0 0 0 0 0 0
car 0.0 0 0 0 168 9 179 0 0 0 0 0 0 0
car 0.777777777778 0 0 0 165 2 176 0 0 0 0 0 0 0
car 0.0 0 0 251 111 262 118 0 0 0 0 0 0 0
car 0.0 0 0 311 44 321 59 0 0 0 0 0 0 0
car 0.0 0 0 304 26 319 36 0 0 0 0 0 0 0
