car 0.0 0 0 20 193 32 208 0 0 0 0 0 0 0
car 0.0 0 0 32 178 42 190 0 0 0 0 0 0 0
car 0.0 0 0 59 273 94 293 0 0 0 0 0 0 0
car 0.0 0 0 57 284 68 291 0 0 0 0 0 0 0
car 0.0 0 0 51 292 69 302 0 0 0 0 0 0 0
car 0.0 0 0 73 300 90 310 0 0 0 0 0 0 0
car 0.0 0 0 96 305 111 315 0 0 0 0 0 0 0
car 0.0 0 0 95 294 109 302 0 0 0 0 0 0 0
car 0.0 0 0 98 286 112 293 0 0 0 0 0 0 0
car 0.0 0 0 135 291 152 300 0 0 0 0 0 0 0
car 0.0 0 0 187 313 202 320 0 0 0 0 0 0 0
car 0.0 0 0 262 299 278 310 0 0 0 0 0 0 0
car 0.0 0 0 250 257 263 265 0 0 0 0 0 0 0
car 0.583333333333 0 0 347 258 352 267 0 0 0 0 0 0 0
car 0.0 0 0 202 319 219 329 0 0 0 0 0 0 0
car 0.0 0 0 278 4 299 34 0 0 0 0 0 0 0
car 0.0 0 0 216 71 231 96 0 0 0 0 0 0 0
car 0.0 0 0 207 95 221 116 0 0 0 0 0 0 0
car 0.0 0 0 196 115 211 137 0 0 0 0 0 0 0
car 0.0 0 0 181 164 191 179 0 0 0 0 0 0 0
car 0.818181818182 0 0 0 181 2 197 0 0 0 0 0 0 0
car 0.0 0 0 8 171 20 186 0 0 0 0 0 0 0
car 0.0 0 0 32 238 44 253 0 0 0 0 0 0 0
car 0.0 0 0 0 278 10 290 0 0 0 0 0 0 0
car 0.0 0 0 43 115 51 122 0 0 0 0 0 0 0
car 0.0 0 0 65 122 72 132 0 0 0 0 0 0 0
