car 0.0 0 0 10 184 24 197 0 0 0 0 0 0 0
car 0.0 0 0 24 166 36 177 0 0 0 0 0 0 0
car 0.0 0 0 31 161 41 171 0 0 0 0 0 0 0
car 0.0 0 0 36 154 48 166 0 0 0 0 0 0 0
car 0.0 0 0 47 144 57 155 0 0 0 0 0 0 0
car 0.0 0 0 51 137 57 145 0 0 0 0 0 0 0
car 0.0 0 0 44 108 53 120 0 0 0 0 0 0 0
car 0.0 0 0 117 99 128 112 0 0 0 0 0 0 0
car 0.0 0 0 152 57 169 74 0 0 0 0 0 0 0
car 0.0 0 0 147 72 154 79 0 0 0 0 0 0 0
car 0.0 0 0 128 61 136 67 0 0 0 0 0 0 0
car 0.0 0 0 106 82 117 94 0 0 0 0 0 0 0
car 0.0 0 0 112 77 124 90 0 0 0 0 0 0 0
car 0.0 0 0 122 66 132 76 0 0 0 0 0 0 0
car 0.0 0 0 146 44 159 57 0 0 0 0 0 0 0
car 0.833333333333 0 0 196 0 209 2 0 0 0 0 0 0 0
car 0.0 0 0 163 14 175 26 0 0 0 0 0 0 0
car 0.0 0 0 147 1 157 10 0 0 0 0 0 0 0
car 0.0 0 0 157 7 169 21 0 0 0 0 0 0 0
car 0.0 0 0 64 129 77 141 0 0 0 0 0 0 0
car 0.0 0 0 80 112 93 124 0 0 0 0 0 0 0
car 0.0 0 0 86 107 96 118 0 0 0 0 0 0 0
car 0.0 0 0 90 99 100 109 0 0 0 0 0 0 0
car 0.416666666667 0 0 204 0 215 7 0 0 0 0 0 0 0
