car 0.0 0 0 8 233 21 247 0 0 0 0 0 0 0
car 0.0 0 0 109 93 120 107 0 0 0 0 0 0 0
car 0.0 0 0 68 126 93 158 0 0 0 0 0 0 0
car 0.0 0 0 64 318 74 332 0 0 0 0 0 0 0
car 0.0 0 0 74 319 81 334 0 0 0 0 0 0 0
car 0.0 0 0 80 322 91 339 0 0 0 0 0 0 0
car 0.0 0 0 89 327 99 343 0 0 0 0 0 0 0
car 0.0 0 0 97 330 106 345 0 0 0 0 0 0 0
car 0.0 0 0 298 203 311 213 0 0 0 0 0 0 0
car 0.0 0 0 312 181 323 196 0 0 0 0 0 0 0
car 0.0 0 0 322 166 335 180 0 0 0 0 0 0 0
car 0.0 0 0 332 152 345 166 0 0 0 0 0 0 0
car 0.833333333333 0 0 350 124 352 140 0 0 0 0 0 0 0
car 0.0 0 0 328 185 341 201 0 0 0 0 0 0 0
car 0.0 0 0 328 42 351 59 0 0 0 0 0 0 0
