car 0.0 0 0 1 233 17 247 0 0 0 0 0 0 0
car 0.0 0 0 18 243 45 264 0 0 0 0 0 0 0
car 0.0 0 0 47 263 61 275 0 0 0 0 0 0 0
car 0.0 0 0 79 283 92 294 0 0 0 0 0 0 0
car 0.0 0 0 92 290 106 305 0 0 0 0 0 0 0
car 0.0 0 0 106 300 119 313 0 0 0 0 0 0 0
car 0.0 0 0 119 340 129 352 0 0 0 0 0 0 0
car 0.0 0 0 92 330 105 342 0 0 0 0 0 0 0
car 0.0 0 0 71 319 89 332 0 0 0 0 0 0 0
car 0.0 0 0 58 309 72 321 0 0 0 0 0 0 0
car 0.0 0 0 45 327 54 337 0 0 0 0 0 0 0
car 0.133333333333 0 0 34 339 47 352 0 0 0 0 0 0 0
car 0.0 0 0 329 275 343 285 0 0 0 0 0 0 0
car 0.0 0 0 334 268 347 279 0 0 0 0 0 0 0
car 0.0 0 0 339 263 350 272 0 0 0 0 0 0 0
car 0.0 0 0 61 272 78 284 0 0 0 0 0 0 0
car 0.0 0 0 325 283 332 289 0 0 0 0 0 0 0
car 0.0 0 0 315 294 323 304 0 0 0 0 0 0 0
car 0.0 0 0 308 310 317 319 0 0 0 0 0 0 0
car 0.7 0 0 126 349 134 352 0 0 0 0 0 0 0
car 0.0 0 0 316 237 326 254 0 0 0 0 0 0 0
car 0.0 0 0 295 276 303 288 0 0 0 0 0 0 0
car 0.0 0 0 315 141 325 151 0 0 0 0 0 0 0
