car 0.0 0 0 195 12 208 28 0 0 0 0 0 0 0
car 0.0 0 0 204 16 213 30 0 0 0 0 0 0 0
car 0.142857142857 0 0 206 0 217 12 0 0 0 0 0 0 0
car 0.0 0 0 212 3 224 16 0 0 0 0 0 0 0
car 0.833333333333 0 0 223 0 233 2 0 0 0 0 0 0 0
car 0.0 0 0 232 25 248 36 0 0 0 0 0 0 0
car 0.0 0 0 246 35 261 46 0 0 0 0 0 0 0
car 0.0 0 0 259 42 274 55 0 0 0 0 0 0 0
car 0.0 0 0 273 52 288 63 0 0 0 0 0 0 0
car 0.0 0 0 270 59 284 70 0 0 0 0 0 0 0
car 0.0 0 0 263 63 276 76 0 0 0 0 0 0 0
car 0.0 0 0 276 73 290 83 0 0 0 0 0 0 0
car 0.0 0 0 283 68 296 78 0 0 0 0 0 0 0
car 0.0 0 0 289 82 304 93 0 0 0 0 0 0 0
car 0.0 0 0 297 78 311 88 0 0 0 0 0 0 0
car 0.0 0 0 304 90 317 102 0 0 0 0 0 0 0
car 0.0 0 0 309 85 325 98 0 0 0 0 0 0 0
car 0.0 0 0 317 99 330 112 0 0 0 0 0 0 0
car 0.0 0 0 324 95 338 107 0 0 0 0 0 0 0
car 0.0 0 0 330 110 345 121 0 0 0 0 0 0 0
car 0.0 0 0 338 105 352 115 0 0 0 0 0 0 0
car 0.285714285714 0 0 342 98 352 108 0 0 0 0 0 0 0
car 0.0 0 0 276 254 300 272 0 0 0 0 0 0 0
car 0.0 0 0 283 247 304 264 0 0 0 0 0 0 0
car 0.0 0 0 265 89 293 112 0 0 0 0 0 0 0
car 0.0 0 0 148 93 162 107 0 0 0 0 0 0 0
car 0.0 0 0 92 150 105 161 0 0 0 0 0 0 0
car 0.0 0 0 56 141 79 174 0 0 0 0 0 0 0
car 0.0 0 0 28 234 43 248 0 0 0 0 0 0 0
car 0.0 0 0 24 244 36 252 0 0 0 0 0 0 0
car 0.0 0 0 15 252 30 265 0 0 0 0 0 0 0
car 0.0 0 0 9 233 22 248 0 0 0 0 0 0 0
car 0.0 0 0 32 7 50 28 0 0 0 0 0 0 0
car 0.0 0 0 24 1 41 22 0 0 0 0 0 0 0
car 0.25 0 0 343 116 352 128 0 0 0 0 0 0 0
car 0.8 0 0 350 113 352 123 0 0 0 0 0 0 0
