car 0.692307692308 0 0 0 347 8 352 0 0 0 0 0 0 0
car 0.307692307692 0 0 0 321 9 332 0 0 0 0 0 0 0
car 0.0 0 0 96 245 105 263 0 0 0 0 0 0 0
car 0.0 0 0 104 230 112 247 0 0 0 0 0 0 0
car 0.0 0 0 147 31 159 46 0 0 0 0 0 0 0
car 0.0 0 0 137 45 153 58 0 0 0 0 0 0 0
car 0.0 0 0 118 76 132 89 0 0 0 0 0 0 0
car 0.0 0 0 122 69 136 82 0 0 0 0 0 0 0
car 0.0 0 0 113 51 127 63 0 0 0 0 0 0 0
car 0.0 0 0 100 41 115 53 0 0 0 0 0 0 0
car 0.0 0 0 80 29 96 41 0 0 0 0 0 0 0
car 0.0 0 0 119 16 129 28 0 0 0 0 0 0 0
car 0.0 0 0 92 6 105 18 0 0 0 0 0 0 0
car 0.384615384615 0 0 71 0 89 8 0 0 0 0 0 0 0
car 0.0 0 0 45 3 54 13 0 0 0 0 0 0 0
car 0.0 0 0 34 15 47 30 0 0 0 0 0 0 0
car 0.0 0 0 26 31 40 43 0 0 0 0 0 0 0
car 0.0 0 0 17 42 30 56 0 0 0 0 0 0 0
car 0.0 0 0 155 158 163 172 0 0 0 0 0 0 0
car 0.0 0 0 121 209 129 223 0 0 0 0 0 0 0
car 0.0 0 0 89 261 98 283 0 0 0 0 0 0 0
car 0.0 0 0 113 221 121 234 0 0 0 0 0 0 0
car 0.0 0 0 132 140 142 158 0 0 0 0 0 0 0
car 0.0 0 0 141 170 154 183 0 0 0 0 0 0 0
car 0.0 0 0 140 125 150 139 0 0 0 0 0 0 0
car 0.0 0 0 166 139 175 153 0 0 0 0 0 0 0
car 0.0 0 0 142 69 150 81 0 0 0 0 0 0 0
car 0.0 0 0 141 30 148 43 0 0 0 0 0 0 0
car 0.0 0 0 126 25 134 35 0 0 0 0 0 0 0
car 0.0 0 0 133 31 141 38 0 0 0 0 0 0 0
