car 0.0 0 0 276 6 290 16 0 0 0 0 0 0 0
car 0.0 0 0 283 1 296 11 0 0 0 0 0 0 0
car 0.0 0 0 289 15 304 26 0 0 0 0 0 0 0
car 0.0 0 0 297 11 311 21 0 0 0 0 0 0 0
car 0.0 0 0 304 23 317 35 0 0 0 0 0 0 0
car 0.0 0 0 309 18 325 31 0 0 0 0 0 0 0
car 0.0 0 0 317 32 330 45 0 0 0 0 0 0 0
car 0.0 0 0 324 28 338 40 0 0 0 0 0 0 0
car 0.0 0 0 330 43 345 54 0 0 0 0 0 0 0
car 0.0 0 0 338 38 352 48 0 0 0 0 0 0 0
car 0.285714285714 0 0 342 31 352 41 0 0 0 0 0 0 0
car 0.0 0 0 276 187 300 205 0 0 0 0 0 0 0
car 0.0 0 0 283 180 304 197 0 0 0 0 0 0 0
car 0.0 0 0 265 22 293 45 0 0 0 0 0 0 0
car 0.0 0 0 148 26 162 40 0 0 0 0 0 0 0
car 0.0 0 0 92 83 105 94 0 0 0 0 0 0 0
car 0.0 0 0 56 74 79 107 0 0 0 0 0 0 0
car 0.0 0 0 28 167 43 181 0 0 0 0 0 0 0
car 0.0 0 0 24 177 36 185 0 0 0 0 0 0 0
car 0.0 0 0 15 185 30 198 0 0 0 0 0 0 0
car 0.0 0 0 9 166 22 181 0 0 0 0 0 0 0
car 0.0 0 0 13 283 27 295 0 0 0 0 0 0 0
car 0.0 0 0 4 304 19 314 0 0 0 0 0 0 0
car 0.25 0 0 343 49 352 61 0 0 0 0 0 0 0
car 0.8 0 0 350 46 352 56 0 0 0 0 0 0 0
