car 0.0 0 0 146 256 162 268 0 0 0 0 0 0 0
car 0.0 0 0 149 248 166 263 0 0 0 0 0 0 0
car 0.0 0 0 155 242 170 255 0 0 0 0 0 0 0
car 0.0 0 0 159 236 174 248 0 0 0 0 0 0 0
car 0.0 0 0 164 230 178 242 0 0 0 0 0 0 0
car 0.0 0 0 169 224 182 234 0 0 0 0 0 0 0
car 0.0 0 0 135 220 148 233 0 0 0 0 0 0 0
car 0.0 0 0 217 132 232 144 0 0 0 0 0 0 0
car 0.0 0 0 234 102 248 114 0 0 0 0 0 0 0
car 0.0 0 0 238 96 253 108 0 0 0 0 0 0 0
car 0.0 0 0 246 90 258 104 0 0 0 0 0 0 0
car 0.0 0 0 181 125 215 148 0 0 0 0 0 0 0
