car 0.9375 0 0 0 85 1 98 0 0 0 0 0 0 0
car 0.538461538462 0 0 0 99 6 112 0 0 0 0 0 0 0
car 0.0 0 0 0 95 14 107 0 0 0 0 0 0 0
car 0.0 0 0 6 110 21 121 0 0 0 0 0 0 0
car 0.0 0 0 14 105 28 115 0 0 0 0 0 0 0
car 0.0 0 0 18 98 32 108 0 0 0 0 0 0 0
car 0.0 0 0 19 116 31 128 0 0 0 0 0 0 0
car 0.0 0 0 26 113 36 123 0 0 0 0 0 0 0
car 0.0 0 0 31 107 41 117 0 0 0 0 0 0 0
car 0.0 0 0 66 140 79 156 0 0 0 0 0 0 0
car 0.0 0 0 75 125 89 141 0 0 0 0 0 0 0
car 0.0 0 0 85 111 97 127 0 0 0 0 0 0 0
car 0.0 0 0 95 98 106 112 0 0 0 0 0 0 0
car 0.0 0 0 102 84 115 101 0 0 0 0 0 0 0
car 0.0 0 0 240 255 251 268 0 0 0 0 0 0 0
car 0.0 0 0 246 260 257 272 0 0 0 0 0 0 0
car 0.0 0 0 264 273 275 286 0 0 0 0 0 0 0
car 0.0 0 0 271 277 282 290 0 0 0 0 0 0 0
car 0.0 0 0 277 280 289 296 0 0 0 0 0 0 0
car 0.0 0 0 283 285 295 299 0 0 0 0 0 0 0
car 0.0 0 0 287 289 302 308 0 0 0 0 0 0 0
car 0.0 0 0 307 306 320 320 0 0 0 0 0 0 0
car 0.0 0 0 198 218 220 235 0 0 0 0 0 0 0
car 0.0 0 0 309 106 322 119 0 0 0 0 0 0 0
car 0.0 0 0 205 40 234 65 0 0 0 0 0 0 0
car 0.2 0 0 199 0 216 16 0 0 0 0 0 0 0
car 0.0 0 0 266 16 281 33 0 0 0 0 0 0 0
car 0.0 0 0 166 8 179 24 0 0 0 0 0 0 0
