car 0.0 0 0 182 31 196 43 0 0 0 0 0 0 0
car 0.0 0 0 61 106 69 124 0 0 0 0 0 0 0
car 0.0 0 0 81 86 98 107 0 0 0 0 0 0 0
car 0.0 0 0 98 192 110 205 0 0 0 0 0 0 0
car 0.0 0 0 109 192 134 226 0 0 0 0 0 0 0
car 0.0 0 0 146 186 154 197 0 0 0 0 0 0 0
car 0.0 0 0 101 251 114 265 0 0 0 0 0 0 0
car 0.0 0 0 51 271 62 288 0 0 0 0 0 0 0
car 0.0 0 0 56 325 72 338 0 0 0 0 0 0 0
car 0.6 0 0 31 344 48 352 0 0 0 0 0 0 0
car 0.0 0 0 68 98 76 114 0 0 0 0 0 0 0
car 0.0 0 0 150 107 163 125 0 0 0 0 0 0 0
car 0.0 0 0 163 90 173 104 0 0 0 0 0 0 0
car 0.0 0 0 80 110 92 123 0 0 0 0 0 0 0
car 0.0 0 0 66 161 77 171 0 0 0 0 0 0 0
car 0.0 0 0 73 147 86 158 0 0 0 0 0 0 0
car 0.0 0 0 78 141 92 152 0 0 0 0 0 0 0
car 0.0 0 0 188 169 200 179 0 0 0 0 0 0 0
car 0.0 0 0 201 180 220 194 0 0 0 0 0 0 0
car 0.0 0 0 219 186 230 198 0 0 0 0 0 0 0
car 0.0 0 0 225 190 237 203 0 0 0 0 0 0 0
car 0.0 0 0 246 178 258 192 0 0 0 0 0 0 0
car 0.0 0 0 267 100 283 111 0 0 0 0 0 0 0
car 0.0 0 0 94 312 107 327 0 0 0 0 0 0 0
car 0.0 0 0 126 295 140 310 0 0 0 0 0 0 0
car 0.0 0 0 157 269 168 281 0 0 0 0 0 0 0
car 0.0 0 0 169 278 180 291 0 0 0 0 0 0 0
car 0.0 0 0 174 283 185 294 0 0 0 0 0 0 0
car 0.904761904762 0 0 54 350 79 352 0 0 0 0 0 0 0
car 0.5 0 0 345 121 352 131 0 0 0 0 0 0 0
