car 0.153846153846 0 0 0 166 11 180 0 0 0 0 0 0 0
car 0.0 0 0 8 152 21 166 0 0 0 0 0 0 0
car 0.0 0 0 30 168 48 176 0 0 0 0 0 0 0
car 0.0 0 0 35 160 50 167 0 0 0 0 0 0 0
car 0.0 0 0 26 124 38 140 0 0 0 0 0 0 0
car 0.0 0 0 50 128 67 135 0 0 0 0 0 0 0
car 0.0 0 0 57 121 71 128 0 0 0 0 0 0 0
car 0.0 0 0 35 109 48 125 0 0 0 0 0 0 0
car 0.0 0 0 45 99 56 110 0 0 0 0 0 0 0
car 0.0 0 0 57 114 76 120 0 0 0 0 0 0 0
car 0.0 0 0 97 145 108 161 0 0 0 0 0 0 0
car 0.0 0 0 4 185 17 201 0 0 0 0 0 0 0
car 0.0 0 0 4 42 27 59 0 0 0 0 0 0 0
car 0.0 0 0 45 144 55 152 0 0 0 0 0 0 0
car 0.0 0 0 46 137 56 142 0 0 0 0 0 0 0
