car 0.9375 0 0 0 18 1 31 0 0 0 0 0 0 0
car 0.538461538462 0 0 0 32 6 45 0 0 0 0 0 0 0
car 0.0 0 0 0 28 14 40 0 0 0 0 0 0 0
car 0.0 0 0 6 43 21 54 0 0 0 0 0 0 0
car 0.0 0 0 14 38 28 48 0 0 0 0 0 0 0
car 0.0 0 0 18 31 32 41 0 0 0 0 0 0 0
car 0.0 0 0 19 49 31 61 0 0 0 0 0 0 0
car 0.0 0 0 26 46 36 56 0 0 0 0 0 0 0
car 0.0 0 0 31 40 41 50 0 0 0 0 0 0 0
car 0.0 0 0 66 73 79 89 0 0 0 0 0 0 0
car 0.0 0 0 75 58 89 74 0 0 0 0 0 0 0
car 0.0 0 0 85 44 97 60 0 0 0 0 0 0 0
car 0.0 0 0 95 31 106 45 0 0 0 0 0 0 0
car 0.0 0 0 102 17 115 34 0 0 0 0 0 0 0
car 0.0 0 0 240 188 251 201 0 0 0 0 0 0 0
car 0.0 0 0 246 193 257 205 0 0 0 0 0 0 0
car 0.0 0 0 264 206 275 219 0 0 0 0 0 0 0
car 0.0 0 0 271 210 282 223 0 0 0 0 0 0 0
car 0.0 0 0 277 213 289 229 0 0 0 0 0 0 0
car 0.0 0 0 283 218 295 232 0 0 0 0 0 0 0
car 0.0 0 0 287 222 302 241 0 0 0 0 0 0 0
car 0.0 0 0 307 239 320 253 0 0 0 0 0 0 0
car 0.0 0 0 198 151 220 168 0 0 0 0 0 0 0
car 0.0 0 0 309 39 322 52 0 0 0 0 0 0 0
