car 0.0 0 0 61 289 71 296 0 0 0 0 0 0 0
car 0.0 0 0 68 275 82 286 0 0 0 0 0 0 0
car 0.0 0 0 72 268 86 279 0 0 0 0 0 0 0
car 0.0 0 0 75 261 90 273 0 0 0 0 0 0 0
car 0.0 0 0 81 255 94 265 0 0 0 0 0 0 0
car 0.0 0 0 86 248 100 260 0 0 0 0 0 0 0
car 0.0 0 0 96 236 108 247 0 0 0 0 0 0 0
car 0.0 0 0 90 173 103 189 0 0 0 0 0 0 0
car 0.0 0 0 77 166 91 182 0 0 0 0 0 0 0
car 0.0 0 0 71 161 85 175 0 0 0 0 0 0 0
car 0.0 0 0 48 146 59 158 0 0 0 0 0 0 0
car 0.0 0 0 34 137 48 151 0 0 0 0 0 0 0
car 0.0 0 0 172 32 188 44 0 0 0 0 0 0 0
car 0.0 0 0 165 27 181 38 0 0 0 0 0 0 0
car 0.0 0 0 157 20 174 33 0 0 0 0 0 0 0
car 0.0 0 0 151 16 166 29 0 0 0 0 0 0 0
car 0.0 0 0 143 11 160 22 0 0 0 0 0 0 0
car 0.0 0 0 136 4 151 16 0 0 0 0 0 0 0
car 0.0 0 0 127 0 143 11 0 0 0 0 0 0 0
car 0.461538461538 0 0 120 0 135 7 0 0 0 0 0 0 0
car 0.916666666667 0 0 111 0 128 1 0 0 0 0 0 0 0
car 0.888888888889 0 0 236 0 250 1 0 0 0 0 0 0 0
