car 1.0 0 0 0 294 0 310 0 0 0 0 0 0 0
car 0.0 0 0 9 268 18 280 0 0 0 0 0 0 0
car 0.3 0 0 0 151 7 164 0 0 0 0 0 0 0
car 0.769230769231 0 0 0 112 3 128 0 0 0 0 0 0 0
car 0.642857142857 0 0 0 85 5 97 0 0 0 0 0 0 0
car 0.0 0 0 19 40 33 55 0 0 0 0 0 0 0
car 0.0 0 0 47 9 63 64 0 0 0 0 0 0 0
car 0.0 0 0 213 113 226 128 0 0 0 0 0 0 0
car 0.0 0 0 224 99 236 113 0 0 0 0 0 0 0
car 0.0 0 0 282 206 296 217 0 0 0 0 0 0 0
car 0.0 0 0 325 233 341 247 0 0 0 0 0 0 0
car 0.62962962963 0 0 342 243 352 264 0 0 0 0 0 0 0
