car 0.0 0 0 240 121 259 138 0 0 0 0 0 0 0
car 0.0 0 0 206 157 223 172 0 0 0 0 0 0 0
car 0.0 0 0 188 187 201 201 0 0 0 0 0 0 0
car 0.0 0 0 121 239 133 256 0 0 0 0 0 0 0
car 0.0 0 0 79 264 94 273 0 0 0 0 0 0 0
car 0.0 0 0 65 305 76 317 0 0 0 0 0 0 0
car 0.0 0 0 64 326 71 339 0 0 0 0 0 0 0
car 0.5 0 0 65 347 72 352 0 0 0 0 0 0 0
car 0.0 0 0 26 271 48 285 0 0 0 0 0 0 0
car 0.0 0 0 229 111 244 124 0 0 0 0 0 0 0
car 0.0 0 0 218 118 238 132 0 0 0 0 0 0 0
car 0.0 0 0 153 198 175 214 0 0 0 0 0 0 0
car 0.0 0 0 79 306 90 320 0 0 0 0 0 0 0
car 0.0 0 0 88 313 107 340 0 0 0 0 0 0 0
car 0.0 0 0 103 241 114 252 0 0 0 0 0 0 0
car 0.0 0 0 66 272 81 283 0 0 0 0 0 0 0
car 0.0 0 0 58 264 78 277 0 0 0 0 0 0 0
car 0.0 0 0 14 246 27 259 0 0 0 0 0 0 0
car 0.0 0 0 4 232 19 247 0 0 0 0 0 0 0
