car 0.0 0 0 201 259 222 273 0 0 0 0 0 0 0
car 0.333333333333 0 0 340 159 352 177 0 0 0 0 0 0 0
car 0.0 0 0 331 167 350 179 0 0 0 0 0 0 0
car 0.0 0 0 315 179 330 191 0 0 0 0 0 0 0
car 0.0 0 0 309 184 326 197 0 0 0 0 0 0 0
car 0.0 0 0 303 189 319 206 0 0 0 0 0 0 0
car 0.0 0 0 302 194 319 210 0 0 0 0 0 0 0
car 0.0 0 0 295 203 311 214 0 0 0 0 0 0 0
car 0.0 0 0 289 206 305 220 0 0 0 0 0 0 0
car 0.0 0 0 283 213 296 225 0 0 0 0 0 0 0
car 0.0 0 0 275 217 287 233 0 0 0 0 0 0 0
car 0.882352941176 0 0 350 186 352 198 0 0 0 0 0 0 0
car 0.529411764706 0 0 344 189 352 203 0 0 0 0 0 0 0
car 0.176470588235 0 0 338 194 352 208 0 0 0 0 0 0 0
car 0.0 0 0 333 201 347 212 0 0 0 0 0 0 0
car 0.0 0 0 326 206 340 219 0 0 0 0 0 0 0
car 0.0 0 0 311 215 332 230 0 0 0 0 0 0 0
car 0.0 0 0 303 221 324 238 0 0 0 0 0 0 0
car 0.0 0 0 292 234 309 248 0 0 0 0 0 0 0
car 0.0 0 0 286 240 300 252 0 0 0 0 0 0 0
car 0.0 0 0 247 262 261 275 0 0 0 0 0 0 0
car 0.0 0 0 257 244 268 252 0 0 0 0 0 0 0
car 0.5 0 0 347 234 352 245 0 0 0 0 0 0 0
