car 0.0 0 0 313 294 322 310 0 0 0 0 0 0 0
car 0.0 0 0 288 323 302 340 0 0 0 0 0 0 0
car 0.785714285714 0 0 283 349 289 352 0 0 0 0 0 0 0
car 0.909090909091 0 0 350 271 352 285 0 0 0 0 0 0 0
car 0.0 0 0 262 192 277 204 0 0 0 0 0 0 0
car 0.0 0 0 284 210 307 233 0 0 0 0 0 0 0
car 0.0 0 0 269 254 289 281 0 0 0 0 0 0 0
car 0.0 0 0 247 226 259 238 0 0 0 0 0 0 0
car 0.0 0 0 248 233 265 246 0 0 0 0 0 0 0
car 0.0 0 0 236 241 253 255 0 0 0 0 0 0 0
car 0.0 0 0 284 240 301 261 0 0 0 0 0 0 0
car 0.0 0 0 146 107 161 117 0 0 0 0 0 0 0
car 0.470588235294 0 0 0 24 9 36 0 0 0 0 0 0 0
car 0.0 0 0 338 246 351 259 0 0 0 0 0 0 0
car 0.0 0 0 328 232 343 247 0 0 0 0 0 0 0
car 0.0 0 0 270 235 276 248 0 0 0 0 0 0 0
car 0.0 0 0 238 225 249 234 0 0 0 0 0 0 0
car 0.0 0 0 142 112 168 135 0 0 0 0 0 0 0
car 0.0 0 0 179 136 200 156 0 0 0 0 0 0 0
