car 0.0588235294118 0 0 288 0 302 16 0 0 0 0 0 0 0
car 0.0 0 0 283 25 289 39 0 0 0 0 0 0 0
car 0.0 0 0 194 81 212 90 0 0 0 0 0 0 0
car 0.0 0 0 191 88 205 101 0 0 0 0 0 0 0
car 0.0 0 0 220 60 231 69 0 0 0 0 0 0 0
car 0.0 0 0 181 40 198 50 0 0 0 0 0 0 0
car 0.0 0 0 126 95 142 106 0 0 0 0 0 0 0
car 0.0 0 0 179 92 191 106 0 0 0 0 0 0 0
car 0.0 0 0 175 103 189 114 0 0 0 0 0 0 0
car 0.0 0 0 170 108 183 124 0 0 0 0 0 0 0
car 0.0 0 0 150 108 164 124 0 0 0 0 0 0 0
car 0.0 0 0 138 107 151 124 0 0 0 0 0 0 0
car 0.0 0 0 126 120 138 136 0 0 0 0 0 0 0
car 0.0 0 0 113 124 128 140 0 0 0 0 0 0 0
car 0.0 0 0 108 131 122 144 0 0 0 0 0 0 0
car 0.0 0 0 89 132 105 141 0 0 0 0 0 0 0
car 0.0 0 0 72 136 83 149 0 0 0 0 0 0 0
car 0.0 0 0 69 147 88 159 0 0 0 0 0 0 0
car 0.0 0 0 22 127 40 140 0 0 0 0 0 0 0
car 0.0 0 0 59 113 79 129 0 0 0 0 0 0 0
car 0.0 0 0 162 59 187 78 0 0 0 0 0 0 0
car 0.0 0 0 278 62 295 75 0 0 0 0 0 0 0
car 0.0 0 0 278 75 296 89 0 0 0 0 0 0 0
car 0.0 0 0 32 156 48 167 0 0 0 0 0 0 0
car 0.0 0 0 8 153 24 167 0 0 0 0 0 0 0
car 0.526315789474 0 0 0 140 9 155 0 0 0 0 0 0 0
car 0.0 0 0 59 109 72 117 0 0 0 0 0 0 0
