car 0.0 0 0 38 145 56 160 0 0 0 0 0 0 0
car 0.0 0 0 31 151 48 164 0 0 0 0 0 0 0
car 0.0 0 0 46 168 63 182 0 0 0 0 0 0 0
car 0.0 0 0 28 157 42 167 0 0 0 0 0 0 0
car 0.0 0 0 16 159 34 177 0 0 0 0 0 0 0
car 0.0 0 0 7 167 26 179 0 0 0 0 0 0 0
car 0.6 0 0 0 179 6 191 0 0 0 0 0 0 0
car 0.882352941176 0 0 0 184 2 197 0 0 0 0 0 0 0
car 0.0 0 0 42 175 56 188 0 0 0 0 0 0 0
car 0.0 0 0 36 179 49 191 0 0 0 0 0 0 0
car 0.0 0 0 26 186 43 198 0 0 0 0 0 0 0
car 0.0 0 0 20 189 37 203 0 0 0 0 0 0 0
car 0.0 0 0 14 194 31 208 0 0 0 0 0 0 0
car 0.0 0 0 9 201 23 212 0 0 0 0 0 0 0
car 0.0 0 0 2 206 16 219 0 0 0 0 0 0 0
car 0.619047619048 0 0 0 215 8 230 0 0 0 0 0 0 0
car 1.0 0 0 0 221 0 238 0 0 0 0 0 0 0
car 0.0 0 0 95 171 109 182 0 0 0 0 0 0 0
car 0.0 0 0 85 180 99 192 0 0 0 0 0 0 0
car 0.0 0 0 71 190 85 202 0 0 0 0 0 0 0
car 0.0 0 0 52 207 64 217 0 0 0 0 0 0 0
car 0.0 0 0 133 130 146 141 0 0 0 0 0 0 0
car 0.0 0 0 144 117 157 131 0 0 0 0 0 0 0
car 0.0 0 0 155 103 170 118 0 0 0 0 0 0 0
car 0.0 0 0 170 94 181 108 0 0 0 0 0 0 0
car 0.0 0 0 185 83 197 96 0 0 0 0 0 0 0
car 0.0 0 0 195 71 211 87 0 0 0 0 0 0 0
car 0.0 0 0 220 48 237 64 0 0 0 0 0 0 0
car 0.0 0 0 118 139 133 152 0 0 0 0 0 0 0
car 0.0 0 0 23 234 33 245 0 0 0 0 0 0 0
