car 0.0 0 0 338 279 347 287 0 0 0 0 0 0 0
car 0.0 0 0 103 286 117 292 0 0 0 0 0 0 0
car 0.0 0 0 48 291 86 302 0 0 0 0 0 0 0
car 0.0 0 0 40 285 52 294 0 0 0 0 0 0 0
car 0.0 0 0 34 222 50 231 0 0 0 0 0 0 0
car 0.0 0 0 15 216 30 224 0 0 0 0 0 0 0
car 0.0 0 0 107 218 122 231 0 0 0 0 0 0 0
car 0.0 0 0 205 219 223 234 0 0 0 0 0 0 0
car 0.0 0 0 154 213 167 222 0 0 0 0 0 0 0
car 0.0 0 0 158 294 169 303 0 0 0 0 0 0 0
car 0.0 0 0 163 288 176 293 0 0 0 0 0 0 0
car 0.0 0 0 123 210 136 221 0 0 0 0 0 0 0
car 0.0 0 0 118 294 132 303 0 0 0 0 0 0 0
car 0.0 0 0 29 194 43 200 0 0 0 0 0 0 0
car 0.775510204082 0 0 341 263 352 281 0 0 0 0 0 0 0
car 0.0 0 0 22 300 29 306 0 0 0 0 0 0 0
car 0.0 0 0 327 269 338 277 0 0 0 0 0 0 0
