car 0.0 0 0 322 200 329 205 0 0 0 0 0 0 0
car 0.0 0 0 231 191 245 199 0 0 0 0 0 0 0
car 0.0 0 0 35 201 44 206 0 0 0 0 0 0 0
car 0.0 0 0 208 203 224 211 0 0 0 0 0 0 0
car 0.0 0 0 5 189 16 200 0 0 0 0 0 0 0
car 0.0 0 0 305 120 312 125 0 0 0 0 0 0 0
car 0.0 0 0 183 202 194 208 0 0 0 0 0 0 0
car 0.0 0 0 301 97 308 102 0 0 0 0 0 0 0
car 0.0 0 0 87 127 103 138 0 0 0 0 0 0 0
car 0.0 0 0 248 199 289 212 0 0 0 0 0 0 0
car 0.0 0 0 149 188 162 200 0 0 0 0 0 0 0
car 0.0 0 0 248 196 256 203 0 0 0 0 0 0 0
car 0.0 0 0 64 195 78 200 0 0 0 0 0 0 0
car 0.0 0 0 238 127 256 131 0 0 0 0 0 0 0
car 0.0 0 0 267 128 281 139 0 0 0 0 0 0 0
car 0.0 0 0 222 197 235 208 0 0 0 0 0 0 0
