car 0.0 0 0 69 100 107 112 0 0 0 0 0 0 0
car 0.0 0 0 329 189 340 200 0 0 0 0 0 0 0
car 0.0 0 0 283 128 301 139 0 0 0 0 0 0 0
car 0.0 0 0 243 192 266 202 0 0 0 0 0 0 0
car 0.0 0 0 315 122 321 126 0 0 0 0 0 0 0
car 0.0 0 0 283 207 305 215 0 0 0 0 0 0 0
car 0.0 0 0 175 196 189 204 0 0 0 0 0 0 0
car 0.0 0 0 92 207 109 213 0 0 0 0 0 0 0
car 0.0 0 0 202 197 217 205 0 0 0 0 0 0 0
car 0.0 0 0 238 201 245 205 0 0 0 0 0 0 0
car 0.0 0 0 202 126 217 134 0 0 0 0 0 0 0
car 0.0 0 0 81 192 101 199 0 0 0 0 0 0 0
