car 0.0 0 0 312 210 328 224 0 0 0 0 0 0 0
car 0.333333333333 0 0 344 184 352 196 0 0 0 0 0 0 0
car 0.923076923077 0 0 351 204 352 215 0 0 0 0 0 0 0
car 0.0 0 0 269 160 281 170 0 0 0 0 0 0 0
car 0.0 0 0 202 117 217 127 0 0 0 0 0 0 0
car 0.75 0 0 156 349 174 352 0 0 0 0 0 0 0
car 0.0 0 0 51 327 62 337 0 0 0 0 0 0 0
car 0.0 0 0 245 152 260 162 0 0 0 0 0 0 0
car 0.0 0 0 156 139 180 150 0 0 0 0 0 0 0
car 0.0 0 0 64 91 84 106 0 0 0 0 0 0 0
car 0.0 0 0 189 137 203 149 0 0 0 0 0 0 0
car 0.0 0 0 66 44 92 65 0 0 0 0 0 0 0
car 0.0 0 0 154 104 169 119 0 0 0 0 0 0 0
car 0.0 0 0 129 79 137 85 0 0 0 0 0 0 0
car 0.0 0 0 228 134 240 147 0 0 0 0 0 0 0
car 0.0 0 0 147 96 162 104 0 0 0 0 0 0 0
car 0.0 0 0 278 184 290 194 0 0 0 0 0 0 0
