car 0.285714285714 0 0 342 299 352 306 0 0 0 0 0 0 0
car 0.0 0 0 254 306 264 324 0 0 0 0 0 0 0
car 0.0 0 0 281 278 293 285 0 0 0 0 0 0 0
car 0.0 0 0 165 291 179 303 0 0 0 0 0 0 0
car 0.0 0 0 132 270 146 282 0 0 0 0 0 0 0
car 0.0 0 0 100 249 115 262 0 0 0 0 0 0 0
car 0.0 0 0 133 303 149 315 0 0 0 0 0 0 0
car 0.0 0 0 47 208 63 222 0 0 0 0 0 0 0
car 0.0 0 0 63 208 74 219 0 0 0 0 0 0 0
car 0.75 0 0 0 210 4 224 0 0 0 0 0 0 0
car 0.0 0 0 73 230 86 242 0 0 0 0 0 0 0
car 0.0 0 0 20 184 32 196 0 0 0 0 0 0 0
car 0.0 0 0 27 204 40 215 0 0 0 0 0 0 0
car 0.0 0 0 71 253 86 261 0 0 0 0 0 0 0
car 0.0 0 0 203 245 212 252 0 0 0 0 0 0 0
car 0.0 0 0 101 277 114 287 0 0 0 0 0 0 0
car 0.0 0 0 180 343 193 352 0 0 0 0 0 0 0
car 0.0 0 0 264 322 274 336 0 0 0 0 0 0 0
car 0.0 0 0 136 132 143 142 0 0 0 0 0 0 0
car 0.0 0 0 333 287 343 299 0 0 0 0 0 0 0
car 0.0 0 0 233 259 250 270 0 0 0 0 0 0 0
car 0.0 0 0 232 252 244 258 0 0 0 0 0 0 0
car 0.0 0 0 175 306 189 320 0 0 0 0 0 0 0
car 0.0 0 0 124 250 137 261 0 0 0 0 0 0 0
car 0.0 0 0 214 332 226 346 0 0 0 0 0 0 0
car 0.0 0 0 286 255 296 266 0 0 0 0 0 0 0
car 0.0 0 0 249 250 266 266 0 0 0 0 0 0 0
car 0.0 0 0 249 271 265 280 0 0 0 0 0 0 0
