car 0.0 0 0 247 157 260 167 0 0 0 0 0 0 0
car 0.0 0 0 296 85 312 98 0 0 0 0 0 0 0
car 0.0 0 0 289 95 303 105 0 0 0 0 0 0 0
car 0.0 0 0 267 128 279 137 0 0 0 0 0 0 0
car 0.0 0 0 281 107 295 117 0 0 0 0 0 0 0
car 0.0 0 0 223 165 252 179 0 0 0 0 0 0 0
car 0.0 0 0 280 8 297 18 0 0 0 0 0 0 0
car 0.0 0 0 300 16 313 25 0 0 0 0 0 0 0
car 0.0 0 0 182 139 213 156 0 0 0 0 0 0 0
car 0.0 0 0 20 8 31 19 0 0 0 0 0 0 0
car 0.0 0 0 266 0 282 12 0 0 0 0 0 0 0
car 0.0 0 0 317 25 333 36 0 0 0 0 0 0 0
car 0.0 0 0 303 77 316 85 0 0 0 0 0 0 0
car 0.0 0 0 90 102 121 121 0 0 0 0 0 0 0
car 0.0 0 0 272 117 289 127 0 0 0 0 0 0 0
car 0.0 0 0 29 0 42 12 0 0 0 0 0 0 0
car 0.0 0 0 259 138 272 150 0 0 0 0 0 0 0
