car 0.0 0 0 310 45 325 57 0 0 0 0 0 0 0
car 0.0 0 0 238 3 254 17 0 0 0 0 0 0 0
car 0.0909090909091 0 0 332 50 352 71 0 0 0 0 0 0 0
car 0.0 0 0 127 45 137 58 0 0 0 0 0 0 0
car 0.0 0 0 133 49 141 61 0 0 0 0 0 0 0
car 0.0 0 0 113 37 123 50 0 0 0 0 0 0 0
car 0.0 0 0 254 12 269 29 0 0 0 0 0 0 0
car 0.0 0 0 68 38 83 45 0 0 0 0 0 0 0
car 0.0 0 0 261 12 298 38 0 0 0 0 0 0 0
car 0.4 0 0 231 0 243 6 0 0 0 0 0 0 0
car 0.0 0 0 308 34 331 52 0 0 0 0 0 0 0
car 0.0 0 0 138 49 153 63 0 0 0 0 0 0 0
car 0.941176470588 0 0 351 81 352 94 0 0 0 0 0 0 0
