car 0.0 0 0 88 125 102 136 0 0 0 0 0 0 0
car 0.0 0 0 120 160 135 172 0 0 0 0 0 0 0
car 0.0 0 0 54 111 65 121 0 0 0 0 0 0 0
car 0.0 0 0 240 277 271 294 0 0 0 0 0 0 0
car 0.0 0 0 53 99 66 108 0 0 0 0 0 0 0
car 0.0 0 0 101 138 126 155 0 0 0 0 0 0 0
car 0.0 0 0 91 143 105 153 0 0 0 0 0 0 0
car 0.0 0 0 68 124 87 139 0 0 0 0 0 0 0
car 0.0 0 0 50 127 61 135 0 0 0 0 0 0 0
car 0.0 0 0 133 171 144 179 0 0 0 0 0 0 0
car 0.0 0 0 66 109 87 126 0 0 0 0 0 0 0
car 0.0 0 0 324 104 349 133 0 0 0 0 0 0 0
car 0.0 0 0 41 100 54 111 0 0 0 0 0 0 0
car 0.75 0 0 241 349 254 352 0 0 0 0 0 0 0
car 0.0 0 0 147 174 169 189 0 0 0 0 0 0 0
car 0.0 0 0 107 153 119 162 0 0 0 0 0 0 0
car 0.0 0 0 54 139 67 149 0 0 0 0 0 0 0
car 0.0 0 0 188 207 199 216 0 0 0 0 0 0 0
car 0.0 0 0 205 243 215 252 0 0 0 0 0 0 0
car 0.0 0 0 294 284 303 293 0 0 0 0 0 0 0
car 0.0 0 0 173 269 183 278 0 0 0 0 0 0 0
car 0.0 0 0 237 305 251 313 0 0 0 0 0 0 0
car 0.0 0 0 172 256 182 263 0 0 0 0 0 0 0
car 0.0 0 0 204 217 216 228 0 0 0 0 0 0 0
car 0.0 0 0 217 328 229 338 0 0 0 0 0 0 0
car 0.0 0 0 226 314 239 323 0 0 0 0 0 0 0
car 0.0 0 0 209 234 223 245 0 0 0 0 0 0 0
car 0.0 0 0 238 264 250 272 0 0 0 0 0 0 0
car 0.0 0 0 195 226 207 237 0 0 0 0 0 0 0
car 0.0 0 0 212 335 223 344 0 0 0 0 0 0 0
car 0.0 0 0 246 246 258 256 0 0 0 0 0 0 0
car 0.0 0 0 254 275 264 285 0 0 0 0 0 0 0
car 0.0 0 0 227 247 237 256 0 0 0 0 0 0 0
car 0.0 0 0 275 262 285 273 0 0 0 0 0 0 0
car 0.0 0 0 153 284 168 295 0 0 0 0 0 0 0
car 0.0 0 0 253 239 267 251 0 0 0 0 0 0 0
car 0.0 0 0 262 257 272 265 0 0 0 0 0 0 0
car 0.0 0 0 327 296 338 308 0 0 0 0 0 0 0
car 0.0 0 0 221 254 234 262 0 0 0 0 0 0 0
car 0.0 0 0 235 237 243 245 0 0 0 0 0 0 0
car 0.0 0 0 172 230 187 240 0 0 0 0 0 0 0
car 0.0 0 0 225 321 235 329 0 0 0 0 0 0 0
car 0.0 0 0 340 310 352 317 0 0 0 0 0 0 0
