car 0.0 0 0 235 321 252 338 0 0 0 0 0 0 0
car 0.0 0 0 273 15 288 27 0 0 0 0 0 0 0
car 0.888888888889 0 0 274 350 297 352 0 0 0 0 0 0 0
car 0.0 0 0 226 302 240 320 0 0 0 0 0 0 0
car 0.0 0 0 328 53 338 63 0 0 0 0 0 0 0
car 0.0 0 0 219 274 235 294 0 0 0 0 0 0 0
car 0.0 0 0 203 220 220 231 0 0 0 0 0 0 0
car 0.222222222222 0 0 250 338 273 352 0 0 0 0 0 0 0
car 0.272727272727 0 0 344 332 352 343 0 0 0 0 0 0 0
car 0.0 0 0 185 162 201 182 0 0 0 0 0 0 0
car 0.0 0 0 327 6 337 17 0 0 0 0 0 0 0
car 0.0 0 0 295 32 314 42 0 0 0 0 0 0 0
car 0.0 0 0 200 190 213 211 0 0 0 0 0 0 0
