car 0.2 0 0 0 129 12 146 0 0 0 0 0 0 0
car 0.0 0 0 23 138 39 153 0 0 0 0 0 0 0
car 0.0 0 0 39 144 53 161 0 0 0 0 0 0 0
car 0.0 0 0 192 44 205 58 0 0 0 0 0 0 0
car 0.0 0 0 200 49 216 66 0 0 0 0 0 0 0
car 0.0 0 0 255 56 269 74 0 0 0 0 0 0 0
car 0.0 0 0 275 64 288 80 0 0 0 0 0 0 0
car 0.0 0 0 308 48 322 62 0 0 0 0 0 0 0
car 0.0 0 0 302 75 318 88 0 0 0 0 0 0 0
car 0.0 0 0 326 81 336 100 0 0 0 0 0 0 0
car 0.0 0 0 111 238 125 251 0 0 0 0 0 0 0
car 0.0 0 0 79 209 99 219 0 0 0 0 0 0 0
car 1.0 0 0 0 305 0 324 0 0 0 0 0 0 0
car 0.0833333333333 0 0 0 272 11 286 0 0 0 0 0 0 0
