car 0.0 0 0 30 177 46 185 0 0 0 0 0 0 0
car 0.0 0 0 75 168 93 175 0 0 0 0 0 0 0
car 0.0 0 0 85 181 102 188 0 0 0 0 0 0 0
car 0.0 0 0 186 74 197 88 0 0 0 0 0 0 0
car 0.0 0 0 175 74 184 88 0 0 0 0 0 0 0
car 0.25 0 0 146 0 156 12 0 0 0 0 0 0 0
car 0.0 0 0 179 15 193 28 0 0 0 0 0 0 0
car 0.0 0 0 192 19 203 30 0 0 0 0 0 0 0
car 0.0 0 0 107 13 126 25 0 0 0 0 0 0 0
car 0.0 0 0 77 0 95 9 0 0 0 0 0 0 0
car 1.0 0 0 60 0 76 0 0 0 0 0 0 0 0
car 0.272727272727 0 0 26 0 45 8 0 0 0 0 0 0 0
car 0.0 0 0 71 41 81 57 0 0 0 0 0 0 0
car 0.0 0 0 40 33 59 46 0 0 0 0 0 0 0
car 0.0 0 0 40 5 59 16 0 0 0 0 0 0 0
car 0.0 0 0 85 25 102 33 0 0 0 0 0 0 0
car 0.0 0 0 106 32 127 42 0 0 0 0 0 0 0
car 0.0 0 0 162 286 177 301 0 0 0 0 0 0 0
car 0.0 0 0 175 293 186 306 0 0 0 0 0 0 0
car 0.0 0 0 186 295 199 310 0 0 0 0 0 0 0
car 0.0 0 0 198 295 210 310 0 0 0 0 0 0 0
car 0.0 0 0 101 58 111 71 0 0 0 0 0 0 0
car 0.0 0 0 90 54 99 67 0 0 0 0 0 0 0
