car 0.0 0 0 115 1 150 41 0 0 0 0 0 0 0
car 0.0 0 0 72 21 86 32 0 0 0 0 0 0 0
car 0.0 0 0 78 27 93 38 0 0 0 0 0 0 0
car 0.0 0 0 86 33 99 44 0 0 0 0 0 0 0
car 0.0 0 0 93 41 106 49 0 0 0 0 0 0 0
car 0.0 0 0 97 44 112 57 0 0 0 0 0 0 0
car 0.0 0 0 103 51 117 63 0 0 0 0 0 0 0
car 0.0 0 0 108 58 122 68 0 0 0 0 0 0 0
car 0.0 0 0 113 65 130 75 0 0 0 0 0 0 0
car 0.0 0 0 120 69 136 81 0 0 0 0 0 0 0
car 0.0 0 0 125 74 141 86 0 0 0 0 0 0 0
car 0.0 0 0 128 81 146 94 0 0 0 0 0 0 0
car 0.0 0 0 134 87 153 100 0 0 0 0 0 0 0
car 0.0 0 0 140 93 158 107 0 0 0 0 0 0 0
car 0.0 0 0 146 101 164 112 0 0 0 0 0 0 0
car 0.0 0 0 151 104 170 119 0 0 0 0 0 0 0
car 0.0 0 0 158 110 177 124 0 0 0 0 0 0 0
car 0.0 0 0 165 117 182 130 0 0 0 0 0 0 0
car 0.0 0 0 45 45 61 59 0 0 0 0 0 0 0
car 0.0 0 0 58 56 77 68 0 0 0 0 0 0 0
car 0.0 0 0 65 62 83 75 0 0 0 0 0 0 0
car 0.0 0 0 71 67 91 81 0 0 0 0 0 0 0
car 0.0 0 0 87 86 106 99 0 0 0 0 0 0 0
car 0.0 0 0 15 64 33 75 0 0 0 0 0 0 0
car 0.0 0 0 25 71 37 79 0 0 0 0 0 0 0
car 0.0 0 0 36 81 52 92 0 0 0 0 0 0 0
car 0.0 0 0 40 86 56 99 0 0 0 0 0 0 0
car 0.0 0 0 45 93 60 103 0 0 0 0 0 0 0
car 0.0 0 0 52 99 68 111 0 0 0 0 0 0 0
car 0.0 0 0 58 103 74 118 0 0 0 0 0 0 0
car 0.0 0 0 64 110 84 123 0 0 0 0 0 0 0
car 0.0 0 0 70 117 86 129 0 0 0 0 0 0 0
car 0.0 0 0 75 123 94 135 0 0 0 0 0 0 0
car 0.0 0 0 82 129 99 139 0 0 0 0 0 0 0
car 0.0 0 0 88 134 104 147 0 0 0 0 0 0 0
car 0.0 0 0 95 142 110 152 0 0 0 0 0 0 0
car 0.0 0 0 100 149 115 161 0 0 0 0 0 0 0
car 0.0 0 0 8 77 27 88 0 0 0 0 0 0 0
car 0.0 0 0 15 83 31 94 0 0 0 0 0 0 0
car 0.0 0 0 19 89 34 102 0 0 0 0 0 0 0
car 0.0 0 0 26 97 40 108 0 0 0 0 0 0 0
car 0.0 0 0 31 102 47 115 0 0 0 0 0 0 0
car 0.0 0 0 38 106 53 121 0 0 0 0 0 0 0
car 0.0 0 0 45 113 58 126 0 0 0 0 0 0 0
car 0.0 0 0 46 122 64 133 0 0 0 0 0 0 0
car 0.0 0 0 54 126 68 137 0 0 0 0 0 0 0
car 0.0 0 0 62 131 75 142 0 0 0 0 0 0 0
car 0.0 0 0 65 138 83 150 0 0 0 0 0 0 0
car 0.0 0 0 75 145 88 155 0 0 0 0 0 0 0
car 0.0 0 0 81 150 97 161 0 0 0 0 0 0 0
car 0.0 0 0 84 156 100 168 0 0 0 0 0 0 0
car 0.333333333333 0 0 0 70 8 94 0 0 0 0 0 0 0
car 0.0 0 0 229 177 248 192 0 0 0 0 0 0 0
car 0.0 0 0 260 207 276 220 0 0 0 0 0 0 0
car 0.0 0 0 265 212 284 226 0 0 0 0 0 0 0
car 0.0 0 0 274 218 289 230 0 0 0 0 0 0 0
car 0.0 0 0 290 237 308 249 0 0 0 0 0 0 0
car 0.0 0 0 301 248 316 260 0 0 0 0 0 0 0
car 0.0 0 0 309 256 322 266 0 0 0 0 0 0 0
car 0.0 0 0 316 262 332 274 0 0 0 0 0 0 0
car 0.0 0 0 323 269 339 282 0 0 0 0 0 0 0
car 0.0 0 0 329 276 344 289 0 0 0 0 0 0 0
car 0.0 0 0 335 282 349 295 0 0 0 0 0 0 0
car 0.0 0 0 269 282 287 293 0 0 0 0 0 0 0
car 0.0 0 0 278 288 294 300 0 0 0 0 0 0 0
car 0.0 0 0 283 293 300 306 0 0 0 0 0 0 0
car 0.0 0 0 290 301 307 313 0 0 0 0 0 0 0
car 0.0 0 0 293 307 312 320 0 0 0 0 0 0 0
car 0.0 0 0 300 314 317 327 0 0 0 0 0 0 0
car 0.0 0 0 309 321 324 333 0 0 0 0 0 0 0
car 0.0 0 0 313 327 329 341 0 0 0 0 0 0 0
car 0.0 0 0 320 337 337 347 0 0 0 0 0 0 0
car 0.0 0 0 260 324 275 336 0 0 0 0 0 0 0
car 0.0 0 0 246 312 260 324 0 0 0 0 0 0 0
car 0.0 0 0 240 284 253 296 0 0 0 0 0 0 0
car 0.0 0 0 230 265 248 278 0 0 0 0 0 0 0
car 0.0 0 0 227 271 240 285 0 0 0 0 0 0 0
car 0.0 0 0 235 300 251 312 0 0 0 0 0 0 0
car 0.0 0 0 229 293 243 306 0 0 0 0 0 0 0
car 0.0 0 0 222 288 237 300 0 0 0 0 0 0 0
car 0.0 0 0 217 282 232 293 0 0 0 0 0 0 0
car 0.0 0 0 212 276 226 286 0 0 0 0 0 0 0
car 0.0 0 0 223 249 239 262 0 0 0 0 0 0 0
car 0.0 0 0 204 244 219 255 0 0 0 0 0 0 0
car 0.0 0 0 218 254 230 266 0 0 0 0 0 0 0
car 0.0 0 0 211 259 223 269 0 0 0 0 0 0 0
car 0.0 0 0 201 264 215 276 0 0 0 0 0 0 0
car 0.0 0 0 193 269 205 281 0 0 0 0 0 0 0
car 0.0 0 0 194 246 210 259 0 0 0 0 0 0 0
car 0.0 0 0 188 252 202 264 0 0 0 0 0 0 0
car 0.0 0 0 176 261 193 272 0 0 0 0 0 0 0
car 0.0 0 0 168 254 182 266 0 0 0 0 0 0 0
car 0.0 0 0 184 273 200 285 0 0 0 0 0 0 0
car 0.0 0 0 175 277 191 290 0 0 0 0 0 0 0
car 0.0 0 0 168 283 183 294 0 0 0 0 0 0 0
car 0.0 0 0 162 287 176 299 0 0 0 0 0 0 0
car 0.0 0 0 154 290 167 303 0 0 0 0 0 0 0
car 0.0 0 0 143 281 158 293 0 0 0 0 0 0 0
car 0.0 0 0 159 270 173 281 0 0 0 0 0 0 0
car 0.0 0 0 147 295 161 309 0 0 0 0 0 0 0
car 0.0 0 0 139 300 153 311 0 0 0 0 0 0 0
car 0.0 0 0 135 278 150 290 0 0 0 0 0 0 0
car 0.0 0 0 119 288 136 298 0 0 0 0 0 0 0
car 0.0 0 0 127 291 143 304 0 0 0 0 0 0 0
car 0.0 0 0 109 294 122 305 0 0 0 0 0 0 0
car 0.0 0 0 99 297 112 308 0 0 0 0 0 0 0
car 0.0 0 0 91 302 105 314 0 0 0 0 0 0 0
car 0.0 0 0 84 309 97 318 0 0 0 0 0 0 0
car 0.0 0 0 68 316 81 327 0 0 0 0 0 0 0
car 0.0 0 0 62 322 74 331 0 0 0 0 0 0 0
car 0.0 0 0 54 324 68 335 0 0 0 0 0 0 0
car 0.0 0 0 45 328 59 340 0 0 0 0 0 0 0
car 0.0 0 0 62 336 77 351 0 0 0 0 0 0 0
car 0.0 0 0 78 327 93 338 0 0 0 0 0 0 0
car 0.0 0 0 71 334 84 345 0 0 0 0 0 0 0
car 0.0 0 0 94 319 108 329 0 0 0 0 0 0 0
car 0.0 0 0 103 314 116 326 0 0 0 0 0 0 0
car 0.0 0 0 110 310 122 320 0 0 0 0 0 0 0
car 0.0 0 0 191 202 205 214 0 0 0 0 0 0 0
car 0.0 0 0 183 208 198 218 0 0 0 0 0 0 0
car 0.0 0 0 177 210 190 223 0 0 0 0 0 0 0
car 0.0 0 0 158 220 174 233 0 0 0 0 0 0 0
car 0.0 0 0 143 227 158 242 0 0 0 0 0 0 0
car 0.0 0 0 130 236 145 251 0 0 0 0 0 0 0
car 0.0 0 0 116 245 128 256 0 0 0 0 0 0 0
car 0.0 0 0 105 255 114 263 0 0 0 0 0 0 0
car 0.0 0 0 95 258 106 268 0 0 0 0 0 0 0
car 0.0 0 0 87 263 99 273 0 0 0 0 0 0 0
car 0.0 0 0 79 267 90 277 0 0 0 0 0 0 0
car 0.0 0 0 60 273 77 286 0 0 0 0 0 0 0
car 0.0 0 0 49 289 64 299 0 0 0 0 0 0 0
car 0.0 0 0 28 292 47 307 0 0 0 0 0 0 0
car 0.0 0 0 23 297 35 310 0 0 0 0 0 0 0
car 0.0 0 0 15 302 29 317 0 0 0 0 0 0 0
car 0.0 0 0 6 306 20 319 0 0 0 0 0 0 0
car 0.133333333333 0 0 0 311 13 324 0 0 0 0 0 0 0
car 1.0 0 0 0 315 0 327 0 0 0 0 0 0 0
