car 0.352941176471 0 0 0 26 11 37 0 0 0 0 0 0 0
car 0.0625 0 0 0 32 15 44 0 0 0 0 0 0 0
car 0.0 0 0 5 38 20 50 0 0 0 0 0 0 0
car 0.0769230769231 0 0 0 51 12 64 0 0 0 0 0 0 0
car 0.0 0 0 17 52 30 60 0 0 0 0 0 0 0
car 0.0 0 0 21 55 39 68 0 0 0 0 0 0 0
car 0.0 0 0 26 60 45 75 0 0 0 0 0 0 0
car 0.0 0 0 31 67 51 81 0 0 0 0 0 0 0
car 0.0 0 0 42 76 55 85 0 0 0 0 0 0 0
car 0.0 0 0 48 80 63 91 0 0 0 0 0 0 0
car 0.0 0 0 52 86 68 98 0 0 0 0 0 0 0
car 0.0 0 0 35 87 50 99 0 0 0 0 0 0 0
car 0.0 0 0 38 96 53 106 0 0 0 0 0 0 0
car 0.0 0 0 46 99 62 108 0 0 0 0 0 0 0
car 0.0 0 0 49 107 65 121 0 0 0 0 0 0 0
car 0.0 0 0 72 101 88 115 0 0 0 0 0 0 0
car 0.0 0 0 57 114 71 125 0 0 0 0 0 0 0
car 0.0 0 0 115 119 128 131 0 0 0 0 0 0 0
car 0.0 0 0 151 122 166 136 0 0 0 0 0 0 0
car 0.0 0 0 63 47 84 59 0 0 0 0 0 0 0
car 0.0 0 0 76 59 94 72 0 0 0 0 0 0 0
car 0.0 0 0 81 65 99 77 0 0 0 0 0 0 0
car 0.0 0 0 134 131 147 143 0 0 0 0 0 0 0
car 0.0 0 0 95 75 109 89 0 0 0 0 0 0 0
car 0.0 0 0 134 290 151 308 0 0 0 0 0 0 0
