car 0.0 0 0 94 137 127 170 0 0 0 0 0 0 0
car 0.0 0 0 79 143 118 178 0 0 0 0 0 0 0
car 0.0 0 0 124 171 162 203 0 0 0 0 0 0 0
car 0.0 0 0 99 182 135 216 0 0 0 0 0 0 0
car 0.0 0 0 199 222 231 241 0 0 0 0 0 0 0
car 0.0 0 0 247 205 273 223 0 0 0 0 0 0 0
car 0.0 0 0 158 245 174 258 0 0 0 0 0 0 0
car 0.0 0 0 187 182 202 196 0 0 0 0 0 0 0
car 0.0 0 0 198 176 215 191 0 0 0 0 0 0 0
car 0.0 0 0 213 172 230 186 0 0 0 0 0 0 0
car 0.0 0 0 227 159 241 173 0 0 0 0 0 0 0
car 0.0 0 0 180 187 193 198 0 0 0 0 0 0 0
car 0.0 0 0 107 98 140 115 0 0 0 0 0 0 0
car 0.0 0 0 109 111 133 126 0 0 0 0 0 0 0
car 0.0 0 0 107 89 124 100 0 0 0 0 0 0 0
car 0.0 0 0 80 48 121 78 0 0 0 0 0 0 0
