car 0.0 0 0 155 21 166 39 0 0 0 0 0 0 0
car 0.0 0 0 145 21 153 35 0 0 0 0 0 0 0
car 0.0 0 0 132 20 142 36 0 0 0 0 0 0 0
car 0.0 0 0 122 18 132 31 0 0 0 0 0 0 0
car 0.0 0 0 89 7 99 23 0 0 0 0 0 0 0
car 0.0 0 0 100 10 109 26 0 0 0 0 0 0 0
car 0.0 0 0 67 4 75 18 0 0 0 0 0 0 0
car 0.0 0 0 56 1 64 16 0 0 0 0 0 0 0
car 0.0 0 0 55 22 72 31 0 0 0 0 0 0 0
car 0.0 0 0 42 4 54 18 0 0 0 0 0 0 0
car 0.0 0 0 22 9 34 24 0 0 0 0 0 0 0
car 0.0 0 0 12 15 23 29 0 0 0 0 0 0 0
car 0.0 0 0 33 61 44 78 0 0 0 0 0 0 0
car 0.0 0 0 8 65 17 80 0 0 0 0 0 0 0
car 0.0 0 0 46 61 55 76 0 0 0 0 0 0 0
car 0.0 0 0 57 61 66 74 0 0 0 0 0 0 0
car 0.0 0 0 67 60 77 73 0 0 0 0 0 0 0
car 0.0 0 0 79 58 89 72 0 0 0 0 0 0 0
car 0.0 0 0 101 78 117 89 0 0 0 0 0 0 0
car 0.0 0 0 102 88 118 96 0 0 0 0 0 0 0
car 0.0 0 0 137 92 158 105 0 0 0 0 0 0 0
car 0.0 0 0 141 110 159 120 0 0 0 0 0 0 0
car 0.0 0 0 104 116 123 125 0 0 0 0 0 0 0
car 0.0 0 0 107 108 122 115 0 0 0 0 0 0 0
car 0.0 0 0 108 128 128 137 0 0 0 0 0 0 0
car 0.0 0 0 112 136 127 143 0 0 0 0 0 0 0
car 0.0 0 0 113 142 132 153 0 0 0 0 0 0 0
car 0.0 0 0 148 155 168 163 0 0 0 0 0 0 0
car 0.0 0 0 120 175 138 183 0 0 0 0 0 0 0
car 0.0 0 0 153 172 171 180 0 0 0 0 0 0 0
car 0.0 0 0 152 180 171 189 0 0 0 0 0 0 0
car 0.0 0 0 155 190 173 197 0 0 0 0 0 0 0
car 0.0 0 0 119 186 136 193 0 0 0 0 0 0 0
car 0.0 0 0 122 200 138 210 0 0 0 0 0 0 0
car 0.0 0 0 157 207 176 216 0 0 0 0 0 0 0
car 0.0 0 0 125 210 147 219 0 0 0 0 0 0 0
car 0.0 0 0 127 227 144 235 0 0 0 0 0 0 0
car 0.0 0 0 158 216 178 225 0 0 0 0 0 0 0
car 0.0 0 0 162 233 182 242 0 0 0 0 0 0 0
car 0.0 0 0 174 276 186 292 0 0 0 0 0 0 0
car 0.0 0 0 287 256 298 271 0 0 0 0 0 0 0
car 0.0 0 0 195 322 214 328 0 0 0 0 0 0 0
car 0.0 0 0 174 322 194 329 0 0 0 0 0 0 0
car 0.0 0 0 313 167 324 181 0 0 0 0 0 0 0
