car 0.894736842105 0 0 350 321 352 332 0 0 0 0 0 0 0
car 0.0 0 0 51 25 64 43 0 0 0 0 0 0 0
car 0.0 0 0 209 36 228 52 0 0 0 0 0 0 0
car 0.0 0 0 223 40 238 56 0 0 0 0 0 0 0
car 0.0 0 0 279 39 297 47 0 0 0 0 0 0 0
car 0.0 0 0 298 48 314 56 0 0 0 0 0 0 0
car 0.0 0 0 244 51 255 63 0 0 0 0 0 0 0
car 0.0 0 0 271 67 285 79 0 0 0 0 0 0 0
car 0.0 0 0 257 58 271 72 0 0 0 0 0 0 0
car 0.0 0 0 317 74 332 86 0 0 0 0 0 0 0
car 0.95 0 0 351 78 352 87 0 0 0 0 0 0 0
car 0.454545454545 0 0 346 108 352 122 0 0 0 0 0 0 0
car 0.0 0 0 194 192 204 208 0 0 0 0 0 0 0
car 0.0 0 0 205 195 215 209 0 0 0 0 0 0 0
car 0.0 0 0 218 203 236 213 0 0 0 0 0 0 0
car 0.0 0 0 209 233 228 243 0 0 0 0 0 0 0
car 0.0 0 0 221 240 240 249 0 0 0 0 0 0 0
car 0.0 0 0 230 262 245 271 0 0 0 0 0 0 0
car 0.0 0 0 243 267 258 275 0 0 0 0 0 0 0
car 0.0 0 0 257 277 275 288 0 0 0 0 0 0 0
car 0.0 0 0 188 268 201 283 0 0 0 0 0 0 0
car 0.0 0 0 241 299 259 311 0 0 0 0 0 0 0
car 0.0 0 0 335 291 350 299 0 0 0 0 0 0 0
car 0.5 0 0 344 294 352 306 0 0 0 0 0 0 0
car 1.0 0 0 0 167 0 181 0 0 0 0 0 0 0
