car 0.0 0 0 146 320 156 336 0 0 0 0 0 0 0
car 0.0 0 0 179 339 193 352 0 0 0 0 0 0 0
car 0.181818181818 0 0 192 343 203 352 0 0 0 0 0 0 0
car 0.0 0 0 107 337 126 349 0 0 0 0 0 0 0
car 0.0 0 0 77 324 95 333 0 0 0 0 0 0 0
car 0.0 0 0 60 314 76 324 0 0 0 0 0 0 0
car 0.0 0 0 39 303 55 316 0 0 0 0 0 0 0
car 0.0 0 0 26 321 45 332 0 0 0 0 0 0 0
car 0.466666666667 0 0 0 74 8 86 0 0 0 0 0 0 0
car 0.0 0 0 27 78 47 87 0 0 0 0 0 0 0
car 0.0 0 0 22 108 33 122 0 0 0 0 0 0 0
car 0.0 0 0 32 113 44 125 0 0 0 0 0 0 0
car 0.0 0 0 129 130 145 140 0 0 0 0 0 0 0
car 0.0 0 0 144 136 159 144 0 0 0 0 0 0 0
car 0.0 0 0 136 164 148 178 0 0 0 0 0 0 0
car 0.0 0 0 146 168 158 182 0 0 0 0 0 0 0
car 0.0 0 0 224 172 241 182 0 0 0 0 0 0 0
car 0.0 0 0 238 178 254 188 0 0 0 0 0 0 0
car 0.0 0 0 250 185 268 194 0 0 0 0 0 0 0
car 0.0 0 0 263 190 280 199 0 0 0 0 0 0 0
car 0.0 0 0 238 213 251 228 0 0 0 0 0 0 0
car 0.0 0 0 248 219 260 234 0 0 0 0 0 0 0
car 0.0 0 0 294 205 311 213 0 0 0 0 0 0 0
car 0.0 0 0 324 219 344 228 0 0 0 0 0 0 0
car 0.0 0 0 307 243 322 258 0 0 0 0 0 0 0
car 0.0 0 0 273 229 285 242 0 0 0 0 0 0 0
car 0.0 0 0 40 329 59 340 0 0 0 0 0 0 0
car 0.625 0 0 85 349 102 352 0 0 0 0 0 0 0
car 0.0 0 0 11 291 26 299 0 0 0 0 0 0 0
car 0.0 0 0 20 294 36 306 0 0 0 0 0 0 0
