car 0.0 0 0 32 275 78 286 0 0 0 0 0 0 0
car 0.0 0 0 341 153 350 165 0 0 0 0 0 0 0
car 0.0 0 0 226 206 236 220 0 0 0 0 0 0 0
car 0.0 0 0 261 208 270 220 0 0 0 0 0 0 0
car 0.0 0 0 282 228 298 237 0 0 0 0 0 0 0
car 0.0 0 0 310 221 325 229 0 0 0 0 0 0 0
car 0.0 0 0 176 211 185 226 0 0 0 0 0 0 0
car 0.533333333333 0 0 115 0 125 7 0 0 0 0 0 0 0
car 0.0 0 0 110 13 120 28 0 0 0 0 0 0 0
car 0.0 0 0 102 43 110 58 0 0 0 0 0 0 0
car 0.0 0 0 61 122 71 136 0 0 0 0 0 0 0
car 0.0 0 0 57 134 63 149 0 0 0 0 0 0 0
car 0.0 0 0 69 171 82 185 0 0 0 0 0 0 0
car 0.0 0 0 43 193 52 207 0 0 0 0 0 0 0
car 0.0 0 0 64 191 75 207 0 0 0 0 0 0 0
car 0.0 0 0 90 94 97 106 0 0 0 0 0 0 0
car 0.0 0 0 97 197 105 209 0 0 0 0 0 0 0
car 0.0 0 0 297 309 308 323 0 0 0 0 0 0 0
car 0.0 0 0 295 322 303 338 0 0 0 0 0 0 0
car 0.0 0 0 267 312 276 327 0 0 0 0 0 0 0
car 0.0833333333333 0 0 292 341 300 352 0 0 0 0 0 0 0
car 0.0 0 0 270 327 277 341 0 0 0 0 0 0 0
car 0.0 0 0 99 270 118 279 0 0 0 0 0 0 0
car 0.0 0 0 180 289 194 296 0 0 0 0 0 0 0
car 0.0 0 0 201 290 220 298 0 0 0 0 0 0 0
car 0.0 0 0 187 316 202 323 0 0 0 0 0 0 0
car 0.0 0 0 19 301 26 314 0 0 0 0 0 0 0
car 0.0 0 0 26 312 36 324 0 0 0 0 0 0 0
