car 0.0 0 0 0 197 15 209 0 0 0 0 0 0 0
car 0.0 0 0 12 205 32 215 0 0 0 0 0 0 0
car 0.0 0 0 37 214 55 224 0 0 0 0 0 0 0
car 0.0 0 0 171 264 193 276 0 0 0 0 0 0 0
car 0.0 0 0 76 237 97 244 0 0 0 0 0 0 0
car 0.0 0 0 78 216 95 230 0 0 0 0 0 0 0
car 0.692307692308 0 0 348 270 352 283 0 0 0 0 0 0 0
car 0.0 0 0 331 274 344 284 0 0 0 0 0 0 0
car 0.0 0 0 321 285 335 300 0 0 0 0 0 0 0
car 0.0 0 0 224 113 245 127 0 0 0 0 0 0 0
car 0.0 0 0 209 128 228 137 0 0 0 0 0 0 0
car 0.0 0 0 319 112 332 126 0 0 0 0 0 0 0
car 0.0 0 0 329 114 342 128 0 0 0 0 0 0 0
car 0.0 0 0 338 117 350 131 0 0 0 0 0 0 0
car 0.5625 0 0 345 121 352 136 0 0 0 0 0 0 0
car 0.0 0 0 221 150 238 160 0 0 0 0 0 0 0
car 0.0 0 0 120 123 132 136 0 0 0 0 0 0 0
car 0.0 0 0 62 111 79 119 0 0 0 0 0 0 0
car 0.0 0 0 73 94 92 106 0 0 0 0 0 0 0
car 0.0 0 0 98 66 117 77 0 0 0 0 0 0 0
car 0.0 0 0 2 74 20 84 0 0 0 0 0 0 0
car 0.0 0 0 88 11 104 21 0 0 0 0 0 0 0
car 0.0 0 0 0 37 20 47 0 0 0 0 0 0 0
car 0.0 0 0 80 35 100 44 0 0 0 0 0 0 0
car 0.0 0 0 339 12 347 27 0 0 0 0 0 0 0
car 0.1875 0 0 326 54 352 70 0 0 0 0 0 0 0
car 0.0 0 0 335 33 346 40 0 0 0 0 0 0 0
car 0.0 0 0 324 43 345 51 0 0 0 0 0 0 0
car 0.916666666667 0 0 350 91 352 102 0 0 0 0 0 0 0
