car 1.0 0 0 0 194 0 217 0 0 0 0 0 0 0
car 0.0 0 0 164 57 183 64 0 0 0 0 0 0 0
car 0.0 0 0 292 285 312 292 0 0 0 0 0 0 0
car 0.0 0 0 322 284 344 291 0 0 0 0 0 0 0
car 0.0 0 0 307 301 328 307 0 0 0 0 0 0 0
car 0.0 0 0 215 312 235 318 0 0 0 0 0 0 0
car 1.0 0 0 243 0 251 0 0 0 0 0 0 0 0
car 0.0 0 0 241 11 252 26 0 0 0 0 0 0 0
car 0.0 0 0 12 317 29 324 0 0 0 0 0 0 0
car 0.0 0 0 42 313 61 325 0 0 0 0 0 0 0
car 0.0 0 0 100 312 119 322 0 0 0 0 0 0 0
car 0.0 0 0 194 311 213 321 0 0 0 0 0 0 0
car 0.0 0 0 156 287 175 297 0 0 0 0 0 0 0
car 0.0 0 0 131 287 154 298 0 0 0 0 0 0 0
car 0.0 0 0 182 289 202 298 0 0 0 0 0 0 0
car 0.0 0 0 9 199 18 212 0 0 0 0 0 0 0
car 0.0 0 0 45 63 64 71 0 0 0 0 0 0 0
car 0.0 0 0 40 154 59 164 0 0 0 0 0 0 0
car 0.0 0 0 44 107 64 113 0 0 0 0 0 0 0
car 0.0 0 0 42 142 60 150 0 0 0 0 0 0 0
car 0.0 0 0 0 85 16 92 0 0 0 0 0 0 0
car 0.2 0 0 0 136 12 142 0 0 0 0 0 0 0
car 0.0 0 0 93 152 102 170 0 0 0 0 0 0 0
car 0.947368421053 0 0 0 86 1 93 0 0 0 0 0 0 0
car 0.0 0 0 22 200 32 212 0 0 0 0 0 0 0
car 0.0 0 0 1 48 19 56 0 0 0 0 0 0 0
car 0.0 0 0 0 120 16 126 0 0 0 0 0 0 0
car 0.0 0 0 97 118 104 130 0 0 0 0 0 0 0
car 0.0 0 0 44 250 59 257 0 0 0 0 0 0 0
car 0.0 0 0 99 69 106 83 0 0 0 0 0 0 0
car 0.952380952381 0 0 0 78 1 85 0 0 0 0 0 0 0
car 0.0 0 0 99 51 108 63 0 0 0 0 0 0 0
car 0.0 0 0 42 258 61 264 0 0 0 0 0 0 0
car 0.0 0 0 44 120 62 126 0 0 0 0 0 0 0
car 0.05 0 0 0 100 19 107 0 0 0 0 0 0 0
car 0.0 0 0 45 55 64 62 0 0 0 0 0 0 0
car 0.0 0 0 99 31 110 47 0 0 0 0 0 0 0
car 0.0 0 0 43 113 61 120 0 0 0 0 0 0 0
car 0.0 0 0 43 267 60 273 0 0 0 0 0 0 0
car 0.947368421053 0 0 0 70 1 79 0 0 0 0 0 0 0
car 0.238095238095 0 0 0 155 16 165 0 0 0 0 0 0 0
car 0.0 0 0 39 165 61 173 0 0 0 0 0 0 0
car 0.0 0 0 46 204 61 211 0 0 0 0 0 0 0
car 0.2 0 0 0 92 16 99 0 0 0 0 0 0 0
car 0.0 0 0 101 15 112 27 0 0 0 0 0 0 0
car 0.0 0 0 48 212 63 218 0 0 0 0 0 0 0
car 0.0 0 0 1 61 20 71 0 0 0 0 0 0 0
car 0.0 0 0 45 227 63 234 0 0 0 0 0 0 0
car 0.0 0 0 78 49 88 62 0 0 0 0 0 0 0
car 0.352941176471 0 0 0 140 11 149 0 0 0 0 0 0 0
car 0.0 0 0 95 100 104 113 0 0 0 0 0 0 0
car 0.0 0 0 43 76 62 86 0 0 0 0 0 0 0
car 0.0 0 0 43 243 60 250 0 0 0 0 0 0 0
car 0.0 0 0 41 275 61 281 0 0 0 0 0 0 0
car 0.0 0 0 40 132 57 143 0 0 0 0 0 0 0
car 1.0 0 0 0 101 0 107 0 0 0 0 0 0 0
car 0.0 0 0 42 91 61 100 0 0 0 0 0 0 0
car 0.0 0 0 44 236 62 242 0 0 0 0 0 0 0
car 0.0 0 0 1 54 18 64 0 0 0 0 0 0 0
car 0.0 0 0 2 76 24 87 0 0 0 0 0 0 0
car 0.0625 0 0 0 106 15 113 0 0 0 0 0 0 0
car 0.0 0 0 0 28 21 35 0 0 0 0 0 0 0
car 0.0 0 0 3 69 18 76 0 0 0 0 0 0 0
car 0.0 0 0 42 101 60 109 0 0 0 0 0 0 0
car 0.4 0 0 102 0 114 9 0 0 0 0 0 0 0
car 0.0 0 0 44 220 65 227 0 0 0 0 0 0 0
car 0.0 0 0 40 127 58 134 0 0 0 0 0 0 0
car 0.0 0 0 96 87 106 100 0 0 0 0 0 0 0
car 0.95 0 0 0 63 1 70 0 0 0 0 0 0 0
car 0.235294117647 0 0 0 127 13 134 0 0 0 0 0 0 0
car 0.727272727273 0 0 0 270 3 281 0 0 0 0 0 0 0
car 0.0 0 0 0 110 16 119 0 0 0 0 0 0 0
