car 0.0 0 0 90 147 99 159 0 0 0 0 0 0 0
car 0.0 0 0 111 78 120 92 0 0 0 0 0 0 0
car 0.0 0 0 115 59 126 74 0 0 0 0 0 0 0
car 0.0 0 0 127 17 138 32 0 0 0 0 0 0 0
car 0.0769230769231 0 0 133 0 144 12 0 0 0 0 0 0 0
car 0.0 0 0 99 113 114 128 0 0 0 0 0 0 0
car 0.0 0 0 12 23 25 38 0 0 0 0 0 0 0
car 0.0 0 0 161 260 188 272 0 0 0 0 0 0 0
car 0.0 0 0 133 259 160 270 0 0 0 0 0 0 0
car 0.0 0 0 76 329 88 347 0 0 0 0 0 0 0
car 0.875 0 0 78 350 88 352 0 0 0 0 0 0 0
car 0.0 0 0 343 301 350 314 0 0 0 0 0 0 0
car 0.8 0 0 350 312 352 324 0 0 0 0 0 0 0
car 0.0 0 0 283 254 302 261 0 0 0 0 0 0 0
car 0.0 0 0 5 297 17 309 0 0 0 0 0 0 0
car 0.0 0 0 1 307 10 324 0 0 0 0 0 0 0
car 0.8125 0 0 12 349 27 352 0 0 0 0 0 0 0
