car 0.444444444444 0 0 0 122 5 135 0 0 0 0 0 0 0
car 0.0 0 0 8 124 17 141 0 0 0 0 0 0 0
car 0.0 0 0 18 128 27 143 0 0 0 0 0 0 0
car 0.0 0 0 29 135 43 151 0 0 0 0 0 0 0
car 0.0 0 0 68 143 81 164 0 0 0 0 0 0 0
car 0.0 0 0 80 148 93 164 0 0 0 0 0 0 0
car 0.823529411765 0 0 0 191 3 213 0 0 0 0 0 0 0
car 0.0 0 0 2 195 15 213 0 0 0 0 0 0 0
car 0.0 0 0 68 230 79 243 0 0 0 0 0 0 0
car 0.0 0 0 105 229 118 241 0 0 0 0 0 0 0
car 0.666666666667 0 0 256 0 276 3 0 0 0 0 0 0 0
car 0.0 0 0 319 181 340 191 0 0 0 0 0 0 0
car 0.0 0 0 316 194 333 201 0 0 0 0 0 0 0
car 0.0 0 0 283 181 302 191 0 0 0 0 0 0 0
car 0.0 0 0 315 202 332 210 0 0 0 0 0 0 0
car 0.428571428571 0 0 344 194 352 208 0 0 0 0 0 0 0
car 0.0 0 0 232 180 243 193 0 0 0 0 0 0 0
car 0.0 0 0 250 185 261 198 0 0 0 0 0 0 0
car 0.0 0 0 204 171 217 183 0 0 0 0 0 0 0
car 0.0 0 0 198 167 210 177 0 0 0 0 0 0 0
car 0.0 0 0 181 152 194 167 0 0 0 0 0 0 0
car 0.0 0 0 99 153 113 166 0 0 0 0 0 0 0
car 0.0 0 0 103 201 130 219 0 0 0 0 0 0 0
car 0.0 0 0 277 188 295 198 0 0 0 0 0 0 0
car 0.0 0 0 320 283 334 298 0 0 0 0 0 0 0
car 0.0 0 0 316 298 329 312 0 0 0 0 0 0 0
car 0.0 0 0 256 332 273 340 0 0 0 0 0 0 0
car 0.0 0 0 289 309 303 322 0 0 0 0 0 0 0
car 0.666666666667 0 0 6 347 20 352 0 0 0 0 0 0 0
