car 0.0 0 0 324 58 341 69 0 0 0 0 0 0 0
car 0.0 0 0 194 92 211 109 0 0 0 0 0 0 0
car 0.0 0 0 169 53 184 63 0 0 0 0 0 0 0
car 0.0555555555556 0 0 335 106 352 115 0 0 0 0 0 0 0
car 0.0 0 0 317 174 325 186 0 0 0 0 0 0 0
car 0.0 0 0 282 209 292 230 0 0 0 0 0 0 0
car 0.0 0 0 292 228 320 238 0 0 0 0 0 0 0
car 0.375 0 0 337 227 352 237 0 0 0 0 0 0 0
car 0.0 0 0 317 277 337 285 0 0 0 0 0 0 0
car 0.588235294118 0 0 345 277 352 285 0 0 0 0 0 0 0
car 0.222222222222 0 0 338 298 352 305 0 0 0 0 0 0 0
car 0.0 0 0 186 270 195 285 0 0 0 0 0 0 0
car 0.0 0 0 188 254 196 269 0 0 0 0 0 0 0
car 0.0 0 0 316 268 332 278 0 0 0 0 0 0 0
car 0.0 0 0 216 106 228 118 0 0 0 0 0 0 0
car 0.5 0 0 124 348 142 352 0 0 0 0 0 0 0
car 0.0 0 0 161 278 171 291 0 0 0 0 0 0 0
car 0.0 0 0 240 343 257 349 0 0 0 0 0 0 0
car 0.0 0 0 207 155 218 166 0 0 0 0 0 0 0
car 0.0 0 0 315 344 334 350 0 0 0 0 0 0 0
car 0.0 0 0 193 219 204 234 0 0 0 0 0 0 0
car 0.0 0 0 202 174 213 187 0 0 0 0 0 0 0
car 0.0 0 0 199 340 214 348 0 0 0 0 0 0 0
car 0.0 0 0 201 188 209 203 0 0 0 0 0 0 0
car 0.0 0 0 287 341 307 350 0 0 0 0 0 0 0
car 0.0 0 0 209 134 221 147 0 0 0 0 0 0 0
car 0.0 0 0 193 233 199 248 0 0 0 0 0 0 0
car 0.0 0 0 183 340 202 347 0 0 0 0 0 0 0
car 0.0 0 0 219 340 236 347 0 0 0 0 0 0 0
car 0.0 0 0 155 301 165 319 0 0 0 0 0 0 0
car 0.0 0 0 264 341 282 349 0 0 0 0 0 0 0
car 0.0 0 0 214 117 225 130 0 0 0 0 0 0 0
car 0.0 0 0 201 117 212 134 0 0 0 0 0 0 0
