car 0.0 0 0 339 169 348 182 0 0 0 0 0 0 0
car 0.636363636364 0 0 348 196 352 212 0 0 0 0 0 0 0
car 0.727272727273 0 0 349 277 352 292 0 0 0 0 0 0 0
car 0.0 0 0 90 209 99 227 0 0 0 0 0 0 0
car 0.0 0 0 80 273 89 287 0 0 0 0 0 0 0
car 0.0 0 0 78 287 90 301 0 0 0 0 0 0 0
car 0.0 0 0 78 303 88 319 0 0 0 0 0 0 0
car 0.0 0 0 55 225 76 235 0 0 0 0 0 0 0
car 0.0 0 0 45 244 65 251 0 0 0 0 0 0 0
car 0.0 0 0 47 235 64 242 0 0 0 0 0 0 0
car 0.0 0 0 76 5 88 23 0 0 0 0 0 0 0
car 0.0 0 0 78 26 88 42 0 0 0 0 0 0 0
car 0.0 0 0 80 80 89 97 0 0 0 0 0 0 0
car 0.0 0 0 326 31 335 47 0 0 0 0 0 0 0
car 0.0 0 0 334 32 342 45 0 0 0 0 0 0 0
car 1.0 0 0 350 0 352 0 0 0 0 0 0 0 0
car 1.0 0 0 1 0 10 0 0 0 0 0 0 0 0
car 0.0 0 0 12 25 27 41 0 0 0 0 0 0 0
car 0.0 0 0 8 68 17 82 0 0 0 0 0 0 0
