car 0.0 0 0 262 12 275 26 0 0 0 0 0 0 0
car 0.266666666667 0 0 127 341 138 352 0 0 0 0 0 0 0
car 0.0 0 0 133 323 144 336 0 0 0 0 0 0 0
car 0.0 0 0 136 307 150 323 0 0 0 0 0 0 0
car 0.0 0 0 152 264 161 278 0 0 0 0 0 0 0
car 0.0 0 0 156 248 168 261 0 0 0 0 0 0 0
car 0.0 0 0 160 231 171 246 0 0 0 0 0 0 0
car 0.0 0 0 168 219 178 233 0 0 0 0 0 0 0
car 0.0 0 0 176 200 188 215 0 0 0 0 0 0 0
car 0.0 0 0 184 184 196 198 0 0 0 0 0 0 0
car 0.0 0 0 193 167 204 180 0 0 0 0 0 0 0
car 0.0 0 0 200 152 210 167 0 0 0 0 0 0 0
car 0.0 0 0 207 136 221 149 0 0 0 0 0 0 0
car 0.0 0 0 221 113 229 124 0 0 0 0 0 0 0
car 0.0 0 0 214 122 226 137 0 0 0 0 0 0 0
car 0.0 0 0 92 74 116 83 0 0 0 0 0 0 0
car 0.0 0 0 127 80 149 88 0 0 0 0 0 0 0
car 0.0 0 0 168 83 185 92 0 0 0 0 0 0 0
car 0.0 0 0 281 94 298 105 0 0 0 0 0 0 0
car 0.0 0 0 303 88 331 103 0 0 0 0 0 0 0
car 0.0 0 0 317 83 339 92 0 0 0 0 0 0 0
car 0.470588235294 0 0 343 87 352 96 0 0 0 0 0 0 0
car 0.666666666667 0 0 12 347 25 352 0 0 0 0 0 0 0
car 0.0 0 0 27 118 42 139 0 0 0 0 0 0 0
car 0.0 0 0 25 141 34 155 0 0 0 0 0 0 0
car 0.0 0 0 16 183 26 198 0 0 0 0 0 0 0
car 0.0 0 0 9 224 18 238 0 0 0 0 0 0 0
car 0.6 0 0 0 269 6 275 0 0 0 0 0 0 0
car 0.0 0 0 41 43 51 59 0 0 0 0 0 0 0
car 0.0 0 0 52 52 62 67 0 0 0 0 0 0 0
car 0.0 0 0 109 52 136 62 0 0 0 0 0 0 0
car 0.0 0 0 81 6 93 21 0 0 0 0 0 0 0
car 0.0 0 0 79 20 89 37 0 0 0 0 0 0 0
car 0.0 0 0 43 15 54 34 0 0 0 0 0 0 0
