car 0.0 0 0 281 300 297 314 0 0 0 0 0 0 0
car 0.4 0 0 248 346 277 352 0 0 0 0 0 0 0
car 0.263157894737 0 0 42 0 69 14 0 0 0 0 0 0 0
car 0.0 0 0 265 272 292 281 0 0 0 0 0 0 0
car 0.25 0 0 220 0 235 12 0 0 0 0 0 0 0
car 0.0 0 0 235 1 249 15 0 0 0 0 0 0 0
car 0.0 0 0 249 6 262 18 0 0 0 0 0 0 0
car 0.0 0 0 69 86 80 104 0 0 0 0 0 0 0
car 0.0 0 0 51 162 64 177 0 0 0 0 0 0 0
car 0.238095238095 0 0 0 181 16 191 0 0 0 0 0 0 0
car 0.470588235294 0 0 0 194 9 201 0 0 0 0 0 0 0
car 0.529411764706 0 0 0 202 8 210 0 0 0 0 0 0 0
car 0.0 0 0 20 194 34 208 0 0 0 0 0 0 0
car 0.285714285714 0 0 0 283 10 298 0 0 0 0 0 0 0
car 0.615384615385 0 0 0 298 5 312 0 0 0 0 0 0 0
car 0.0 0 0 180 260 197 267 0 0 0 0 0 0 0
car 0.0 0 0 243 271 260 282 0 0 0 0 0 0 0
car 0.0 0 0 286 288 305 297 0 0 0 0 0 0 0
car 0.0 0 0 319 279 329 296 0 0 0 0 0 0 0
car 0.0 0 0 331 281 340 296 0 0 0 0 0 0 0
car 0.0 0 0 342 283 349 296 0 0 0 0 0 0 0
car 0.0 0 0 328 327 351 338 0 0 0 0 0 0 0
car 0.0 0 0 251 340 270 346 0 0 0 0 0 0 0
car 0.0 0 0 112 330 132 338 0 0 0 0 0 0 0
car 0.0 0 0 109 339 129 346 0 0 0 0 0 0 0
car 0.285714285714 0 0 112 347 132 352 0 0 0 0 0 0 0
