car 0.0 0 0 95 42 109 61 0 0 0 0 0 0 0
car 0.0 0 0 248 22 277 32 0 0 0 0 0 0 0
car 0.0 0 0 328 3 351 14 0 0 0 0 0 0 0
car 0.0 0 0 251 16 270 22 0 0 0 0 0 0 0
car 0.0 0 0 112 6 132 14 0 0 0 0 0 0 0
car 0.0 0 0 109 15 129 22 0 0 0 0 0 0 0
car 0.0 0 0 112 23 132 30 0 0 0 0 0 0 0
car 0.0 0 0 108 37 129 46 0 0 0 0 0 0 0
car 0.0 0 0 71 54 80 67 0 0 0 0 0 0 0
car 0.0 0 0 103 72 114 90 0 0 0 0 0 0 0
car 0.0 0 0 245 66 254 80 0 0 0 0 0 0 0
car 0.0 0 0 95 100 116 108 0 0 0 0 0 0 0
car 0.0 0 0 262 95 269 110 0 0 0 0 0 0 0
car 0.0 0 0 254 140 264 155 0 0 0 0 0 0 0
car 0.0 0 0 223 191 233 206 0 0 0 0 0 0 0
car 0.0 0 0 213 240 220 252 0 0 0 0 0 0 0
car 0.0 0 0 209 255 217 269 0 0 0 0 0 0 0
car 0.0 0 0 70 241 89 248 0 0 0 0 0 0 0
car 0.0 0 0 20 222 37 227 0 0 0 0 0 0 0
car 0.0 0 0 207 270 216 284 0 0 0 0 0 0 0
car 0.0 0 0 223 297 233 311 0 0 0 0 0 0 0
car 0.0 0 0 217 332 225 347 0 0 0 0 0 0 0
car 0.0 0 0 77 212 97 220 0 0 0 0 0 0 0
car 0.0 0 0 27 211 42 220 0 0 0 0 0 0 0
car 0.0 0 0 82 191 101 200 0 0 0 0 0 0 0
car 0.0 0 0 84 171 100 180 0 0 0 0 0 0 0
car 0.0 0 0 199 300 211 314 0 0 0 0 0 0 0
car 0.0 0 0 168 321 188 330 0 0 0 0 0 0 0
