car 0.0 0 0 158 278 177 287 0 0 0 0 0 0 0
car 0.0 0 0 207 278 227 284 0 0 0 0 0 0 0
car 0.0 0 0 230 278 250 284 0 0 0 0 0 0 0
car 0.0 0 0 269 277 287 283 0 0 0 0 0 0 0
car 0.0 0 0 192 304 212 310 0 0 0 0 0 0 0
car 0.0 0 0 72 304 97 313 0 0 0 0 0 0 0
car 0.0909090909091 0 0 0 284 20 291 0 0 0 0 0 0 0
car 0.809523809524 0 0 0 301 4 307 0 0 0 0 0 0 0
car 0.0 0 0 34 213 44 226 0 0 0 0 0 0 0
car 0.0 0 0 36 233 46 245 0 0 0 0 0 0 0
car 0.0 0 0 35 245 45 260 0 0 0 0 0 0 0
car 0.0 0 0 73 214 82 227 0 0 0 0 0 0 0
car 0.0 0 0 71 231 81 247 0 0 0 0 0 0 0
car 0.0 0 0 284 87 305 94 0 0 0 0 0 0 0
car 0.0 0 0 219 88 235 94 0 0 0 0 0 0 0
car 0.0 0 0 119 89 136 95 0 0 0 0 0 0 0
car 0.0 0 0 310 169 329 177 0 0 0 0 0 0 0
car 0.0 0 0 75 128 85 142 0 0 0 0 0 0 0
car 0.0 0 0 76 156 84 170 0 0 0 0 0 0 0
car 0.0 0 0 73 171 82 185 0 0 0 0 0 0 0
car 0.0 0 0 73 186 82 199 0 0 0 0 0 0 0
car 0.0 0 0 39 159 47 172 0 0 0 0 0 0 0
car 0.0 0 0 37 175 48 186 0 0 0 0 0 0 0
car 0.0 0 0 40 110 50 123 0 0 0 0 0 0 0
car 0.0 0 0 46 38 54 52 0 0 0 0 0 0 0
car 0.0 0 0 44 55 53 72 0 0 0 0 0 0 0
car 0.666666666667 0 0 82 0 91 5 0 0 0 0 0 0 0
car 0.0 0 0 95 305 113 314 0 0 0 0 0 0 0
