car 0.666666666667 0 0 336 347 349 352 0 0 0 0 0 0 0
car 0.933333333333 0 0 351 118 352 139 0 0 0 0 0 0 0
car 0.666666666667 0 0 349 141 352 155 0 0 0 0 0 0 0
car 0.0 0 0 340 183 350 198 0 0 0 0 0 0 0
car 0.0 0 0 333 224 342 238 0 0 0 0 0 0 0
car 0.0 0 0 315 269 330 275 0 0 0 0 0 0 0
car 0.0 0 0 189 252 207 260 0 0 0 0 0 0 0
car 0.0 0 0 148 251 168 257 0 0 0 0 0 0 0
car 0.0 0 0 268 256 285 263 0 0 0 0 0 0 0
car 0.0 0 0 155 270 178 278 0 0 0 0 0 0 0
car 0.0 0 0 182 273 196 278 0 0 0 0 0 0 0
car 0.0 0 0 261 274 278 280 0 0 0 0 0 0 0
car 0.0 0 0 235 77 253 84 0 0 0 0 0 0 0
car 0.0 0 0 154 103 163 115 0 0 0 0 0 0 0
car 0.0 0 0 148 120 158 134 0 0 0 0 0 0 0
car 0.0 0 0 114 138 125 153 0 0 0 0 0 0 0
car 0.0 0 0 127 251 146 258 0 0 0 0 0 0 0
car 0.0 0 0 34 247 53 253 0 0 0 0 0 0 0
car 0.0 0 0 79 167 101 173 0 0 0 0 0 0 0
car 0.0 0 0 43 157 59 163 0 0 0 0 0 0 0
car 0.0 0 0 29 167 46 173 0 0 0 0 0 0 0
car 0.0 0 0 106 60 123 67 0 0 0 0 0 0 0
car 0.0 0 0 85 60 104 66 0 0 0 0 0 0 0
car 0.0 0 0 127 23 134 37 0 0 0 0 0 0 0
car 0.0 0 0 147 34 157 48 0 0 0 0 0 0 0
car 0.0 0 0 149 51 161 67 0 0 0 0 0 0 0
