car 0.0 0 0 74 200 106 236 0 0 0 0 0 0 0
car 0.0 0 0 283 194 317 203 0 0 0 0 0 0 0
car 0.0 0 0 240 308 249 321 0 0 0 0 0 0 0
car 0.0 0 0 236 322 246 337 0 0 0 0 0 0 0
car 0.0 0 0 3 130 25 147 0 0 0 0 0 0 0
car 0.0 0 0 52 32 71 50 0 0 0 0 0 0 0
car 0.0 0 0 280 107 290 122 0 0 0 0 0 0 0
car 0.0 0 0 266 127 281 142 0 0 0 0 0 0 0
car 0.0 0 0 249 157 264 171 0 0 0 0 0 0 0
car 0.0 0 0 200 196 230 207 0 0 0 0 0 0 0
car 0.0 0 0 315 86 326 98 0 0 0 0 0 0 0
car 0.0 0 0 136 114 151 129 0 0 0 0 0 0 0
car 0.0 0 0 149 115 162 130 0 0 0 0 0 0 0
car 0.0 0 0 171 65 184 77 0 0 0 0 0 0 0
car 0.0 0 0 330 23 344 38 0 0 0 0 0 0 0
