car 0.0 0 0 85 201 102 207 0 0 0 0 0 0 0
car 0.0 0 0 100 201 116 210 0 0 0 0 0 0 0
car 0.818181818182 0 0 0 86 2 98 0 0 0 0 0 0 0
car 0.0 0 0 256 8 273 16 0 0 0 0 0 0 0
car 0.0 0 0 256 56 268 70 0 0 0 0 0 0 0
car 0.0 0 0 270 89 279 101 0 0 0 0 0 0 0
car 0.0 0 0 248 80 258 94 0 0 0 0 0 0 0
car 0.0 0 0 152 210 173 219 0 0 0 0 0 0 0
car 0.0 0 0 171 228 189 236 0 0 0 0 0 0 0
car 0.529411764706 0 0 344 222 352 227 0 0 0 0 0 0 0
car 0.0 0 0 185 311 193 324 0 0 0 0 0 0 0
car 0.0 0 0 215 267 227 282 0 0 0 0 0 0 0
car 0.0 0 0 6 23 20 38 0 0 0 0 0 0 0
car 0.0 0 0 141 68 153 80 0 0 0 0 0 0 0
car 0.0 0 0 106 149 118 162 0 0 0 0 0 0 0
car 0.0 0 0 211 177 222 192 0 0 0 0 0 0 0
car 0.933333333333 0 0 351 211 352 220 0 0 0 0 0 0 0
