car 0.0 0 0 299 94 320 151 0 0 0 0 0 0 0
car 0.0 0 0 148 223 166 231 0 0 0 0 0 0 0
car 0.0 0 0 73 221 91 228 0 0 0 0 0 0 0
car 0.0 0 0 12 219 31 227 0 0 0 0 0 0 0
car 0.0 0 0 45 264 62 279 0 0 0 0 0 0 0
car 0.0 0 0 120 249 137 257 0 0 0 0 0 0 0
car 0.0 0 0 187 251 208 259 0 0 0 0 0 0 0
car 0.0 0 0 210 250 225 258 0 0 0 0 0 0 0
car 0.0 0 0 311 286 318 298 0 0 0 0 0 0 0
car 0.0 0 0 42 288 53 309 0 0 0 0 0 0 0
car 0.0 0 0 267 210 279 226 0 0 0 0 0 0 0
car 0.0 0 0 233 206 242 220 0 0 0 0 0 0 0
car 1.0 0 0 325 0 334 0 0 0 0 0 0 0 0
car 0.0 0 0 336 25 351 41 0 0 0 0 0 0 0
car 0.0 0 0 298 42 305 57 0 0 0 0 0 0 0
car 0.0 0 0 332 68 341 82 0 0 0 0 0 0 0
car 0.0 0 0 254 51 262 65 0 0 0 0 0 0 0
car 0.0 0 0 241 49 253 65 0 0 0 0 0 0 0
car 0.0 0 0 232 49 243 63 0 0 0 0 0 0 0
car 0.0 0 0 193 49 204 62 0 0 0 0 0 0 0
car 0.0 0 0 114 48 126 62 0 0 0 0 0 0 0
car 0.0 0 0 53 48 63 61 0 0 0 0 0 0 0
car 0.0 0 0 24 48 34 63 0 0 0 0 0 0 0
