car 0.0 0 0 3 293 21 303 0 0 0 0 0 0 0
car 0.0 0 0 81 213 96 221 0 0 0 0 0 0 0
car 0.0 0 0 153 185 170 201 0 0 0 0 0 0 0
car 0.0 0 0 166 206 180 220 0 0 0 0 0 0 0
car 0.0 0 0 256 103 269 117 0 0 0 0 0 0 0
car 0.0 0 0 265 106 276 119 0 0 0 0 0 0 0
car 0.0 0 0 276 108 286 122 0 0 0 0 0 0 0
car 0.0 0 0 286 113 300 127 0 0 0 0 0 0 0
car 0.0 0 0 298 116 307 132 0 0 0 0 0 0 0
car 0.0 0 0 309 120 320 137 0 0 0 0 0 0 0
car 0.0 0 0 320 122 329 135 0 0 0 0 0 0 0
car 0.0 0 0 332 124 341 141 0 0 0 0 0 0 0
car 0.0 0 0 342 128 351 143 0 0 0 0 0 0 0
car 0.0 0 0 252 159 262 171 0 0 0 0 0 0 0
car 0.0 0 0 263 163 274 176 0 0 0 0 0 0 0
car 0.0 0 0 294 174 311 184 0 0 0 0 0 0 0
car 0.0 0 0 293 192 308 208 0 0 0 0 0 0 0
car 0.0 0 0 310 191 327 213 0 0 0 0 0 0 0
car 0.0 0 0 326 195 339 213 0 0 0 0 0 0 0
car 0.0 0 0 153 223 167 235 0 0 0 0 0 0 0
car 0.0 0 0 69 111 87 122 0 0 0 0 0 0 0
car 0.0 0 0 80 106 97 116 0 0 0 0 0 0 0
car 0.0 0 0 20 94 39 101 0 0 0 0 0 0 0
car 0.0 0 0 94 106 110 114 0 0 0 0 0 0 0
car 0.0 0 0 138 125 159 138 0 0 0 0 0 0 0
car 0.0 0 0 204 120 217 138 0 0 0 0 0 0 0
car 0.0 0 0 87 121 107 130 0 0 0 0 0 0 0
car 0.0 0 0 7 67 26 79 0 0 0 0 0 0 0
car 0.0 0 0 268 34 284 48 0 0 0 0 0 0 0
car 0.0 0 0 279 60 294 74 0 0 0 0 0 0 0
car 0.666666666667 0 0 330 347 344 352 0 0 0 0 0 0 0
