car 0.0 0 0 177 174 198 190 0 0 0 0 0 0 0
car 0.0 0 0 274 175 305 192 0 0 0 0 0 0 0
car 0.0 0 0 312 32 331 41 0 0 0 0 0 0 0
car 0.0 0 0 15 121 33 131 0 0 0 0 0 0 0
car 0.0 0 0 7 167 18 184 0 0 0 0 0 0 0
car 0.0 0 0 22 171 34 185 0 0 0 0 0 0 0
car 0.0 0 0 34 172 45 187 0 0 0 0 0 0 0
car 0.0 0 0 70 178 81 191 0 0 0 0 0 0 0
car 0.0 0 0 52 179 63 192 0 0 0 0 0 0 0
car 0.0 0 0 45 195 62 201 0 0 0 0 0 0 0
car 0.0 0 0 67 194 77 207 0 0 0 0 0 0 0
car 0.0 0 0 110 146 129 156 0 0 0 0 0 0 0
car 0.0 0 0 159 164 179 174 0 0 0 0 0 0 0
car 0.0 0 0 198 161 213 169 0 0 0 0 0 0 0
car 0.0 0 0 255 184 275 194 0 0 0 0 0 0 0
car 0.0 0 0 187 199 204 210 0 0 0 0 0 0 0
car 0.0 0 0 95 308 105 326 0 0 0 0 0 0 0
car 0.0 0 0 63 305 72 320 0 0 0 0 0 0 0
car 0.0 0 0 343 261 351 275 0 0 0 0 0 0 0
car 0.0 0 0 325 218 345 230 0 0 0 0 0 0 0
car 0.0 0 0 66 217 78 235 0 0 0 0 0 0 0
car 0.0 0 0 99 238 111 252 0 0 0 0 0 0 0
car 0.0 0 0 95 324 107 337 0 0 0 0 0 0 0
car 0.291666666667 0 0 0 331 17 338 0 0 0 0 0 0 0
car 0.714285714286 0 0 4 350 21 352 0 0 0 0 0 0 0
car 0.0 0 0 170 205 178 219 0 0 0 0 0 0 0
car 0.0 0 0 204 217 213 233 0 0 0 0 0 0 0
car 0.0 0 0 220 224 227 238 0 0 0 0 0 0 0
car 0.0 0 0 65 237 77 251 0 0 0 0 0 0 0
car 0.0 0 0 98 252 109 264 0 0 0 0 0 0 0
