car 0.0 0 0 58 189 84 199 0 0 0 0 0 0 0
car 0.0 0 0 93 53 101 67 0 0 0 0 0 0 0
car 0.0 0 0 103 53 111 65 0 0 0 0 0 0 0
car 0.0 0 0 139 54 149 69 0 0 0 0 0 0 0
car 0.0 0 0 150 54 159 66 0 0 0 0 0 0 0
car 0.0 0 0 173 56 179 68 0 0 0 0 0 0 0
car 0.0 0 0 308 62 319 79 0 0 0 0 0 0 0
car 0.0 0 0 302 91 315 109 0 0 0 0 0 0 0
car 0.0 0 0 299 122 307 137 0 0 0 0 0 0 0
car 0.0 0 0 287 135 298 149 0 0 0 0 0 0 0
car 0.0 0 0 336 23 349 38 0 0 0 0 0 0 0
car 0.0 0 0 329 297 341 309 0 0 0 0 0 0 0
car 0.0 0 0 304 298 314 314 0 0 0 0 0 0 0
car 0.0 0 0 325 307 334 324 0 0 0 0 0 0 0
car 0.8125 0 0 336 349 351 352 0 0 0 0 0 0 0
car 0.0 0 0 14 232 37 240 0 0 0 0 0 0 0
car 0.0 0 0 15 211 43 220 0 0 0 0 0 0 0
car 0.0 0 0 57 231 77 238 0 0 0 0 0 0 0
car 0.0 0 0 87 237 109 244 0 0 0 0 0 0 0
car 0.0 0 0 140 241 155 247 0 0 0 0 0 0 0
car 0.0 0 0 238 246 258 253 0 0 0 0 0 0 0
car 0.0 0 0 293 225 303 244 0 0 0 0 0 0 0
car 0.0 0 0 288 262 298 276 0 0 0 0 0 0 0
car 0.0 0 0 290 182 297 195 0 0 0 0 0 0 0
car 0.0 0 0 273 188 287 205 0 0 0 0 0 0 0
car 0.0 0 0 212 183 231 195 0 0 0 0 0 0 0
car 0.0 0 0 180 182 197 196 0 0 0 0 0 0 0
car 0.0 0 0 167 182 184 196 0 0 0 0 0 0 0
car 0.0 0 0 140 182 155 194 0 0 0 0 0 0 0
car 0.0 0 0 116 180 130 193 0 0 0 0 0 0 0
car 0.0 0 0 102 177 120 193 0 0 0 0 0 0 0
car 0.0 0 0 61 177 75 189 0 0 0 0 0 0 0
car 0.0 0 0 49 176 65 188 0 0 0 0 0 0 0
car 0.0 0 0 90 180 103 190 0 0 0 0 0 0 0
car 0.0 0 0 290 149 301 167 0 0 0 0 0 0 0
