car 0.0 0 0 115 220 162 244 0 0 0 0 0 0 0
car 0.0 0 0 143 19 180 34 0 0 0 0 0 0 0
car 0.0 0 0 24 270 37 283 0 0 0 0 0 0 0
car 0.0 0 0 7 274 20 284 0 0 0 0 0 0 0
car 0.214285714286 0 0 0 285 11 300 0 0 0 0 0 0 0
car 0.0 0 0 80 284 93 299 0 0 0 0 0 0 0
car 0.0 0 0 131 65 150 75 0 0 0 0 0 0 0
car 0.0 0 0 113 68 127 83 0 0 0 0 0 0 0
car 0.0 0 0 118 88 136 97 0 0 0 0 0 0 0
car 0.0 0 0 114 96 134 106 0 0 0 0 0 0 0
car 0.0 0 0 110 106 131 115 0 0 0 0 0 0 0
car 0.0 0 0 134 159 145 174 0 0 0 0 0 0 0
car 0.0 0 0 117 193 136 203 0 0 0 0 0 0 0
car 0.0 0 0 103 198 121 208 0 0 0 0 0 0 0
car 0.0 0 0 238 240 257 251 0 0 0 0 0 0 0
car 0.0 0 0 213 261 247 278 0 0 0 0 0 0 0
car 0.0 0 0 320 302 334 311 0 0 0 0 0 0 0
car 0.0 0 0 256 318 276 327 0 0 0 0 0 0 0
car 0.384615384615 0 0 0 112 8 126 0 0 0 0 0 0 0
car 0.0 0 0 5 114 18 128 0 0 0 0 0 0 0
car 0.0 0 0 14 117 26 131 0 0 0 0 0 0 0
car 0.0 0 0 21 121 37 136 0 0 0 0 0 0 0
car 0.0 0 0 33 123 47 136 0 0 0 0 0 0 0
car 0.0 0 0 40 130 50 142 0 0 0 0 0 0 0
car 0.0 0 0 51 133 72 150 0 0 0 0 0 0 0
car 0.0 0 0 33 167 50 179 0 0 0 0 0 0 0
car 0.0 0 0 68 171 84 181 0 0 0 0 0 0 0
car 0.0 0 0 34 225 43 241 0 0 0 0 0 0 0
car 0.0 0 0 15 12 23 27 0 0 0 0 0 0 0
car 0.0 0 0 2 54 34 70 0 0 0 0 0 0 0
car 0.0 0 0 11 33 22 40 0 0 0 0 0 0 0
car 0.0 0 0 0 43 21 51 0 0 0 0 0 0 0
car 0.0 0 0 38 70 59 80 0 0 0 0 0 0 0
car 0.0 0 0 32 84 54 94 0 0 0 0 0 0 0
car 0.0 0 0 26 91 50 102 0 0 0 0 0 0 0
