car 0.0 0 0 157 104 169 119 0 0 0 0 0 0 0
car 0.0 0 0 145 289 154 301 0 0 0 0 0 0 0
car 0.0 0 0 179 92 186 104 0 0 0 0 0 0 0
car 0.0 0 0 203 174 217 180 0 0 0 0 0 0 0
car 0.0 0 0 196 196 214 204 0 0 0 0 0 0 0
car 0.857142857143 0 0 259 351 278 352 0 0 0 0 0 0 0
car 0.0 0 0 158 222 165 234 0 0 0 0 0 0 0
car 0.0 0 0 160 88 170 102 0 0 0 0 0 0 0
car 0.0 0 0 124 24 142 32 0 0 0 0 0 0 0
car 0.0 0 0 150 257 160 271 0 0 0 0 0 0 0
car 0.866666666667 0 0 165 350 174 352 0 0 0 0 0 0 0
car 0.0 0 0 240 19 257 25 0 0 0 0 0 0 0
car 0.0 0 0 195 205 215 212 0 0 0 0 0 0 0
car 0.0 0 0 168 155 176 170 0 0 0 0 0 0 0
car 0.0 0 0 140 144 147 155 0 0 0 0 0 0 0
car 0.0 0 0 210 105 228 112 0 0 0 0 0 0 0
car 0.0 0 0 207 137 225 146 0 0 0 0 0 0 0
car 0.0 0 0 143 202 152 216 0 0 0 0 0 0 0
car 0.0 0 0 315 20 334 26 0 0 0 0 0 0 0
car 0.0 0 0 209 122 227 128 0 0 0 0 0 0 0
car 0.0 0 0 199 16 214 24 0 0 0 0 0 0 0
car 0.0 0 0 189 225 207 232 0 0 0 0 0 0 0
car 0.0 0 0 287 17 307 26 0 0 0 0 0 0 0
car 0.0 0 0 142 313 153 327 0 0 0 0 0 0 0
car 0.0 0 0 180 272 198 282 0 0 0 0 0 0 0
car 0.0 0 0 140 218 151 232 0 0 0 0 0 0 0
car 0.0 0 0 112 38 129 45 0 0 0 0 0 0 0
car 0.0 0 0 164 187 170 200 0 0 0 0 0 0 0
car 0.0 0 0 187 241 202 248 0 0 0 0 0 0 0
car 0.0 0 0 177 289 194 296 0 0 0 0 0 0 0
car 0.0 0 0 152 129 165 146 0 0 0 0 0 0 0
car 0.0 0 0 129 285 139 299 0 0 0 0 0 0 0
car 0.0 0 0 167 317 184 324 0 0 0 0 0 0 0
car 0.0 0 0 183 16 202 23 0 0 0 0 0 0 0
car 0.0 0 0 207 84 224 90 0 0 0 0 0 0 0
car 0.0 0 0 219 16 236 23 0 0 0 0 0 0 0
car 0.833333333333 0 0 305 351 321 352 0 0 0 0 0 0 0
car 0.0 0 0 198 181 215 188 0 0 0 0 0 0 0
car 0.0 0 0 136 235 147 248 0 0 0 0 0 0 0
car 0.0 0 0 153 236 165 251 0 0 0 0 0 0 0
car 0.0 0 0 161 339 179 346 0 0 0 0 0 0 0
car 0.0 0 0 183 259 199 266 0 0 0 0 0 0 0
car 0.0 0 0 116 33 134 38 0 0 0 0 0 0 0
car 0.0 0 0 160 204 170 218 0 0 0 0 0 0 0
car 0.0 0 0 264 17 282 25 0 0 0 0 0 0 0
car 0.0 0 0 213 92 231 98 0 0 0 0 0 0 0
car 0.0 0 0 180 266 200 273 0 0 0 0 0 0 0
car 0.0 0 0 176 105 186 119 0 0 0 0 0 0 0
car 0.0 0 0 197 213 212 220 0 0 0 0 0 0 0
car 0.0 0 0 187 231 203 239 0 0 0 0 0 0 0
car 0.0 0 0 166 173 174 184 0 0 0 0 0 0 0
car 0.0 0 0 177 281 195 290 0 0 0 0 0 0 0
car 0.0 0 0 172 308 190 314 0 0 0 0 0 0 0
car 0.0 0 0 206 147 222 154 0 0 0 0 0 0 0
car 0.571428571429 0 0 276 349 300 352 0 0 0 0 0 0 0
car 0.0 0 0 214 98 230 104 0 0 0 0 0 0 0
car 0.0 0 0 202 155 224 162 0 0 0 0 0 0 0
car 0.0 0 0 201 163 218 172 0 0 0 0 0 0 0
car 0.0 0 0 198 187 217 197 0 0 0 0 0 0 0
car 0.0 0 0 166 331 183 338 0 0 0 0 0 0 0
car 0.0 0 0 209 131 226 137 0 0 0 0 0 0 0
car 0.0 0 0 165 52 178 70 0 0 0 0 0 0 0
car 0.0 0 0 174 121 185 137 0 0 0 0 0 0 0
car 0.272727272727 0 0 118 344 128 352 0 0 0 0 0 0 0
car 0.0 0 0 171 140 179 152 0 0 0 0 0 0 0
car 0.0 0 0 183 251 200 257 0 0 0 0 0 0 0
