car 0.0 0 0 215 149 228 168 0 0 0 0 0 0 0
car 0.0 0 0 55 31 76 42 0 0 0 0 0 0 0
car 0.0 0 0 0 58 17 69 0 0 0 0 0 0 0
car 0.0 0 0 85 66 104 75 0 0 0 0 0 0 0
car 0.0 0 0 68 117 85 126 0 0 0 0 0 0 0
car 0.0 0 0 138 35 170 47 0 0 0 0 0 0 0
car 0.0 0 0 196 64 214 72 0 0 0 0 0 0 0
car 0.0 0 0 191 88 208 100 0 0 0 0 0 0 0
car 0.0 0 0 251 103 272 111 0 0 0 0 0 0 0
car 0.0 0 0 235 111 250 119 0 0 0 0 0 0 0
car 0.0 0 0 11 106 29 115 0 0 0 0 0 0 0
car 0.875 0 0 0 174 1 186 0 0 0 0 0 0 0
car 0.0 0 0 279 120 295 129 0 0 0 0 0 0 0
car 0.277777777778 0 0 339 121 352 131 0 0 0 0 0 0 0
car 0.0 0 0 232 147 249 156 0 0 0 0 0 0 0
car 0.0 0 0 187 175 196 188 0 0 0 0 0 0 0
car 0.0 0 0 185 192 194 203 0 0 0 0 0 0 0
car 0.0 0 0 231 160 248 169 0 0 0 0 0 0 0
car 0.0 0 0 227 170 245 178 0 0 0 0 0 0 0
car 0.0 0 0 331 167 342 184 0 0 0 0 0 0 0
car 0.5 0 0 346 171 352 185 0 0 0 0 0 0 0
car 0.0 0 0 76 282 96 290 0 0 0 0 0 0 0
car 0.0 0 0 13 227 37 237 0 0 0 0 0 0 0
car 0.0 0 0 44 232 64 241 0 0 0 0 0 0 0
car 0.35 0 0 0 277 13 285 0 0 0 0 0 0 0
car 0.0 0 0 21 277 38 285 0 0 0 0 0 0 0
car 0.0 0 0 14 298 32 305 0 0 0 0 0 0 0
car 0.0 0 0 70 237 93 245 0 0 0 0 0 0 0
car 0.0 0 0 317 331 341 338 0 0 0 0 0 0 0
car 0.375 0 0 281 347 300 352 0 0 0 0 0 0 0
car 0.714285714286 0 0 328 350 345 352 0 0 0 0 0 0 0
car 0.0 0 0 267 52 286 63 0 0 0 0 0 0 0
car 0.0 0 0 75 293 95 302 0 0 0 0 0 0 0
car 0.0 0 0 46 303 64 311 0 0 0 0 0 0 0
car 0.0 0 0 76 307 94 315 0 0 0 0 0 0 0
car 0.0 0 0 181 228 192 243 0 0 0 0 0 0 0
car 0.0 0 0 181 246 192 260 0 0 0 0 0 0 0
car 0.0 0 0 135 90 154 99 0 0 0 0 0 0 0
car 0.5 0 0 0 268 8 278 0 0 0 0 0 0 0
car 0.473684210526 0 0 0 344 10 350 0 0 0 0 0 0 0
car 0.333333333333 0 0 184 346 206 352 0 0 0 0 0 0 0
car 0.3 0 0 163 345 181 352 0 0 0 0 0 0 0
