car 0.0 0 0 51 156 65 178 0 0 0 0 0 0 0
car 0.0 0 0 82 314 91 329 0 0 0 0 0 0 0
car 0.0 0 0 83 269 94 285 0 0 0 0 0 0 0
car 0.0 0 0 50 259 58 275 0 0 0 0 0 0 0
car 0.0 0 0 52 212 60 225 0 0 0 0 0 0 0
car 0.0 0 0 218 192 229 206 0 0 0 0 0 0 0
car 0.0 0 0 270 211 286 219 0 0 0 0 0 0 0
car 0.0 0 0 234 227 254 234 0 0 0 0 0 0 0
car 0.0 0 0 261 228 280 234 0 0 0 0 0 0 0
car 0.0 0 0 284 228 301 234 0 0 0 0 0 0 0
car 0.0 0 0 92 74 100 89 0 0 0 0 0 0 0
car 0.0 0 0 89 119 100 135 0 0 0 0 0 0 0
car 0.0 0 0 56 120 65 134 0 0 0 0 0 0 0
car 0.0 0 0 54 145 65 159 0 0 0 0 0 0 0
car 0.0 0 0 322 139 342 146 0 0 0 0 0 0 0
car 0.0 0 0 90 41 104 57 0 0 0 0 0 0 0
car 0.888888888889 0 0 95 0 105 2 0 0 0 0 0 0 0
car 0.0 0 0 95 0 107 13 0 0 0 0 0 0 0
car 0.291666666667 0 0 0 7 17 14 0 0 0 0 0 0 0
car 0.0 0 0 4 26 21 33 0 0 0 0 0 0 0
