car 0.0 0 0 286 235 296 248 0 0 0 0 0 0 0
car 0.0 0 0 290 309 299 323 0 0 0 0 0 0 0
car 0.0 0 0 282 147 291 163 0 0 0 0 0 0 0
car 0.0 0 0 297 131 309 147 0 0 0 0 0 0 0
car 0.0 0 0 168 171 176 185 0 0 0 0 0 0 0
car 0.0 0 0 286 209 296 221 0 0 0 0 0 0 0
car 0.0 0 0 37 130 47 144 0 0 0 0 0 0 0
car 0.0 0 0 39 143 47 156 0 0 0 0 0 0 0
car 0.0 0 0 40 176 47 189 0 0 0 0 0 0 0
car 0.0 0 0 15 169 24 182 0 0 0 0 0 0 0
car 0.0 0 0 24 196 35 212 0 0 0 0 0 0 0
car 0.0 0 0 43 246 55 261 0 0 0 0 0 0 0
car 0.0 0 0 46 261 55 277 0 0 0 0 0 0 0
car 0.0 0 0 25 277 36 292 0 0 0 0 0 0 0
car 0.0 0 0 50 290 62 304 0 0 0 0 0 0 0
car 0.0 0 0 50 303 62 319 0 0 0 0 0 0 0
car 0.125 0 0 295 0 303 14 0 0 0 0 0 0 0
car 0.8 0 0 267 0 276 3 0 0 0 0 0 0 0
car 0.0 0 0 292 17 300 29 0 0 0 0 0 0 0
car 0.0 0 0 290 31 300 46 0 0 0 0 0 0 0
car 0.0 0 0 270 3 277 17 0 0 0 0 0 0 0
car 0.0 0 0 269 55 280 70 0 0 0 0 0 0 0
car 0.0 0 0 292 63 302 77 0 0 0 0 0 0 0
car 0.0 0 0 296 77 303 91 0 0 0 0 0 0 0
car 0.0 0 0 2 31 11 47 0 0 0 0 0 0 0
car 0.0 0 0 10 32 18 45 0 0 0 0 0 0 0
car 0.0 0 0 39 50 53 56 0 0 0 0 0 0 0
car 0.0 0 0 40 61 53 67 0 0 0 0 0 0 0
car 1.0 0 0 26 0 36 0 0 0 0 0 0 0 0
car 0.0 0 0 287 268 298 283 0 0 0 0 0 0 0
car 0.0 0 0 287 288 298 302 0 0 0 0 0 0 0
car 0.0 0 0 291 329 301 344 0 0 0 0 0 0 0
