car 0.0 0 0 105 111 117 125 0 0 0 0 0 0 0
car 0.0 0 0 104 125 114 141 0 0 0 0 0 0 0
car 0.0 0 0 100 140 112 158 0 0 0 0 0 0 0
car 0.0 0 0 97 155 111 175 0 0 0 0 0 0 0
car 0.0 0 0 275 198 285 221 0 0 0 0 0 0 0
car 0.0 0 0 312 194 324 217 0 0 0 0 0 0 0
car 0.0588235294118 0 0 336 317 352 324 0 0 0 0 0 0 0
car 0.0 0 0 191 273 198 285 0 0 0 0 0 0 0
car 0.0 0 0 213 32 226 38 0 0 0 0 0 0 0
car 0.0 0 0 333 199 342 212 0 0 0 0 0 0 0
car 0.0 0 0 156 86 174 96 0 0 0 0 0 0 0
car 0.0 0 0 236 74 256 82 0 0 0 0 0 0 0
car 0.0 0 0 301 120 319 128 0 0 0 0 0 0 0
car 0.0 0 0 176 274 186 289 0 0 0 0 0 0 0
car 0.0 0 0 152 106 170 113 0 0 0 0 0 0 0
car 0.0 0 0 259 27 278 34 0 0 0 0 0 0 0
car 0.0 0 0 260 77 277 83 0 0 0 0 0 0 0
car 0.0 0 0 255 108 269 112 0 0 0 0 0 0 0
car 0.0 0 0 176 100 200 111 0 0 0 0 0 0 0
car 0.0 0 0 175 111 195 116 0 0 0 0 0 0 0
car 0.0 0 0 232 117 251 128 0 0 0 0 0 0 0
car 0.0 0 0 257 98 273 107 0 0 0 0 0 0 0
car 0.0 0 0 165 26 174 41 0 0 0 0 0 0 0
car 0.0 0 0 150 115 167 122 0 0 0 0 0 0 0
car 0.0 0 0 249 118 273 127 0 0 0 0 0 0 0
car 0.0 0 0 324 85 340 92 0 0 0 0 0 0 0
car 0.0 0 0 304 107 323 112 0 0 0 0 0 0 0
car 0.0 0 0 321 136 336 142 0 0 0 0 0 0 0
car 0.0 0 0 297 148 313 156 0 0 0 0 0 0 0
car 0.0 0 0 188 74 206 81 0 0 0 0 0 0 0
car 0.0 0 0 306 86 325 93 0 0 0 0 0 0 0
car 0.4 0 0 346 200 352 212 0 0 0 0 0 0 0
car 0.0 0 0 214 269 224 286 0 0 0 0 0 0 0
car 0.0 0 0 249 133 270 139 0 0 0 0 0 0 0
car 0.0 0 0 325 48 343 56 0 0 0 0 0 0 0
car 0.0 0 0 324 120 340 126 0 0 0 0 0 0 0
car 0.0 0 0 239 60 255 69 0 0 0 0 0 0 0
car 0.0 0 0 304 78 325 85 0 0 0 0 0 0 0
car 0.0 0 0 277 103 285 116 0 0 0 0 0 0 0
car 0.0 0 0 300 127 319 135 0 0 0 0 0 0 0
car 0.785714285714 0 0 142 0 153 3 0 0 0 0 0 0 0
car 0.0 0 0 182 90 202 95 0 0 0 0 0 0 0
car 0.0 0 0 323 100 343 107 0 0 0 0 0 0 0
car 0.0 0 0 260 61 277 68 0 0 0 0 0 0 0
car 0.0 0 0 170 136 191 145 0 0 0 0 0 0 0
car 0.0 0 0 231 111 249 116 0 0 0 0 0 0 0
car 0.0 0 0 306 70 325 79 0 0 0 0 0 0 0
car 0.0 0 0 295 141 318 150 0 0 0 0 0 0 0
car 0.0 0 0 319 155 340 165 0 0 0 0 0 0 0
car 0.0 0 0 275 271 284 284 0 0 0 0 0 0 0
car 0.0 0 0 173 145 191 152 0 0 0 0 0 0 0
car 0.0 0 0 229 95 252 107 0 0 0 0 0 0 0
car 0.0 0 0 289 202 298 216 0 0 0 0 0 0 0
car 1.0 0 0 167 0 184 0 0 0 0 0 0 0 0
car 0.0 0 0 186 82 204 88 0 0 0 0 0 0 0
car 0.0 0 0 237 90 256 98 0 0 0 0 0 0 0
car 0.0 0 0 320 92 340 99 0 0 0 0 0 0 0
car 0.0 0 0 189 306 209 314 0 0 0 0 0 0 0
car 0.0 0 0 305 27 321 33 0 0 0 0 0 0 0
car 0.0 0 0 240 83 256 90 0 0 0 0 0 0 0
car 0.0 0 0 164 274 175 289 0 0 0 0 0 0 0
car 0.0 0 0 161 15 179 22 0 0 0 0 0 0 0
car 0.0 0 0 178 117 193 123 0 0 0 0 0 0 0
car 0.0 0 0 325 61 344 71 0 0 0 0 0 0 0
car 0.0 0 0 190 52 207 60 0 0 0 0 0 0 0
car 0.0 0 0 253 112 272 119 0 0 0 0 0 0 0
car 0.0 0 0 318 140 335 149 0 0 0 0 0 0 0
car 0.0 0 0 150 95 175 106 0 0 0 0 0 0 0
car 0.0 0 0 254 91 272 98 0 0 0 0 0 0 0
car 0.0 0 0 123 305 141 310 0 0 0 0 0 0 0
car 0.0 0 0 159 81 176 87 0 0 0 0 0 0 0
car 0.0 0 0 259 52 276 60 0 0 0 0 0 0 0
car 0.0 0 0 260 68 275 75 0 0 0 0 0 0 0
car 0.0 0 0 253 127 271 132 0 0 0 0 0 0 0
car 0.0 0 0 255 272 265 286 0 0 0 0 0 0 0
car 0.0 0 0 246 272 256 286 0 0 0 0 0 0 0
car 0.0 0 0 302 101 324 107 0 0 0 0 0 0 0
car 0.0 0 0 276 25 300 32 0 0 0 0 0 0 0
car 0.0 0 0 325 54 342 64 0 0 0 0 0 0 0
car 0.0 0 0 326 76 348 87 0 0 0 0 0 0 0
car 0.0 0 0 323 106 339 113 0 0 0 0 0 0 0
car 0.0 0 0 238 271 245 286 0 0 0 0 0 0 0
car 0.0 0 0 166 7 183 14 0 0 0 0 0 0 0
car 0.0 0 0 324 28 345 35 0 0 0 0 0 0 0
car 0.0 0 0 327 69 342 76 0 0 0 0 0 0 0
car 0.0 0 0 225 268 235 284 0 0 0 0 0 0 0
car 0.0 0 0 238 54 255 59 0 0 0 0 0 0 0
car 0.0 0 0 257 82 276 90 0 0 0 0 0 0 0
car 0.0 0 0 305 54 322 62 0 0 0 0 0 0 0
car 0.0 0 0 304 91 323 99 0 0 0 0 0 0 0
car 0.0 0 0 296 134 316 140 0 0 0 0 0 0 0
car 0.0 0 0 284 267 292 283 0 0 0 0 0 0 0
car 0.0 0 0 118 20 128 31 0 0 0 0 0 0 0
car 0.0 0 0 233 145 252 153 0 0 0 0 0 0 0
car 0.0 0 0 265 271 274 284 0 0 0 0 0 0 0
car 0.0 0 0 159 62 180 70 0 0 0 0 0 0 0
car 0.0 0 0 306 47 321 54 0 0 0 0 0 0 0
car 0.0 0 0 305 63 325 70 0 0 0 0 0 0 0
car 0.0 0 0 320 127 337 134 0 0 0 0 0 0 0
car 0.0 0 0 316 270 327 281 0 0 0 0 0 0 0
car 0.0 0 0 324 110 340 119 0 0 0 0 0 0 0
