car 0.0 0 0 109 161 121 181 0 0 0 0 0 0 0
car 0.0 0 0 70 214 93 233 0 0 0 0 0 0 0
car 0.0 0 0 243 309 251 324 0 0 0 0 0 0 0
car 0.0 0 0 241 335 252 350 0 0 0 0 0 0 0
car 0.0 0 0 250 192 259 209 0 0 0 0 0 0 0
car 0.0 0 0 157 232 174 239 0 0 0 0 0 0 0
car 0.0 0 0 317 7 341 14 0 0 0 0 0 0 0
car 0.0 0 0 281 23 300 31 0 0 0 0 0 0 0
car 0.0 0 0 328 26 345 33 0 0 0 0 0 0 0
car 0.0 0 0 138 40 157 49 0 0 0 0 0 0 0
car 0.0 0 0 115 105 127 121 0 0 0 0 0 0 0
car 0.0 0 0 231 36 251 44 0 0 0 0 0 0 0
car 0.0 0 0 135 48 159 57 0 0 0 0 0 0 0
car 0.0 0 0 234 70 253 77 0 0 0 0 0 0 0
car 0.0 0 0 230 78 255 84 0 0 0 0 0 0 0
car 0.0 0 0 109 230 119 245 0 0 0 0 0 0 0
car 0.0 0 0 94 262 105 276 0 0 0 0 0 0 0
car 0.473684210526 0 0 0 20 10 26 0 0 0 0 0 0 0
car 0.0 0 0 120 38 130 53 0 0 0 0 0 0 0
car 0.0 0 0 104 268 115 285 0 0 0 0 0 0 0
car 0.0 0 0 118 75 129 89 0 0 0 0 0 0 0
car 0.0 0 0 181 90 192 105 0 0 0 0 0 0 0
car 0.0 0 0 107 247 117 260 0 0 0 0 0 0 0
car 0.0 0 0 186 34 196 50 0 0 0 0 0 0 0
car 0.0 0 0 108 200 120 215 0 0 0 0 0 0 0
car 0.0 0 0 236 45 254 53 0 0 0 0 0 0 0
car 0.0 0 0 104 284 114 301 0 0 0 0 0 0 0
car 0.0 0 0 176 34 184 51 0 0 0 0 0 0 0
car 0.0 0 0 232 91 242 105 0 0 0 0 0 0 0
car 0.0 0 0 155 90 169 106 0 0 0 0 0 0 0
car 0.0 0 0 101 339 112 351 0 0 0 0 0 0 0
car 0.0 0 0 100 109 115 126 0 0 0 0 0 0 0
car 0.0 0 0 114 138 122 154 0 0 0 0 0 0 0
car 0.0 0 0 163 36 173 51 0 0 0 0 0 0 0
car 0.0 0 0 118 89 129 105 0 0 0 0 0 0 0
car 0.0 0 0 111 182 120 197 0 0 0 0 0 0 0
car 0.0 0 0 235 54 252 62 0 0 0 0 0 0 0
car 0.0 0 0 205 91 217 107 0 0 0 0 0 0 0
car 0.0 0 0 69 244 83 261 0 0 0 0 0 0 0
car 0.0 0 0 180 69 198 76 0 0 0 0 0 0 0
car 0.0 0 0 84 260 98 277 0 0 0 0 0 0 0
car 0.0 0 0 192 92 203 108 0 0 0 0 0 0 0
car 0.0 0 0 219 93 228 106 0 0 0 0 0 0 0
car 0.0 0 0 234 62 253 68 0 0 0 0 0 0 0
car 0.0 0 0 184 22 206 31 0 0 0 0 0 0 0
car 0.0 0 0 131 80 153 90 0 0 0 0 0 0 0
car 0.0 0 0 102 318 114 333 0 0 0 0 0 0 0
car 0.0 0 0 163 21 181 31 0 0 0 0 0 0 0
car 0.0 0 0 169 92 180 106 0 0 0 0 0 0 0
