car 0.0 0 0 127 31 137 46 0 0 0 0 0 0 0
car 0.0 0 0 112 98 120 112 0 0 0 0 0 0 0
car 0.0 0 0 101 131 112 146 0 0 0 0 0 0 0
car 0.0 0 0 96 153 106 166 0 0 0 0 0 0 0
car 0.0 0 0 93 167 101 179 0 0 0 0 0 0 0
car 0.0 0 0 87 187 96 201 0 0 0 0 0 0 0
car 0.0 0 0 82 203 94 219 0 0 0 0 0 0 0
car 0.0 0 0 11 214 23 227 0 0 0 0 0 0 0
car 0.0 0 0 272 174 288 182 0 0 0 0 0 0 0
car 0.0 0 0 334 210 345 225 0 0 0 0 0 0 0
car 0.0 0 0 330 181 340 196 0 0 0 0 0 0 0
car 0.0 0 0 325 252 334 265 0 0 0 0 0 0 0
car 0.0 0 0 328 143 340 158 0 0 0 0 0 0 0
car 0.727272727273 0 0 349 154 352 170 0 0 0 0 0 0 0
car 0.0 0 0 336 107 347 123 0 0 0 0 0 0 0
car 0.0 0 0 322 79 341 85 0 0 0 0 0 0 0
car 0.0 0 0 217 66 232 80 0 0 0 0 0 0 0
car 0.0 0 0 207 66 220 78 0 0 0 0 0 0 0
car 0.0 0 0 171 58 183 71 0 0 0 0 0 0 0
car 0.0 0 0 153 55 164 69 0 0 0 0 0 0 0
car 0.0 0 0 325 155 336 171 0 0 0 0 0 0 0
car 0.0 0 0 221 169 239 176 0 0 0 0 0 0 0
