car 0.764705882353 0 0 0 72 4 81 0 0 0 0 0 0 0
car 0.0 0 0 127 54 146 63 0 0 0 0 0 0 0
car 0.0 0 0 115 89 130 99 0 0 0 0 0 0 0
car 0.0 0 0 194 94 216 102 0 0 0 0 0 0 0
car 0.0 0 0 154 102 167 107 0 0 0 0 0 0 0
car 0.0 0 0 82 104 96 117 0 0 0 0 0 0 0
car 0.0 0 0 91 115 100 128 0 0 0 0 0 0 0
car 0.0 0 0 87 133 97 146 0 0 0 0 0 0 0
car 0.0 0 0 84 153 95 169 0 0 0 0 0 0 0
car 0.0 0 0 46 163 58 177 0 0 0 0 0 0 0
car 0.0 0 0 101 182 119 191 0 0 0 0 0 0 0
car 0.0 0 0 111 201 130 211 0 0 0 0 0 0 0
car 0.0 0 0 27 188 42 200 0 0 0 0 0 0 0
car 0.0 0 0 84 203 99 220 0 0 0 0 0 0 0
car 0.0 0 0 146 191 163 199 0 0 0 0 0 0 0
car 0.0 0 0 174 196 192 204 0 0 0 0 0 0 0
car 0.0 0 0 139 198 161 206 0 0 0 0 0 0 0
car 0.0 0 0 175 212 191 220 0 0 0 0 0 0 0
car 0.0 0 0 191 216 208 222 0 0 0 0 0 0 0
car 0.0 0 0 207 220 224 227 0 0 0 0 0 0 0
car 0.0 0 0 251 196 261 208 0 0 0 0 0 0 0
car 0.0 0 0 287 200 300 216 0 0 0 0 0 0 0
car 0.0 0 0 93 230 106 244 0 0 0 0 0 0 0
car 0.0 0 0 105 250 122 266 0 0 0 0 0 0 0
car 0.0 0 0 109 276 121 292 0 0 0 0 0 0 0
car 0.0 0 0 47 204 65 212 0 0 0 0 0 0 0
car 0.0 0 0 32 206 47 216 0 0 0 0 0 0 0
car 0.0 0 0 312 215 328 223 0 0 0 0 0 0 0
car 0.0 0 0 327 219 345 227 0 0 0 0 0 0 0
car 0.0 0 0 303 235 319 244 0 0 0 0 0 0 0
car 0.590909090909 0 0 343 244 352 251 0 0 0 0 0 0 0
car 0.0 0 0 281 121 296 129 0 0 0 0 0 0 0
car 0.0 0 0 248 116 268 124 0 0 0 0 0 0 0
car 0.0 0 0 193 107 212 114 0 0 0 0 0 0 0
car 0.0 0 0 188 315 195 326 0 0 0 0 0 0 0
car 0.0 0 0 195 317 205 330 0 0 0 0 0 0 0
car 0.0 0 0 268 327 277 341 0 0 0 0 0 0 0
car 0.0 0 0 297 330 308 346 0 0 0 0 0 0 0
car 0.266666666667 0 0 0 190 11 202 0 0 0 0 0 0 0
