car 0.222222222222 0 0 293 338 305 352 0 0 0 0 0 0 0
car 0.0 0 0 299 325 311 339 0 0 0 0 0 0 0
car 0.0 0 0 304 313 313 326 0 0 0 0 0 0 0
car 0.0 0 0 308 297 322 313 0 0 0 0 0 0 0
car 0.0 0 0 325 259 336 272 0 0 0 0 0 0 0
car 0.0 0 0 317 273 329 288 0 0 0 0 0 0 0
car 0.125 0 0 338 199 352 207 0 0 0 0 0 0 0
car 0.0 0 0 296 194 313 201 0 0 0 0 0 0 0
car 0.0 0 0 257 188 275 197 0 0 0 0 0 0 0
car 0.0 0 0 255 202 275 213 0 0 0 0 0 0 0
car 0.0 0 0 234 199 254 209 0 0 0 0 0 0 0
car 0.0 0 0 219 193 238 205 0 0 0 0 0 0 0
car 0.0 0 0 202 183 227 192 0 0 0 0 0 0 0
car 0.0 0 0 186 171 206 180 0 0 0 0 0 0 0
car 0.0 0 0 150 166 169 174 0 0 0 0 0 0 0
car 0.0 0 0 192 192 209 200 0 0 0 0 0 0 0
car 0.0 0 0 167 189 185 196 0 0 0 0 0 0 0
car 0.0 0 0 99 173 119 182 0 0 0 0 0 0 0
car 0.0 0 0 92 165 111 172 0 0 0 0 0 0 0
car 0.0 0 0 78 152 97 162 0 0 0 0 0 0 0
car 0.0 0 0 37 151 61 162 0 0 0 0 0 0 0
car 0.0 0 0 38 166 58 173 0 0 0 0 0 0 0
car 0.0 0 0 72 171 89 179 0 0 0 0 0 0 0
car 0.0 0 0 16 127 36 137 0 0 0 0 0 0 0
car 0.0 0 0 12 141 26 149 0 0 0 0 0 0 0
car 0.0 0 0 22 191 40 201 0 0 0 0 0 0 0
car 0.0 0 0 22 201 37 209 0 0 0 0 0 0 0
car 0.0 0 0 19 210 35 217 0 0 0 0 0 0 0
car 0.0 0 0 19 218 32 226 0 0 0 0 0 0 0
car 0.0 0 0 47 276 57 294 0 0 0 0 0 0 0
car 0.0 0 0 26 268 44 280 0 0 0 0 0 0 0
car 0.0 0 0 13 267 25 277 0 0 0 0 0 0 0
