car 0.0 0 0 70 328 88 337 0 0 0 0 0 0 0
car 0.0 0 0 31 290 42 306 0 0 0 0 0 0 0
car 0.0 0 0 36 253 47 268 0 0 0 0 0 0 0
car 0.0 0 0 38 228 46 240 0 0 0 0 0 0 0
car 0.0 0 0 40 208 49 221 0 0 0 0 0 0 0
car 0.0 0 0 43 177 51 188 0 0 0 0 0 0 0
car 0.0 0 0 121 168 136 181 0 0 0 0 0 0 0
car 0.928571428571 0 0 351 89 352 101 0 0 0 0 0 0 0
car 0.0833333333333 0 0 341 87 352 101 0 0 0 0 0 0 0
car 0.0 0 0 326 86 340 99 0 0 0 0 0 0 0
car 0.0 0 0 313 86 325 99 0 0 0 0 0 0 0
car 0.0 0 0 302 86 315 99 0 0 0 0 0 0 0
car 0.0 0 0 269 98 279 109 0 0 0 0 0 0 0
car 0.0 0 0 259 104 270 113 0 0 0 0 0 0 0
car 0.0 0 0 246 109 261 122 0 0 0 0 0 0 0
car 0.0 0 0 237 113 247 130 0 0 0 0 0 0 0
car 0.0 0 0 277 63 295 70 0 0 0 0 0 0 0
car 0.0 0 0 273 54 292 62 0 0 0 0 0 0 0
car 0.0 0 0 273 47 292 54 0 0 0 0 0 0 0
car 0.0 0 0 276 37 295 47 0 0 0 0 0 0 0
car 0.0 0 0 277 32 296 39 0 0 0 0 0 0 0
car 0.0 0 0 278 23 299 32 0 0 0 0 0 0 0
car 0.0 0 0 280 17 297 24 0 0 0 0 0 0 0
car 0.0 0 0 281 11 298 18 0 0 0 0 0 0 0
car 0.0 0 0 283 4 301 11 0 0 0 0 0 0 0
car 0.0 0 0 320 30 329 43 0 0 0 0 0 0 0
car 0.0 0 0 325 45 336 62 0 0 0 0 0 0 0
car 0.0 0 0 328 13 337 25 0 0 0 0 0 0 0
car 0.0 0 0 233 198 243 212 0 0 0 0 0 0 0
car 0.0 0 0 264 201 275 215 0 0 0 0 0 0 0
car 0.0 0 0 274 202 283 216 0 0 0 0 0 0 0
car 0.0 0 0 213 248 231 255 0 0 0 0 0 0 0
car 0.0 0 0 231 250 247 258 0 0 0 0 0 0 0
car 0.0 0 0 251 253 268 262 0 0 0 0 0 0 0
car 0.0 0 0 271 257 289 265 0 0 0 0 0 0 0
car 0.0 0 0 293 260 308 268 0 0 0 0 0 0 0
car 0.0 0 0 313 264 327 270 0 0 0 0 0 0 0
car 0.0 0 0 330 268 346 273 0 0 0 0 0 0 0
car 0.0 0 0 330 67 346 75 0 0 0 0 0 0 0
