car 0.0 0 0 2 314 34 325 0 0 0 0 0 0 0
car 0.0 0 0 92 315 110 324 0 0 0 0 0 0 0
car 0.0 0 0 56 311 74 319 0 0 0 0 0 0 0
car 0.0 0 0 111 318 129 325 0 0 0 0 0 0 0
car 0.0 0 0 134 320 152 328 0 0 0 0 0 0 0
car 0.0 0 0 116 338 136 346 0 0 0 0 0 0 0
car 0.0 0 0 163 323 181 332 0 0 0 0 0 0 0
car 0.0 0 0 190 327 209 335 0 0 0 0 0 0 0
car 0.0 0 0 141 341 158 348 0 0 0 0 0 0 0
car 0.0 0 0 212 330 229 336 0 0 0 0 0 0 0
car 0.0 0 0 235 331 254 340 0 0 0 0 0 0 0
car 0.0 0 0 256 333 273 342 0 0 0 0 0 0 0
car 0.0 0 0 278 336 297 344 0 0 0 0 0 0 0
car 0.0 0 0 300 339 318 347 0 0 0 0 0 0 0
car 0.0 0 0 322 340 340 347 0 0 0 0 0 0 0
car 0.0 0 0 200 341 219 348 0 0 0 0 0 0 0
car 0.0 0 0 4 147 16 162 0 0 0 0 0 0 0
car 0.0 0 0 15 146 25 160 0 0 0 0 0 0 0
car 0.0 0 0 9 123 25 135 0 0 0 0 0 0 0
car 0.0 0 0 228 14 239 28 0 0 0 0 0 0 0
car 0.75 0 0 295 0 312 2 0 0 0 0 0 0 0
car 0.333333333333 0 0 319 0 349 8 0 0 0 0 0 0 0
car 0.0 0 0 271 24 286 31 0 0 0 0 0 0 0
car 0.0 0 0 287 26 305 34 0 0 0 0 0 0 0
car 0.0 0 0 307 28 324 36 0 0 0 0 0 0 0
car 0.0 0 0 327 32 344 40 0 0 0 0 0 0 0
car 0.0 0 0 305 49 324 57 0 0 0 0 0 0 0
car 0.0 0 0 268 47 278 63 0 0 0 0 0 0 0
car 0.0 0 0 259 65 278 75 0 0 0 0 0 0 0
car 0.0 0 0 256 73 275 83 0 0 0 0 0 0 0
car 0.0 0 0 254 82 272 91 0 0 0 0 0 0 0
car 0.0 0 0 253 90 272 98 0 0 0 0 0 0 0
car 0.0 0 0 299 55 319 64 0 0 0 0 0 0 0
car 0.0 0 0 253 99 268 106 0 0 0 0 0 0 0
car 0.0 0 0 252 109 268 115 0 0 0 0 0 0 0
car 0.0 0 0 267 109 276 123 0 0 0 0 0 0 0
car 0.0 0 0 250 117 264 123 0 0 0 0 0 0 0
car 0.0 0 0 246 126 263 134 0 0 0 0 0 0 0
car 0.0 0 0 245 135 262 141 0 0 0 0 0 0 0
car 0.0 0 0 243 141 260 149 0 0 0 0 0 0 0
car 0.0 0 0 242 149 260 157 0 0 0 0 0 0 0
car 0.0 0 0 239 157 254 162 0 0 0 0 0 0 0
car 0.0 0 0 240 165 257 171 0 0 0 0 0 0 0
car 0.0 0 0 236 172 252 178 0 0 0 0 0 0 0
car 0.0 0 0 251 176 263 191 0 0 0 0 0 0 0
car 0.0 0 0 237 178 250 184 0 0 0 0 0 0 0
car 0.0 0 0 267 189 284 196 0 0 0 0 0 0 0
car 0.0 0 0 268 183 283 189 0 0 0 0 0 0 0
car 0.0 0 0 299 63 317 72 0 0 0 0 0 0 0
car 0.0 0 0 295 71 314 79 0 0 0 0 0 0 0
car 0.0 0 0 294 80 312 86 0 0 0 0 0 0 0
car 0.0 0 0 290 87 308 94 0 0 0 0 0 0 0
car 0.0 0 0 290 94 307 101 0 0 0 0 0 0 0
car 0.0 0 0 288 102 305 108 0 0 0 0 0 0 0
car 0.0 0 0 288 109 302 116 0 0 0 0 0 0 0
car 0.0 0 0 282 119 298 125 0 0 0 0 0 0 0
car 0.0 0 0 283 127 297 134 0 0 0 0 0 0 0
car 0.0 0 0 280 133 297 141 0 0 0 0 0 0 0
car 0.0 0 0 280 142 296 149 0 0 0 0 0 0 0
car 0.0 0 0 277 151 295 158 0 0 0 0 0 0 0
car 0.0 0 0 273 158 293 166 0 0 0 0 0 0 0
car 0.6875 0 0 0 83 5 106 0 0 0 0 0 0 0
car 0.0 0 0 105 149 129 159 0 0 0 0 0 0 0
