car 0.0 0 0 101 209 110 222 0 0 0 0 0 0 0
car 0.0 0 0 112 211 121 223 0 0 0 0 0 0 0
car 0.0 0 0 125 212 132 224 0 0 0 0 0 0 0
car 0.0 0 0 132 214 144 236 0 0 0 0 0 0 0
car 0.0 0 0 146 215 153 227 0 0 0 0 0 0 0
car 0.0 0 0 266 228 276 243 0 0 0 0 0 0 0
car 0.0 0 0 314 233 323 247 0 0 0 0 0 0 0
car 0.0 0 0 289 232 306 253 0 0 0 0 0 0 0
car 0.0 0 0 118 293 129 308 0 0 0 0 0 0 0
car 0.0 0 0 218 287 230 301 0 0 0 0 0 0 0
car 0.0 0 0 241 292 250 306 0 0 0 0 0 0 0
car 0.0 0 0 256 294 266 307 0 0 0 0 0 0 0
car 0.0 0 0 150 317 160 332 0 0 0 0 0 0 0
car 0.0 0 0 178 310 190 329 0 0 0 0 0 0 0
car 0.0 0 0 188 318 197 333 0 0 0 0 0 0 0
car 0.0 0 0 204 318 214 332 0 0 0 0 0 0 0
car 0.0 0 0 218 322 228 336 0 0 0 0 0 0 0
car 0.0 0 0 238 324 249 341 0 0 0 0 0 0 0
car 0.0 0 0 251 326 259 340 0 0 0 0 0 0 0
car 0.0 0 0 260 327 270 340 0 0 0 0 0 0 0
car 0.0 0 0 273 332 282 344 0 0 0 0 0 0 0
car 0.0 0 0 304 301 322 331 0 0 0 0 0 0 0
car 0.777777777778 0 0 0 55 2 69 0 0 0 0 0 0 0
car 0.0 0 0 62 160 72 171 0 0 0 0 0 0 0
car 0.0 0 0 224 95 235 111 0 0 0 0 0 0 0
car 0.0 0 0 237 48 246 60 0 0 0 0 0 0 0
car 0.0 0 0 248 7 260 21 0 0 0 0 0 0 0
car 0.0 0 0 223 23 234 37 0 0 0 0 0 0 0
car 0.0 0 0 14 23 29 30 0 0 0 0 0 0 0
car 0.0 0 0 13 32 27 38 0 0 0 0 0 0 0
car 0.0 0 0 9 38 26 46 0 0 0 0 0 0 0
