car 0.9 0 0 0 285 1 299 0 0 0 0 0 0 0
car 0.0 0 0 1 287 11 301 0 0 0 0 0 0 0
car 0.0 0 0 11 287 21 302 0 0 0 0 0 0 0
car 0.0 0 0 19 287 31 304 0 0 0 0 0 0 0
car 0.0 0 0 27 290 43 306 0 0 0 0 0 0 0
car 0.461538461538 0 0 0 261 14 270 0 0 0 0 0 0 0
car 0.0 0 0 100 297 113 310 0 0 0 0 0 0 0
car 0.0 0 0 113 296 127 310 0 0 0 0 0 0 0
car 0.0 0 0 171 300 187 307 0 0 0 0 0 0 0
car 0.0 0 0 181 308 192 321 0 0 0 0 0 0 0
car 0.0 0 0 191 307 202 320 0 0 0 0 0 0 0
car 0.0 0 0 202 309 216 324 0 0 0 0 0 0 0
car 0.0 0 0 217 308 237 323 0 0 0 0 0 0 0
car 0.0 0 0 239 306 257 312 0 0 0 0 0 0 0
car 0.0 0 0 243 313 257 325 0 0 0 0 0 0 0
car 0.0 0 0 287 303 305 310 0 0 0 0 0 0 0
car 0.0 0 0 262 314 276 326 0 0 0 0 0 0 0
car 0.0 0 0 272 314 287 327 0 0 0 0 0 0 0
car 0.0 0 0 282 316 295 327 0 0 0 0 0 0 0
car 0.0 0 0 294 318 310 330 0 0 0 0 0 0 0
car 0.1875 0 0 326 314 352 325 0 0 0 0 0 0 0
car 0.0 0 0 243 283 260 290 0 0 0 0 0 0 0
car 0.0 0 0 120 220 138 230 0 0 0 0 0 0 0
car 0.0 0 0 116 237 137 245 0 0 0 0 0 0 0
car 0.0 0 0 113 250 134 259 0 0 0 0 0 0 0
car 0.0 0 0 112 258 129 266 0 0 0 0 0 0 0
car 0.0 0 0 124 206 142 215 0 0 0 0 0 0 0
car 0.0 0 0 127 188 145 196 0 0 0 0 0 0 0
car 0.0 0 0 129 174 147 182 0 0 0 0 0 0 0
car 0.0 0 0 133 136 144 158 0 0 0 0 0 0 0
car 0.0 0 0 144 119 160 131 0 0 0 0 0 0 0
car 0.0 0 0 163 124 172 138 0 0 0 0 0 0 0
car 0.0 0 0 178 127 189 138 0 0 0 0 0 0 0
car 0.0 0 0 191 129 201 142 0 0 0 0 0 0 0
car 0.0 0 0 199 129 214 145 0 0 0 0 0 0 0
car 0.0 0 0 211 130 223 145 0 0 0 0 0 0 0
car 0.0 0 0 228 131 240 147 0 0 0 0 0 0 0
car 0.0 0 0 213 116 230 124 0 0 0 0 0 0 0
car 0.0 0 0 240 119 255 127 0 0 0 0 0 0 0
car 0.0 0 0 242 134 252 149 0 0 0 0 0 0 0
car 0.0 0 0 268 138 277 152 0 0 0 0 0 0 0
car 0.0 0 0 277 137 290 154 0 0 0 0 0 0 0
car 0.0 0 0 252 104 261 117 0 0 0 0 0 0 0
car 0.0 0 0 294 141 303 156 0 0 0 0 0 0 0
car 0.0 0 0 302 142 311 158 0 0 0 0 0 0 0
car 0.0 0 0 312 144 323 158 0 0 0 0 0 0 0
car 0.0 0 0 328 147 340 162 0 0 0 0 0 0 0
car 0.0 0 0 339 146 349 160 0 0 0 0 0 0 0
car 0.0 0 0 283 117 300 126 0 0 0 0 0 0 0
car 0.0 0 0 301 120 319 128 0 0 0 0 0 0 0
car 0.0 0 0 296 126 315 134 0 0 0 0 0 0 0
car 0.0 0 0 333 123 349 135 0 0 0 0 0 0 0
car 0.0 0 0 139 106 160 115 0 0 0 0 0 0 0
car 0.0 0 0 121 106 141 115 0 0 0 0 0 0 0
car 0.0 0 0 102 109 120 118 0 0 0 0 0 0 0
car 0.0 0 0 54 96 74 104 0 0 0 0 0 0 0
car 0.0 0 0 112 120 123 133 0 0 0 0 0 0 0
car 0.0 0 0 101 116 112 130 0 0 0 0 0 0 0
car 0.0 0 0 91 115 102 129 0 0 0 0 0 0 0
car 0.0 0 0 82 114 90 128 0 0 0 0 0 0 0
car 0.0 0 0 72 113 82 126 0 0 0 0 0 0 0
car 0.0 0 0 63 112 72 125 0 0 0 0 0 0 0
car 0.0 0 0 42 108 51 123 0 0 0 0 0 0 0
car 0.0 0 0 33 107 43 121 0 0 0 0 0 0 0
car 0.0 0 0 53 113 62 124 0 0 0 0 0 0 0
car 0.0 0 0 0 118 11 132 0 0 0 0 0 0 0
car 0.461538461538 0 0 0 134 7 147 0 0 0 0 0 0 0
car 0.0 0 0 9 52 21 67 0 0 0 0 0 0 0
car 0.642857142857 0 0 43 0 54 5 0 0 0 0 0 0 0
car 0.0 0 0 38 7 49 21 0 0 0 0 0 0 0
car 0.0 0 0 31 23 42 38 0 0 0 0 0 0 0
car 0.0 0 0 25 39 38 55 0 0 0 0 0 0 0
car 0.0 0 0 18 59 30 74 0 0 0 0 0 0 0
car 0.0 0 0 14 74 25 87 0 0 0 0 0 0 0
car 0.0 0 0 286 77 301 101 0 0 0 0 0 0 0
car 0.0 0 0 302 78 314 102 0 0 0 0 0 0 0
car 0.0 0 0 313 83 329 106 0 0 0 0 0 0 0
car 0.0 0 0 261 23 278 32 0 0 0 0 0 0 0
car 0.0 0 0 255 30 272 37 0 0 0 0 0 0 0
car 0.0 0 0 179 96 190 110 0 0 0 0 0 0 0
car 0.0 0 0 170 96 178 108 0 0 0 0 0 0 0
