car 0.0 0 0 10 210 21 225 0 0 0 0 0 0 0
car 0.0 0 0 6 181 16 196 0 0 0 0 0 0 0
car 0.0 0 0 1 252 10 265 0 0 0 0 0 0 0
car 0.0 0 0 4 143 16 158 0 0 0 0 0 0 0
car 0.0 0 0 25 154 36 170 0 0 0 0 0 0 0
car 0.0 0 0 12 107 23 123 0 0 0 0 0 0 0
car 0.0 0 0 34 119 43 135 0 0 0 0 0 0 0
car 0.0 0 0 39 103 49 118 0 0 0 0 0 0 0
car 0.105263157895 0 0 0 79 17 85 0 0 0 0 0 0 0
car 0.0 0 0 50 56 59 71 0 0 0 0 0 0 0
car 0.0 0 0 42 83 53 99 0 0 0 0 0 0 0
car 0.0 0 0 283 72 292 88 0 0 0 0 0 0 0
car 0.0 0 0 279 90 289 102 0 0 0 0 0 0 0
car 0.0 0 0 274 103 283 118 0 0 0 0 0 0 0
car 0.0 0 0 264 142 275 159 0 0 0 0 0 0 0
car 0.0 0 0 261 161 272 176 0 0 0 0 0 0 0
car 0.0 0 0 250 211 259 225 0 0 0 0 0 0 0
car 0.0 0 0 246 229 257 245 0 0 0 0 0 0 0
car 0.0 0 0 233 295 244 312 0 0 0 0 0 0 0
car 0.0 0 0 229 314 239 328 0 0 0 0 0 0 0
car 0.0 0 0 1 155 12 171 0 0 0 0 0 0 0
