car 0.619047619048 0 0 0 194 8 203 0 0 0 0 0 0 0
car 0.0 0 0 6 61 24 70 0 0 0 0 0 0 0
car 0.0 0 0 63 36 72 48 0 0 0 0 0 0 0
car 0.0 0 0 60 50 69 64 0 0 0 0 0 0 0
car 0.0 0 0 68 12 80 26 0 0 0 0 0 0 0
car 0.0 0 0 317 55 326 69 0 0 0 0 0 0 0
car 0.0 0 0 290 74 300 87 0 0 0 0 0 0 0
car 0.0 0 0 282 102 293 116 0 0 0 0 0 0 0
car 0.0 0 0 67 71 88 81 0 0 0 0 0 0 0
car 0.0 0 0 232 241 252 252 0 0 0 0 0 0 0
car 0.0666666666667 0 0 338 23 352 30 0 0 0 0 0 0 0
car 0.0 0 0 337 32 351 38 0 0 0 0 0 0 0
car 0.0 0 0 333 38 350 46 0 0 0 0 0 0 0
