car 0.0 0 0 265 93 283 101 0 0 0 0 0 0 0
car 0.0 0 0 252 103 266 116 0 0 0 0 0 0 0
car 0.0 0 0 240 104 256 118 0 0 0 0 0 0 0
car 0.0 0 0 219 104 233 116 0 0 0 0 0 0 0
car 0.0 0 0 208 103 221 116 0 0 0 0 0 0 0
car 0.0 0 0 196 104 209 116 0 0 0 0 0 0 0
car 0.0 0 0 173 101 186 113 0 0 0 0 0 0 0
car 0.0 0 0 160 99 173 112 0 0 0 0 0 0 0
car 0.0 0 0 147 97 160 111 0 0 0 0 0 0 0
car 0.0 0 0 122 93 138 108 0 0 0 0 0 0 0
car 0.0 0 0 113 95 126 110 0 0 0 0 0 0 0
car 0.0 0 0 89 91 101 104 0 0 0 0 0 0 0
car 0.0 0 0 75 93 90 105 0 0 0 0 0 0 0
car 0.0 0 0 66 90 77 103 0 0 0 0 0 0 0
car 0.0 0 0 51 88 65 102 0 0 0 0 0 0 0
car 0.0 0 0 39 89 51 101 0 0 0 0 0 0 0
car 0.0 0 0 27 89 41 101 0 0 0 0 0 0 0
car 0.0 0 0 17 87 29 101 0 0 0 0 0 0 0
car 0.0 0 0 2 86 16 99 0 0 0 0 0 0 0
car 0.916666666667 0 0 0 86 1 99 0 0 0 0 0 0 0
car 0.444444444444 0 0 0 30 5 43 0 0 0 0 0 0 0
car 0.0 0 0 1 45 12 62 0 0 0 0 0 0 0
car 0.0 0 0 4 13 13 25 0 0 0 0 0 0 0
car 0.785714285714 0 0 0 264 3 270 0 0 0 0 0 0 0
car 0.0 0 0 6 268 22 273 0 0 0 0 0 0 0
car 0.0 0 0 36 273 52 281 0 0 0 0 0 0 0
car 0.0 0 0 59 277 77 284 0 0 0 0 0 0 0
car 0.0 0 0 82 282 99 289 0 0 0 0 0 0 0
car 0.0 0 0 105 290 125 299 0 0 0 0 0 0 0
car 0.6 0 0 348 278 352 291 0 0 0 0 0 0 0
car 0.0 0 0 144 304 163 316 0 0 0 0 0 0 0
car 0.0 0 0 6 67 22 75 0 0 0 0 0 0 0
