car 0.0 0 0 186 215 204 224 0 0 0 0 0 0 0
car 0.0 0 0 218 238 230 253 0 0 0 0 0 0 0
car 0.0 0 0 214 254 225 268 0 0 0 0 0 0 0
car 0.0 0 0 260 251 271 268 0 0 0 0 0 0 0
car 0.0 0 0 211 268 222 283 0 0 0 0 0 0 0
car 0.0 0 0 220 287 230 301 0 0 0 0 0 0 0
car 0.0 0 0 272 281 281 295 0 0 0 0 0 0 0
car 0.0 0 0 245 302 256 317 0 0 0 0 0 0 0
car 0.0 0 0 200 300 211 315 0 0 0 0 0 0 0
car 0.0 0 0 281 282 290 296 0 0 0 0 0 0 0
car 0.0 0 0 290 282 300 296 0 0 0 0 0 0 0
car 0.0 0 0 301 284 309 299 0 0 0 0 0 0 0
car 0.0 0 0 315 285 325 299 0 0 0 0 0 0 0
car 0.0 0 0 325 287 335 301 0 0 0 0 0 0 0
car 0.0 0 0 335 287 345 302 0 0 0 0 0 0 0
car 0.25 0 0 343 287 352 304 0 0 0 0 0 0 0
car 0.9375 0 0 351 290 352 306 0 0 0 0 0 0 0
car 0.0 0 0 312 261 338 270 0 0 0 0 0 0 0
car 0.0 0 0 255 327 268 347 0 0 0 0 0 0 0
car 0.0 0 0 195 316 205 331 0 0 0 0 0 0 0
car 0.0 0 0 190 330 204 346 0 0 0 0 0 0 0
car 0.0 0 0 324 118 335 132 0 0 0 0 0 0 0
car 0.0 0 0 318 134 331 147 0 0 0 0 0 0 0
car 0.0 0 0 310 159 321 173 0 0 0 0 0 0 0
car 0.0 0 0 305 178 314 193 0 0 0 0 0 0 0
car 0.0 0 0 296 197 308 213 0 0 0 0 0 0 0
car 0.0 0 0 285 207 295 222 0 0 0 0 0 0 0
car 0.0 0 0 276 202 285 216 0 0 0 0 0 0 0
car 0.0 0 0 292 220 301 232 0 0 0 0 0 0 0
car 0.0 0 0 286 236 296 248 0 0 0 0 0 0 0
car 0.0 0 0 284 247 293 260 0 0 0 0 0 0 0
car 0.0 0 0 263 105 274 119 0 0 0 0 0 0 0
car 0.0 0 0 276 120 288 134 0 0 0 0 0 0 0
car 0.0 0 0 252 140 267 161 0 0 0 0 0 0 0
car 0.0 0 0 238 175 251 191 0 0 0 0 0 0 0
car 0.0 0 0 232 192 245 209 0 0 0 0 0 0 0
car 0.0 0 0 236 207 247 222 0 0 0 0 0 0 0
car 0.0 0 0 224 220 237 235 0 0 0 0 0 0 0
car 0.0 0 0 210 92 228 99 0 0 0 0 0 0 0
car 0.0 0 0 230 95 250 105 0 0 0 0 0 0 0
car 0.0 0 0 240 72 252 86 0 0 0 0 0 0 0
car 0.0 0 0 252 96 270 104 0 0 0 0 0 0 0
car 0.0 0 0 276 61 289 77 0 0 0 0 0 0 0
car 0.0 0 0 287 49 300 64 0 0 0 0 0 0 0
car 0.0 0 0 138 51 154 68 0 0 0 0 0 0 0
car 0.0 0 0 131 50 142 64 0 0 0 0 0 0 0
car 0.0 0 0 112 46 123 62 0 0 0 0 0 0 0
car 0.0 0 0 101 44 113 59 0 0 0 0 0 0 0
car 0.0 0 0 83 38 96 55 0 0 0 0 0 0 0
car 0.0 0 0 68 37 82 52 0 0 0 0 0 0 0
car 0.0 0 0 56 38 67 53 0 0 0 0 0 0 0
car 0.0 0 0 47 35 57 50 0 0 0 0 0 0 0
car 0.0 0 0 36 33 45 48 0 0 0 0 0 0 0
car 0.0 0 0 27 31 38 46 0 0 0 0 0 0 0
car 0.0 0 0 18 29 26 41 0 0 0 0 0 0 0
car 0.0 0 0 42 69 53 85 0 0 0 0 0 0 0
car 0.0 0 0 52 72 60 86 0 0 0 0 0 0 0
car 0.0 0 0 64 80 76 94 0 0 0 0 0 0 0
car 0.0 0 0 78 83 90 98 0 0 0 0 0 0 0
car 0.0 0 0 106 94 126 102 0 0 0 0 0 0 0
car 0.0 0 0 333 52 345 67 0 0 0 0 0 0 0
car 0.0 0 0 286 33 298 48 0 0 0 0 0 0 0
car 0.0 0 0 293 14 305 32 0 0 0 0 0 0 0
car 0.0 0 0 299 1 311 15 0 0 0 0 0 0 0
car 0.846153846154 0 0 304 0 313 2 0 0 0 0 0 0 0
car 0.769230769231 0 0 349 39 352 55 0 0 0 0 0 0 0
car 0.166666666667 0 0 342 59 352 74 0 0 0 0 0 0 0
car 0.0 0 0 338 74 349 87 0 0 0 0 0 0 0
car 0.0 0 0 149 285 168 294 0 0 0 0 0 0 0
car 0.0 0 0 167 290 181 295 0 0 0 0 0 0 0
car 0.0 0 0 104 279 122 286 0 0 0 0 0 0 0
car 0.0 0 0 197 60 206 74 0 0 0 0 0 0 0
car 0.0 0 0 170 56 179 72 0 0 0 0 0 0 0
car 0.0 0 0 224 86 242 94 0 0 0 0 0 0 0
car 0.0 0 0 257 118 270 135 0 0 0 0 0 0 0
