car 0.0 0 0 46 245 78 260 0 0 0 0 0 0 0
car 0.75 0 0 0 215 4 223 0 0 0 0 0 0 0
car 0.0 0 0 3 219 21 227 0 0 0 0 0 0 0
car 0.0 0 0 74 221 84 233 0 0 0 0 0 0 0
car 0.0 0 0 57 220 67 232 0 0 0 0 0 0 0
car 0.0 0 0 19 244 41 251 0 0 0 0 0 0 0
car 0.0 0 0 179 252 199 263 0 0 0 0 0 0 0
car 0.0 0 0 209 258 231 268 0 0 0 0 0 0 0
car 0.0 0 0 232 256 251 266 0 0 0 0 0 0 0
car 0.0 0 0 155 269 170 275 0 0 0 0 0 0 0
car 0.0 0 0 213 277 232 286 0 0 0 0 0 0 0
car 0.0 0 0 252 261 272 270 0 0 0 0 0 0 0
car 0.0 0 0 326 266 338 281 0 0 0 0 0 0 0
car 0.0 0 0 323 283 340 293 0 0 0 0 0 0 0
car 0.0 0 0 283 144 303 153 0 0 0 0 0 0 0
car 0.0 0 0 327 186 344 194 0 0 0 0 0 0 0
car 0.0 0 0 311 201 322 214 0 0 0 0 0 0 0
car 0.0 0 0 162 121 184 133 0 0 0 0 0 0 0
car 0.0 0 0 169 158 188 167 0 0 0 0 0 0 0
car 0.0 0 0 125 135 142 144 0 0 0 0 0 0 0
car 0.0 0 0 123 149 144 158 0 0 0 0 0 0 0
car 0.0 0 0 85 144 101 151 0 0 0 0 0 0 0
car 0.0 0 0 35 120 54 128 0 0 0 0 0 0 0
car 0.0 0 0 41 136 56 143 0 0 0 0 0 0 0
car 0.0 0 0 35 72 54 80 0 0 0 0 0 0 0
