car 0.0 0 0 329 225 347 259 0 0 0 0 0 0 0
car 0.58064516129 0 0 0 54 13 66 0 0 0 0 0 0 0
car 0.0 0 0 23 85 39 93 0 0 0 0 0 0 0
car 0.666666666667 0 0 0 118 4 134 0 0 0 0 0 0 0
car 0.0 0 0 44 89 59 96 0 0 0 0 0 0 0
car 0.0 0 0 65 92 81 99 0 0 0 0 0 0 0
car 0.0 0 0 89 98 106 104 0 0 0 0 0 0 0
car 0.0 0 0 128 132 146 140 0 0 0 0 0 0 0
car 0.0 0 0 129 79 146 87 0 0 0 0 0 0 0
car 0.0 0 0 150 84 162 90 0 0 0 0 0 0 0
car 0.0 0 0 85 74 98 79 0 0 0 0 0 0 0
car 0.0 0 0 203 93 220 100 0 0 0 0 0 0 0
car 0.0 0 0 164 86 180 94 0 0 0 0 0 0 0
car 0.0 0 0 234 98 251 104 0 0 0 0 0 0 0
car 0.0 0 0 233 117 248 125 0 0 0 0 0 0 0
car 0.0 0 0 259 122 276 130 0 0 0 0 0 0 0
car 0.0 0 0 204 117 219 123 0 0 0 0 0 0 0
car 0.0 0 0 284 127 303 136 0 0 0 0 0 0 0
car 0.0 0 0 309 129 328 140 0 0 0 0 0 0 0
car 0.0 0 0 291 108 309 115 0 0 0 0 0 0 0
car 0.8 0 0 350 250 352 268 0 0 0 0 0 0 0
car 0.0 0 0 4 337 13 349 0 0 0 0 0 0 0
car 0.0 0 0 19 139 55 154 0 0 0 0 0 0 0
car 0.0 0 0 151 108 172 117 0 0 0 0 0 0 0
