car 0.818181818182 0 0 344 225 352 243 0 0 0 0 0 0 0
car 0.0 0 0 1 259 12 272 0 0 0 0 0 0 0
car 0.583333333333 0 0 0 273 5 288 0 0 0 0 0 0 0
car 0.0 0 0 37 295 52 316 0 0 0 0 0 0 0
car 0.0 0 0 31 289 43 303 0 0 0 0 0 0 0
car 0.0 0 0 43 315 54 329 0 0 0 0 0 0 0
car 0.0 0 0 38 331 49 345 0 0 0 0 0 0 0
car 0.666666666667 0 0 31 347 42 352 0 0 0 0 0 0 0
car 0.0 0 0 49 299 62 314 0 0 0 0 0 0 0
car 0.0 0 0 49 271 58 286 0 0 0 0 0 0 0
car 0.0 0 0 36 273 47 287 0 0 0 0 0 0 0
car 0.0 0 0 43 255 52 268 0 0 0 0 0 0 0
car 0.0 0 0 57 245 77 266 0 0 0 0 0 0 0
car 0.0 0 0 59 270 71 286 0 0 0 0 0 0 0
car 0.0 0 0 93 220 113 230 0 0 0 0 0 0 0
car 0.0 0 0 115 214 135 224 0 0 0 0 0 0 0
car 0.0 0 0 152 226 169 236 0 0 0 0 0 0 0
car 0.0 0 0 122 231 138 239 0 0 0 0 0 0 0
car 0.0 0 0 145 235 160 244 0 0 0 0 0 0 0
car 0.0 0 0 151 204 182 217 0 0 0 0 0 0 0
car 0.0 0 0 199 232 230 243 0 0 0 0 0 0 0
car 0.0 0 0 191 243 213 253 0 0 0 0 0 0 0
car 0.0 0 0 214 249 231 256 0 0 0 0 0 0 0
car 0.0 0 0 237 251 252 259 0 0 0 0 0 0 0
car 0.0 0 0 287 242 304 253 0 0 0 0 0 0 0
car 0.0 0 0 277 260 295 268 0 0 0 0 0 0 0
car 0.0 0 0 58 207 86 216 0 0 0 0 0 0 0
car 0.0 0 0 43 190 92 202 0 0 0 0 0 0 0
car 0.0 0 0 14 199 30 207 0 0 0 0 0 0 0
car 0.0 0 0 103 173 124 179 0 0 0 0 0 0 0
car 0.0 0 0 204 144 221 152 0 0 0 0 0 0 0
car 0.0 0 0 238 150 256 160 0 0 0 0 0 0 0
car 0.0 0 0 185 153 203 162 0 0 0 0 0 0 0
car 0.0 0 0 180 161 197 169 0 0 0 0 0 0 0
car 0.0 0 0 184 171 201 183 0 0 0 0 0 0 0
car 0.0 0 0 184 210 203 220 0 0 0 0 0 0 0
car 0.0 0 0 132 202 149 210 0 0 0 0 0 0 0
car 0.0 0 0 213 171 230 182 0 0 0 0 0 0 0
car 0.0 0 0 226 173 240 184 0 0 0 0 0 0 0
car 0.0 0 0 236 176 252 189 0 0 0 0 0 0 0
car 0.0 0 0 250 176 267 188 0 0 0 0 0 0 0
car 0.6 0 0 344 255 352 262 0 0 0 0 0 0 0
car 0.0 0 0 320 267 336 275 0 0 0 0 0 0 0
car 0.3 0 0 338 267 352 278 0 0 0 0 0 0 0
car 0.444444444444 0 0 261 347 278 352 0 0 0 0 0 0 0
car 0.0 0 0 207 212 224 223 0 0 0 0 0 0 0
