car 0.8 0 0 0 72 2 86 0 0 0 0 0 0 0
car 0.0 0 0 5 70 21 83 0 0 0 0 0 0 0
car 0.0 0 0 13 75 29 88 0 0 0 0 0 0 0
car 0.0 0 0 19 85 40 100 0 0 0 0 0 0 0
car 0.0 0 0 127 142 146 149 0 0 0 0 0 0 0
car 0.0 0 0 170 163 184 176 0 0 0 0 0 0 0
car 0.0 0 0 192 177 207 190 0 0 0 0 0 0 0
car 0.230769230769 0 0 0 108 10 117 0 0 0 0 0 0 0
car 0.0 0 0 8 112 17 124 0 0 0 0 0 0 0
car 0.0 0 0 24 125 37 136 0 0 0 0 0 0 0
car 0.0 0 0 14 122 26 132 0 0 0 0 0 0 0
car 0.0 0 0 99 175 123 187 0 0 0 0 0 0 0
car 0.0 0 0 55 150 74 163 0 0 0 0 0 0 0
car 0.0 0 0 80 166 96 178 0 0 0 0 0 0 0
car 0.0 0 0 229 221 257 237 0 0 0 0 0 0 0
car 0.0 0 0 278 227 299 247 0 0 0 0 0 0 0
car 0.0 0 0 273 248 292 262 0 0 0 0 0 0 0
car 0.0 0 0 314 253 330 267 0 0 0 0 0 0 0
car 0.0 0 0 304 244 324 263 0 0 0 0 0 0 0
car 0.0 0 0 230 252 250 263 0 0 0 0 0 0 0
car 0.8 0 0 0 326 2 337 0 0 0 0 0 0 0
car 0.133333333333 0 0 0 329 13 342 0 0 0 0 0 0 0
car 0.0 0 0 7 333 20 345 0 0 0 0 0 0 0
car 0.166666666667 0 0 20 342 35 352 0 0 0 0 0 0 0
car 0.5 0 0 30 346 44 352 0 0 0 0 0 0 0
car 0.0 0 0 207 245 223 260 0 0 0 0 0 0 0
car 0.0 0 0 326 94 342 105 0 0 0 0 0 0 0
car 0.0 0 0 298 91 312 104 0 0 0 0 0 0 0
car 0.0 0 0 318 48 333 63 0 0 0 0 0 0 0
car 0.0 0 0 308 44 324 58 0 0 0 0 0 0 0
car 0.0 0 0 284 32 295 45 0 0 0 0 0 0 0
car 0.0 0 0 275 23 290 39 0 0 0 0 0 0 0
car 0.0 0 0 260 11 283 28 0 0 0 0 0 0 0
car 0.0 0 0 268 69 283 80 0 0 0 0 0 0 0
car 0.0 0 0 173 8 189 21 0 0 0 0 0 0 0
car 0.0 0 0 334 91 346 99 0 0 0 0 0 0 0
car 0.0 0 0 333 31 342 44 0 0 0 0 0 0 0
car 0.0 0 0 250 9 264 19 0 0 0 0 0 0 0
car 0.0 0 0 299 292 316 303 0 0 0 0 0 0 0
car 0.0 0 0 82 134 96 147 0 0 0 0 0 0 0
car 0.0 0 0 276 275 295 287 0 0 0 0 0 0 0
car 0.0 0 0 222 190 237 203 0 0 0 0 0 0 0
car 0.0 0 0 216 186 229 199 0 0 0 0 0 0 0
car 0.0 0 0 200 180 215 196 0 0 0 0 0 0 0
car 0.0 0 0 123 192 143 204 0 0 0 0 0 0 0
car 0.0 0 0 290 308 312 323 0 0 0 0 0 0 0
car 0.0 0 0 277 75 292 90 0 0 0 0 0 0 0
car 0.0 0 0 259 60 275 74 0 0 0 0 0 0 0
car 0.0 0 0 294 35 313 49 0 0 0 0 0 0 0
car 0.0 0 0 184 10 198 25 0 0 0 0 0 0 0
car 0.0 0 0 187 15 205 32 0 0 0 0 0 0 0
