car 0.0 0 0 227 7 241 21 0 0 0 0 0 0 0
car 0.0 0 0 236 12 252 28 0 0 0 0 0 0 0
car 0.0 0 0 242 17 260 33 0 0 0 0 0 0 0
car 0.0 0 0 262 28 283 46 0 0 0 0 0 0 0
car 0.0 0 0 275 34 289 46 0 0 0 0 0 0 0
car 0.0 0 0 290 44 300 55 0 0 0 0 0 0 0
car 0.0 0 0 316 72 326 86 0 0 0 0 0 0 0
car 0.0 0 0 329 70 345 83 0 0 0 0 0 0 0
car 0.0625 0 0 337 75 352 88 0 0 0 0 0 0 0
car 0.571428571429 0 0 343 85 352 100 0 0 0 0 0 0 0
car 0.0 0 0 321 108 334 117 0 0 0 0 0 0 0
car 0.0 0 0 332 112 341 124 0 0 0 0 0 0 0
car 0.692307692308 0 0 348 125 352 136 0 0 0 0 0 0 0
car 0.0 0 0 338 122 350 132 0 0 0 0 0 0 0
car 0.0 0 0 199 13 215 25 0 0 0 0 0 0 0
car 0.0 0 0 181 27 201 38 0 0 0 0 0 0 0
car 0.0 0 0 161 13 178 22 0 0 0 0 0 0 0
car 0.0 0 0 144 19 157 30 0 0 0 0 0 0 0
car 0.0 0 0 131 28 146 41 0 0 0 0 0 0 0
car 0.0 0 0 23 83 43 107 0 0 0 0 0 0 0
car 0.0 0 0 6 110 18 123 0 0 0 0 0 0 0
car 0.0 0 0 62 99 75 111 0 0 0 0 0 0 0
car 0.0 0 0 49 113 62 126 0 0 0 0 0 0 0
car 0.0 0 0 35 128 47 140 0 0 0 0 0 0 0
car 0.0 0 0 46 136 67 158 0 0 0 0 0 0 0
car 0.0 0 0 80 155 95 169 0 0 0 0 0 0 0
car 0.0 0 0 146 200 162 213 0 0 0 0 0 0 0
car 0.0 0 0 102 202 120 212 0 0 0 0 0 0 0
car 0.0 0 0 169 214 181 226 0 0 0 0 0 0 0
car 0.0 0 0 196 244 209 255 0 0 0 0 0 0 0
car 0.0 0 0 204 250 217 261 0 0 0 0 0 0 0
car 0.0 0 0 222 245 234 254 0 0 0 0 0 0 0
car 0.0 0 0 213 254 227 266 0 0 0 0 0 0 0
car 0.0 0 0 262 267 278 281 0 0 0 0 0 0 0
car 0.0 0 0 269 272 285 285 0 0 0 0 0 0 0
car 0.0 0 0 275 279 289 293 0 0 0 0 0 0 0
car 0.0 0 0 108 251 125 265 0 0 0 0 0 0 0
car 0.0 0 0 117 258 135 273 0 0 0 0 0 0 0
car 0.0 0 0 159 272 171 284 0 0 0 0 0 0 0
car 0.0 0 0 163 282 180 295 0 0 0 0 0 0 0
car 0.0 0 0 183 299 196 312 0 0 0 0 0 0 0
car 0.0 0 0 191 302 203 316 0 0 0 0 0 0 0
car 0.0 0 0 199 305 216 319 0 0 0 0 0 0 0
car 0.0 0 0 207 310 222 325 0 0 0 0 0 0 0
car 0.0 0 0 223 319 239 334 0 0 0 0 0 0 0
car 0.0 0 0 229 325 249 342 0 0 0 0 0 0 0
car 0.4 0 0 237 343 253 352 0 0 0 0 0 0 0
car 0.8 0 0 245 349 260 352 0 0 0 0 0 0 0
car 0.533333333333 0 0 258 345 272 352 0 0 0 0 0 0 0
car 0.285714285714 0 0 270 342 284 352 0 0 0 0 0 0 0
car 0.0 0 0 316 326 326 337 0 0 0 0 0 0 0
car 0.0 0 0 307 319 321 332 0 0 0 0 0 0 0
car 0.0 0 0 322 329 337 342 0 0 0 0 0 0 0
car 0.0 0 0 331 333 344 345 0 0 0 0 0 0 0
car 0.555555555556 0 0 344 342 352 352 0 0 0 0 0 0 0
car 0.75 0 0 293 350 308 352 0 0 0 0 0 0 0
car 0.0 0 0 29 304 43 316 0 0 0 0 0 0 0
car 0.0909090909091 0 0 147 342 159 352 0 0 0 0 0 0 0
car 0.8 0 0 162 350 175 352 0 0 0 0 0 0 0
car 0.0 0 0 46 219 62 233 0 0 0 0 0 0 0
car 0.0 0 0 74 219 101 234 0 0 0 0 0 0 0
car 0.0 0 0 139 196 152 209 0 0 0 0 0 0 0
car 0.0 0 0 45 206 53 220 0 0 0 0 0 0 0
