car 0.8 0 0 0 2 2 13 0 0 0 0 0 0 0
car 0.133333333333 0 0 0 5 13 18 0 0 0 0 0 0 0
car 0.0 0 0 7 9 20 21 0 0 0 0 0 0 0
car 0.0 0 0 20 18 35 30 0 0 0 0 0 0 0
car 0.0 0 0 30 22 44 34 0 0 0 0 0 0 0
car 0.0 0 0 44 31 57 42 0 0 0 0 0 0 0
car 0.0 0 0 0 41 15 52 0 0 0 0 0 0 0
car 0.933333333333 0 0 0 49 1 62 0 0 0 0 0 0 0
car 0.454545454545 0 0 0 53 6 67 0 0 0 0 0 0 0
car 0.0 0 0 1 57 14 69 0 0 0 0 0 0 0
car 0.0 0 0 10 61 26 72 0 0 0 0 0 0 0
car 0.0 0 0 20 63 32 76 0 0 0 0 0 0 0
car 0.0 0 0 27 68 39 81 0 0 0 0 0 0 0
car 0.0 0 0 36 72 49 83 0 0 0 0 0 0 0
car 0.0 0 0 42 76 54 90 0 0 0 0 0 0 0
car 0.0 0 0 51 82 65 95 0 0 0 0 0 0 0
car 0.0 0 0 68 86 78 97 0 0 0 0 0 0 0
car 0.0 0 0 87 100 100 112 0 0 0 0 0 0 0
car 0.0 0 0 94 104 110 116 0 0 0 0 0 0 0
car 0.384615384615 0 0 0 155 8 166 0 0 0 0 0 0 0
car 0.0 0 0 34 193 50 205 0 0 0 0 0 0 0
car 0.8 0 0 0 239 3 250 0 0 0 0 0 0 0
car 0.0 0 0 14 246 35 258 0 0 0 0 0 0 0
car 0.0 0 0 232 114 248 124 0 0 0 0 0 0 0
car 0.0 0 0 213 132 233 145 0 0 0 0 0 0 0
car 0.0 0 0 259 120 271 134 0 0 0 0 0 0 0
car 0.0 0 0 272 110 284 121 0 0 0 0 0 0 0
car 0.0 0 0 279 114 290 125 0 0 0 0 0 0 0
car 0.0 0 0 300 122 314 135 0 0 0 0 0 0 0
car 0.0 0 0 327 96 339 111 0 0 0 0 0 0 0
car 0.0 0 0 315 110 328 121 0 0 0 0 0 0 0
car 0.0 0 0 289 133 303 148 0 0 0 0 0 0 0
car 0.0 0 0 277 147 291 160 0 0 0 0 0 0 0
car 0.0 0 0 177 155 190 170 0 0 0 0 0 0 0
car 0.0 0 0 185 162 201 178 0 0 0 0 0 0 0
car 0.0 0 0 192 170 208 183 0 0 0 0 0 0 0
car 0.0 0 0 201 177 213 188 0 0 0 0 0 0 0
car 0.0 0 0 206 183 222 196 0 0 0 0 0 0 0
car 0.0 0 0 286 187 300 201 0 0 0 0 0 0 0
car 0.0 0 0 255 223 268 237 0 0 0 0 0 0 0
car 0.0 0 0 243 236 255 247 0 0 0 0 0 0 0
car 0.0 0 0 229 208 239 218 0 0 0 0 0 0 0
car 0.0 0 0 208 212 234 240 0 0 0 0 0 0 0
car 0.0 0 0 166 247 205 288 0 0 0 0 0 0 0
car 0.0 0 0 173 309 190 323 0 0 0 0 0 0 0
car 0.0 0 0 212 336 226 346 0 0 0 0 0 0 0
car 0.615384615385 0 0 233 347 250 352 0 0 0 0 0 0 0
car 0.0 0 0 280 216 296 227 0 0 0 0 0 0 0
car 0.0 0 0 297 226 312 237 0 0 0 0 0 0 0
car 0.0 0 0 312 234 330 247 0 0 0 0 0 0 0
car 0.0 0 0 325 199 341 210 0 0 0 0 0 0 0
car 0.0 0 0 323 144 338 155 0 0 0 0 0 0 0
car 0.0 0 0 309 156 325 170 0 0 0 0 0 0 0
car 0.0 0 0 299 170 310 180 0 0 0 0 0 0 0
car 0.0 0 0 326 177 339 188 0 0 0 0 0 0 0
car 0.0 0 0 334 129 348 145 0 0 0 0 0 0 0
car 0.0 0 0 330 84 348 92 0 0 0 0 0 0 0
car 0.0 0 0 160 293 174 301 0 0 0 0 0 0 0
