car 0.142857142857 0 0 95 0 109 12 0 0 0 0 0 0 0
car 0.0 0 0 104 2 117 16 0 0 0 0 0 0 0
car 0.0 0 0 113 6 127 21 0 0 0 0 0 0 0
car 0.0 0 0 121 12 136 25 0 0 0 0 0 0 0
car 0.0 0 0 137 18 153 33 0 0 0 0 0 0 0
car 0.0 0 0 179 37 193 52 0 0 0 0 0 0 0
car 0.0 0 0 192 76 204 89 0 0 0 0 0 0 0
car 0.0 0 0 200 80 215 93 0 0 0 0 0 0 0
car 0.0 0 0 207 85 222 98 0 0 0 0 0 0 0
car 0.0 0 0 214 90 230 102 0 0 0 0 0 0 0
car 0.0 0 0 202 104 216 117 0 0 0 0 0 0 0
car 0.0 0 0 258 108 274 122 0 0 0 0 0 0 0
car 0.0 0 0 217 112 233 126 0 0 0 0 0 0 0
car 0.0 0 0 288 127 302 140 0 0 0 0 0 0 0
car 0.0 0 0 270 137 283 149 0 0 0 0 0 0 0
car 0.0 0 0 304 134 320 148 0 0 0 0 0 0 0
car 0.0 0 0 294 149 306 162 0 0 0 0 0 0 0
car 0.0 0 0 301 153 316 165 0 0 0 0 0 0 0
car 0.0 0 0 314 138 329 152 0 0 0 0 0 0 0
car 0.0 0 0 323 140 339 153 0 0 0 0 0 0 0
car 0.0 0 0 331 146 346 160 0 0 0 0 0 0 0
car 0.0 0 0 319 161 333 173 0 0 0 0 0 0 0
car 0.615384615385 0 0 347 154 352 166 0 0 0 0 0 0 0
car 0.0 0 0 332 167 347 179 0 0 0 0 0 0 0
car 0.0 0 0 237 172 254 186 0 0 0 0 0 0 0
car 0.0 0 0 248 177 260 189 0 0 0 0 0 0 0
car 0.0 0 0 255 179 271 193 0 0 0 0 0 0 0
car 0.0 0 0 263 183 280 197 0 0 0 0 0 0 0
car 0.0 0 0 271 186 287 201 0 0 0 0 0 0 0
car 0.0 0 0 280 191 296 206 0 0 0 0 0 0 0
car 0.0 0 0 288 195 306 211 0 0 0 0 0 0 0
car 0.0 0 0 318 195 333 209 0 0 0 0 0 0 0
car 0.0 0 0 328 199 344 212 0 0 0 0 0 0 0
car 0.0 0 0 335 205 350 219 0 0 0 0 0 0 0
car 0.461538461538 0 0 345 209 352 222 0 0 0 0 0 0 0
