car 0.75 0 0 347 83 352 107 0 0 0 0 0 0 0
car 0.0 0 0 330 110 342 123 0 0 0 0 0 0 0
car 0.0 0 0 111 315 153 343 0 0 0 0 0 0 0
car 0.0 0 0 95 293 111 305 0 0 0 0 0 0 0
car 0.0 0 0 174 307 189 319 0 0 0 0 0 0 0
car 0.0 0 0 31 152 54 167 0 0 0 0 0 0 0
car 0.0 0 0 80 181 95 191 0 0 0 0 0 0 0
car 0.0 0 0 115 200 129 210 0 0 0 0 0 0 0
car 0.0 0 0 97 191 110 201 0 0 0 0 0 0 0
car 0.0 0 0 155 225 173 236 0 0 0 0 0 0 0
car 0.0 0 0 173 234 193 248 0 0 0 0 0 0 0
car 0.0 0 0 199 251 216 261 0 0 0 0 0 0 0
car 0.0 0 0 219 259 235 267 0 0 0 0 0 0 0
car 0.0 0 0 250 221 264 233 0 0 0 0 0 0 0
car 0.0 0 0 283 213 295 224 0 0 0 0 0 0 0
car 0.0 0 0 253 245 266 258 0 0 0 0 0 0 0
car 0.0 0 0 300 274 319 285 0 0 0 0 0 0 0
car 0.0 0 0 294 280 310 291 0 0 0 0 0 0 0
car 0.0 0 0 304 295 321 307 0 0 0 0 0 0 0
car 0.0 0 0 274 169 290 184 0 0 0 0 0 0 0
car 0.0 0 0 258 187 272 201 0 0 0 0 0 0 0
car 0.0 0 0 248 198 261 212 0 0 0 0 0 0 0
car 0.0 0 0 227 219 241 231 0 0 0 0 0 0 0
car 0.0 0 0 292 199 305 211 0 0 0 0 0 0 0
car 0.0 0 0 150 186 167 200 0 0 0 0 0 0 0
car 0.0 0 0 111 159 126 172 0 0 0 0 0 0 0
car 0.0 0 0 95 146 107 159 0 0 0 0 0 0 0
car 0.0 0 0 72 141 92 155 0 0 0 0 0 0 0
car 0.0 0 0 223 125 241 135 0 0 0 0 0 0 0
car 0.0 0 0 295 125 312 134 0 0 0 0 0 0 0
car 0.0 0 0 51 123 64 136 0 0 0 0 0 0 0
car 0.0 0 0 14 103 32 117 0 0 0 0 0 0 0
car 0.0 0 0 111 13 125 30 0 0 0 0 0 0 0
car 0.0 0 0 122 16 134 32 0 0 0 0 0 0 0
car 0.0 0 0 128 23 142 37 0 0 0 0 0 0 0
car 0.0 0 0 145 34 161 52 0 0 0 0 0 0 0
car 0.0 0 0 158 40 168 53 0 0 0 0 0 0 0
car 0.0 0 0 180 50 194 67 0 0 0 0 0 0 0
car 0.0 0 0 190 52 201 68 0 0 0 0 0 0 0
car 0.0 0 0 203 40 217 54 0 0 0 0 0 0 0
car 0.0 0 0 213 43 224 56 0 0 0 0 0 0 0
car 0.0 0 0 229 56 243 71 0 0 0 0 0 0 0
car 0.0 0 0 230 67 245 81 0 0 0 0 0 0 0
car 0.0 0 0 242 70 255 84 0 0 0 0 0 0 0
car 0.0 0 0 219 67 229 81 0 0 0 0 0 0 0
car 0.0 0 0 256 76 269 90 0 0 0 0 0 0 0
car 0.0 0 0 39 7 56 22 0 0 0 0 0 0 0
car 0.0 0 0 213 110 235 123 0 0 0 0 0 0 0
