car 0.0 0 0 80 324 94 339 0 0 0 0 0 0 0
car 0.0 0 0 71 323 84 337 0 0 0 0 0 0 0
car 0.0 0 0 62 321 75 334 0 0 0 0 0 0 0
car 0.0 0 0 53 318 65 332 0 0 0 0 0 0 0
car 0.0 0 0 45 315 58 329 0 0 0 0 0 0 0
car 0.0 0 0 31 312 42 324 0 0 0 0 0 0 0
car 0.0 0 0 22 308 31 321 0 0 0 0 0 0 0
car 0.0 0 0 1 303 13 318 0 0 0 0 0 0 0
car 0.9375 0 0 0 315 1 327 0 0 0 0 0 0 0
car 0.0 0 0 260 267 277 277 0 0 0 0 0 0 0
car 0.0 0 0 219 153 240 164 0 0 0 0 0 0 0
car 0.0 0 0 229 143 247 151 0 0 0 0 0 0 0
car 0.0 0 0 234 132 250 142 0 0 0 0 0 0 0
car 0.0 0 0 239 126 255 134 0 0 0 0 0 0 0
car 0.0 0 0 242 119 261 129 0 0 0 0 0 0 0
