car 0.375 0 0 191 0 210 10 0 0 0 0 0 0 0
car 0.0 0 0 242 16 258 26 0 0 0 0 0 0 0
car 0.0 0 0 268 20 284 30 0 0 0 0 0 0 0
car 0.0 0 0 267 48 287 60 0 0 0 0 0 0 0
car 0.0 0 0 270 61 292 79 0 0 0 0 0 0 0
car 0.0 0 0 327 72 346 86 0 0 0 0 0 0 0
car 0.666666666667 0 0 342 107 352 130 0 0 0 0 0 0 0
car 0.0 0 0 325 280 345 290 0 0 0 0 0 0 0
car 0.0 0 0 321 289 340 298 0 0 0 0 0 0 0
car 0.0 0 0 319 296 339 305 0 0 0 0 0 0 0
car 0.0 0 0 87 142 142 155 0 0 0 0 0 0 0
car 0.0 0 0 215 140 246 151 0 0 0 0 0 0 0
car 0.0 0 0 77 64 95 73 0 0 0 0 0 0 0
car 0.0 0 0 35 64 47 79 0 0 0 0 0 0 0
car 0.0 0 0 70 44 84 52 0 0 0 0 0 0 0
car 0.0 0 0 141 88 160 102 0 0 0 0 0 0 0
car 0.0 0 0 62 21 77 32 0 0 0 0 0 0 0
car 0.0 0 0 72 16 87 28 0 0 0 0 0 0 0
