car 0.933333333333 0 0 207 0 222 1 0 0 0 0 0 0 0
car 0.333333333333 0 0 223 0 239 10 0 0 0 0 0 0 0
car 0.0 0 0 229 1 249 18 0 0 0 0 0 0 0
car 0.0 0 0 237 19 253 34 0 0 0 0 0 0 0
car 0.0 0 0 245 25 260 40 0 0 0 0 0 0 0
car 0.0 0 0 258 21 272 36 0 0 0 0 0 0 0
car 0.0 0 0 270 18 284 32 0 0 0 0 0 0 0
car 0.0 0 0 259 33 273 46 0 0 0 0 0 0 0
car 0.0 0 0 316 2 326 13 0 0 0 0 0 0 0
car 0.384615384615 0 0 307 0 321 8 0 0 0 0 0 0 0
car 0.0 0 0 322 5 337 18 0 0 0 0 0 0 0
car 0.0 0 0 331 9 344 21 0 0 0 0 0 0 0
car 0.466666666667 0 0 344 18 352 30 0 0 0 0 0 0 0
car 0.0 0 0 293 26 308 34 0 0 0 0 0 0 0
car 0.0 0 0 279 29 295 44 0 0 0 0 0 0 0
car 0.0 0 0 292 31 307 43 0 0 0 0 0 0 0
car 0.0 0 0 298 39 311 50 0 0 0 0 0 0 0
car 0.0 0 0 306 43 318 55 0 0 0 0 0 0 0
car 0.0 0 0 324 41 339 52 0 0 0 0 0 0 0
car 0.0 0 0 310 49 325 62 0 0 0 0 0 0 0
car 0.0 0 0 319 53 330 67 0 0 0 0 0 0 0
car 0.0 0 0 325 57 338 69 0 0 0 0 0 0 0
car 0.0 0 0 334 61 350 72 0 0 0 0 0 0 0
car 0.333333333333 0 0 344 63 352 76 0 0 0 0 0 0 0
car 0.916666666667 0 0 351 68 352 81 0 0 0 0 0 0 0
car 0.0 0 0 197 48 230 80 0 0 0 0 0 0 0
car 0.0 0 0 206 84 221 98 0 0 0 0 0 0 0
car 0.0 0 0 213 92 227 104 0 0 0 0 0 0 0
car 0.0 0 0 246 111 258 122 0 0 0 0 0 0 0
car 0.0 0 0 263 122 280 136 0 0 0 0 0 0 0
car 0.0 0 0 289 142 302 153 0 0 0 0 0 0 0
car 0.0 0 0 319 155 332 166 0 0 0 0 0 0 0
car 0.0 0 0 225 183 239 195 0 0 0 0 0 0 0
car 0.0 0 0 234 188 248 201 0 0 0 0 0 0 0
car 0.0 0 0 243 194 257 207 0 0 0 0 0 0 0
car 0.0 0 0 261 204 273 217 0 0 0 0 0 0 0
car 0.0 0 0 268 209 282 220 0 0 0 0 0 0 0
car 0.0 0 0 278 214 292 225 0 0 0 0 0 0 0
car 0.0 0 0 283 220 298 232 0 0 0 0 0 0 0
car 0.0 0 0 296 227 312 240 0 0 0 0 0 0 0
car 0.0 0 0 305 233 318 243 0 0 0 0 0 0 0
car 0.0 0 0 312 239 327 250 0 0 0 0 0 0 0
car 0.333333333333 0 0 338 246 352 258 0 0 0 0 0 0 0
car 0.0 0 0 240 256 261 268 0 0 0 0 0 0 0
car 0.0 0 0 129 256 149 270 0 0 0 0 0 0 0
car 0.0 0 0 89 239 107 251 0 0 0 0 0 0 0
car 0.0 0 0 109 265 143 290 0 0 0 0 0 0 0
car 0.0 0 0 144 276 159 288 0 0 0 0 0 0 0
car 0.0 0 0 191 318 210 334 0 0 0 0 0 0 0
car 0.0 0 0 242 340 258 350 0 0 0 0 0 0 0
car 0.2 0 0 268 344 284 352 0 0 0 0 0 0 0
car 0.0 0 0 62 309 77 322 0 0 0 0 0 0 0
car 0.0 0 0 57 249 73 260 0 0 0 0 0 0 0
car 0.0 0 0 15 211 35 222 0 0 0 0 0 0 0
car 0.0 0 0 147 18 159 29 0 0 0 0 0 0 0
car 0.0 0 0 162 26 175 36 0 0 0 0 0 0 0
car 0.0 0 0 165 34 183 46 0 0 0 0 0 0 0
car 0.0 0 0 161 62 178 75 0 0 0 0 0 0 0
car 0.363636363636 0 0 62 345 77 352 0 0 0 0 0 0 0
car 0.0 0 0 72 340 87 352 0 0 0 0 0 0 0
car 0.0 0 0 177 285 193 298 0 0 0 0 0 0 0
