car 0.666666666667 0 0 0 138 5 152 0 0 0 0 0 0 0
car 0.0625 0 0 0 140 15 153 0 0 0 0 0 0 0
car 0.0 0 0 7 146 22 160 0 0 0 0 0 0 0
car 0.357142857143 0 0 0 161 9 173 0 0 0 0 0 0 0
car 0.0 0 0 23 154 36 166 0 0 0 0 0 0 0
car 0.0 0 0 8 167 23 179 0 0 0 0 0 0 0
car 0.4 0 0 0 195 9 209 0 0 0 0 0 0 0
car 0.0 0 0 4 199 20 212 0 0 0 0 0 0 0
car 0.0 0 0 31 157 48 172 0 0 0 0 0 0 0
car 0.0 0 0 39 160 56 176 0 0 0 0 0 0 0
car 0.0 0 0 47 164 65 179 0 0 0 0 0 0 0
car 0.0 0 0 56 169 69 183 0 0 0 0 0 0 0
car 0.0 0 0 62 174 77 189 0 0 0 0 0 0 0
car 0.0 0 0 75 177 89 192 0 0 0 0 0 0 0
car 0.0 0 0 11 205 26 219 0 0 0 0 0 0 0
car 0.0 0 0 21 209 34 222 0 0 0 0 0 0 0
car 0.0 0 0 79 218 93 234 0 0 0 0 0 0 0
car 0.0 0 0 94 220 113 230 0 0 0 0 0 0 0
car 0.0 0 0 116 224 134 233 0 0 0 0 0 0 0
car 0.0 0 0 70 122 85 135 0 0 0 0 0 0 0
car 0.0 0 0 236 24 246 38 0 0 0 0 0 0 0
car 0.0 0 0 273 77 303 95 0 0 0 0 0 0 0
car 0.0 0 0 324 83 337 100 0 0 0 0 0 0 0
