car 0.0 0 0 3 72 22 86 0 0 0 0 0 0 0
car 0.0 0 0 18 107 48 130 0 0 0 0 0 0 0
car 0.0 0 0 138 107 151 117 0 0 0 0 0 0 0
car 0.0 0 0 221 192 238 204 0 0 0 0 0 0 0
car 0.0 0 0 229 210 251 227 0 0 0 0 0 0 0
car 0.0 0 0 211 215 228 230 0 0 0 0 0 0 0
car 0.0 0 0 300 270 315 285 0 0 0 0 0 0 0
car 0.0 0 0 270 268 287 278 0 0 0 0 0 0 0
car 0.0 0 0 257 170 277 185 0 0 0 0 0 0 0
car 0.0 0 0 1 280 21 290 0 0 0 0 0 0 0
car 0.0 0 0 72 285 85 299 0 0 0 0 0 0 0
car 0.157894736842 0 0 0 289 16 298 0 0 0 0 0 0 0
car 0.25 0 0 0 296 15 305 0 0 0 0 0 0 0
car 0.0 0 0 212 12 226 22 0 0 0 0 0 0 0
car 0.0 0 0 233 23 250 36 0 0 0 0 0 0 0
car 0.0 0 0 251 36 270 46 0 0 0 0 0 0 0
car 0.0 0 0 322 49 339 59 0 0 0 0 0 0 0
car 0.0 0 0 293 62 312 74 0 0 0 0 0 0 0
car 0.0 0 0 311 73 326 82 0 0 0 0 0 0 0
car 0.0 0 0 279 53 296 66 0 0 0 0 0 0 0
