car 0.0 0 0 339 27 352 41 0 0 0 0 0 0 0
car 0.0 0 0 332 41 351 53 0 0 0 0 0 0 0
car 0.3125 0 0 280 0 288 11 0 0 0 0 0 0 0
car 0.0 0 0 285 6 302 19 0 0 0 0 0 0 0
car 0.0 0 0 303 18 322 32 0 0 0 0 0 0 0
car 0.0 0 0 295 0 313 11 0 0 0 0 0 0 0
car 0.0 0 0 325 3 338 17 0 0 0 0 0 0 0
car 0.454545454545 0 0 223 0 239 6 0 0 0 0 0 0 0
car 0.0 0 0 220 0 236 11 0 0 0 0 0 0 0
car 0.0 0 0 251 14 269 26 0 0 0 0 0 0 0
car 0.0 0 0 267 24 286 34 0 0 0 0 0 0 0
car 0.0 0 0 327 293 339 309 0 0 0 0 0 0 0
car 0.764705882353 0 0 348 203 352 223 0 0 0 0 0 0 0
car 0.0 0 0 334 185 349 201 0 0 0 0 0 0 0
car 0.0 0 0 282 216 301 236 0 0 0 0 0 0 0
car 0.0 0 0 269 159 287 170 0 0 0 0 0 0 0
car 0.0 0 0 260 166 278 176 0 0 0 0 0 0 0
car 0.0 0 0 255 170 275 182 0 0 0 0 0 0 0
car 0.0 0 0 249 179 269 192 0 0 0 0 0 0 0
car 0.0 0 0 274 179 288 188 0 0 0 0 0 0 0
car 0.0 0 0 283 175 299 186 0 0 0 0 0 0 0
car 0.0 0 0 288 169 308 181 0 0 0 0 0 0 0
car 0.0 0 0 314 167 327 180 0 0 0 0 0 0 0
car 0.0 0 0 236 208 251 220 0 0 0 0 0 0 0
car 0.0 0 0 180 162 193 174 0 0 0 0 0 0 0
car 0.0 0 0 169 172 184 187 0 0 0 0 0 0 0
car 0.0 0 0 140 156 154 169 0 0 0 0 0 0 0
car 0.0 0 0 132 168 147 176 0 0 0 0 0 0 0
car 0.0 0 0 161 153 175 164 0 0 0 0 0 0 0
car 0.0 0 0 125 137 140 152 0 0 0 0 0 0 0
car 0.0 0 0 113 150 126 164 0 0 0 0 0 0 0
car 0.0 0 0 71 148 88 160 0 0 0 0 0 0 0
car 0.0 0 0 62 165 76 176 0 0 0 0 0 0 0
car 0.0 0 0 83 177 97 190 0 0 0 0 0 0 0
car 0.0 0 0 98 186 111 197 0 0 0 0 0 0 0
car 0.0 0 0 125 202 138 213 0 0 0 0 0 0 0
car 0.0 0 0 138 211 150 221 0 0 0 0 0 0 0
car 0.0 0 0 193 256 207 269 0 0 0 0 0 0 0
car 0.0 0 0 236 286 251 302 0 0 0 0 0 0 0
car 0.0 0 0 224 303 239 316 0 0 0 0 0 0 0
car 0.0 0 0 206 268 223 283 0 0 0 0 0 0 0
car 0.0 0 0 93 296 112 310 0 0 0 0 0 0 0
car 0.0 0 0 66 276 81 288 0 0 0 0 0 0 0
car 0.0 0 0 25 300 40 313 0 0 0 0 0 0 0
car 0.0 0 0 39 310 53 321 0 0 0 0 0 0 0
car 0.0 0 0 49 314 66 328 0 0 0 0 0 0 0
car 0.0 0 0 58 321 74 334 0 0 0 0 0 0 0
car 0.0 0 0 79 331 92 343 0 0 0 0 0 0 0
car 0.0 0 0 88 337 104 350 0 0 0 0 0 0 0
car 0.0 0 0 25 98 44 114 0 0 0 0 0 0 0
car 0.0 0 0 15 94 32 105 0 0 0 0 0 0 0
car 0.0 0 0 40 108 56 123 0 0 0 0 0 0 0
car 0.0 0 0 33 103 48 118 0 0 0 0 0 0 0
car 0.727272727273 0 0 0 109 3 127 0 0 0 0 0 0 0
car 0.0 0 0 33 143 52 154 0 0 0 0 0 0 0
car 0.0 0 0 80 126 100 143 0 0 0 0 0 0 0
car 0.0 0 0 82 111 96 125 0 0 0 0 0 0 0
car 0.0 0 0 97 116 108 128 0 0 0 0 0 0 0
car 0.0 0 0 109 123 126 138 0 0 0 0 0 0 0
car 0.0 0 0 150 165 162 178 0 0 0 0 0 0 0
car 0.0 0 0 53 159 70 174 0 0 0 0 0 0 0
car 0.0 0 0 216 316 227 329 0 0 0 0 0 0 0
car 0.0 0 0 204 328 221 342 0 0 0 0 0 0 0
car 0.0 0 0 277 45 289 57 0 0 0 0 0 0 0
car 0.0 0 0 284 51 296 63 0 0 0 0 0 0 0
car 0.0 0 0 293 54 302 65 0 0 0 0 0 0 0
car 0.0 0 0 166 223 181 234 0 0 0 0 0 0 0
car 0.125 0 0 0 134 14 150 0 0 0 0 0 0 0
car 0.5 0 0 0 128 7 141 0 0 0 0 0 0 0
car 0.0 0 0 226 190 246 213 0 0 0 0 0 0 0
car 0.0 0 0 198 185 221 204 0 0 0 0 0 0 0
