car 0.904761904762 0 0 148 350 161 352 0 0 0 0 0 0 0
car 0.0 0 0 92 309 111 328 0 0 0 0 0 0 0
car 0.0 0 0 76 330 94 348 0 0 0 0 0 0 0
car 0.0 0 0 91 329 111 349 0 0 0 0 0 0 0
car 0.789473684211 0 0 67 348 78 352 0 0 0 0 0 0 0
car 0.470588235294 0 0 88 343 111 352 0 0 0 0 0 0 0
car 0.653333333333 0 0 0 304 26 333 0 0 0 0 0 0 0
car 0.707865168539 0 0 0 284 26 321 0 0 0 0 0 0 0
car 0.318181818182 0 0 0 273 45 305 0 0 0 0 0 0 0
car 0.293333333333 0 0 0 261 53 294 0 0 0 0 0 0 0
car 0.204819277108 0 0 0 252 66 283 0 0 0 0 0 0 0
car 0.134146341463 0 0 0 238 71 271 0 0 0 0 0 0 0
car 0.0 0 0 256 198 266 213 0 0 0 0 0 0 0
car 0.0 0 0 272 198 283 212 0 0 0 0 0 0 0
car 0.0 0 0 282 199 292 211 0 0 0 0 0 0 0
car 0.0 0 0 294 197 305 212 0 0 0 0 0 0 0
car 0.0 0 0 303 199 314 212 0 0 0 0 0 0 0
car 0.0 0 0 315 197 327 210 0 0 0 0 0 0 0
car 0.0 0 0 328 198 338 211 0 0 0 0 0 0 0
car 0.0 0 0 338 196 349 213 0 0 0 0 0 0 0
car 0.0 0 0 270 217 294 228 0 0 0 0 0 0 0
car 0.178571428571 0 0 329 217 352 226 0 0 0 0 0 0 0
car 0.0 0 0 228 205 244 215 0 0 0 0 0 0 0
car 0.0 0 0 320 233 330 246 0 0 0 0 0 0 0
car 0.0 0 0 307 234 318 246 0 0 0 0 0 0 0
car 0.0 0 0 296 233 307 246 0 0 0 0 0 0 0
car 0.0 0 0 287 237 295 249 0 0 0 0 0 0 0
car 0.0 0 0 278 237 286 249 0 0 0 0 0 0 0
car 0.0 0 0 251 237 259 250 0 0 0 0 0 0 0
car 0.0 0 0 240 238 248 251 0 0 0 0 0 0 0
car 0.0 0 0 228 239 235 251 0 0 0 0 0 0 0
car 0.0 0 0 216 238 227 254 0 0 0 0 0 0 0
car 0.0 0 0 203 238 212 252 0 0 0 0 0 0 0
car 0.0 0 0 191 238 199 253 0 0 0 0 0 0 0
car 0.0 0 0 179 239 188 253 0 0 0 0 0 0 0
car 0.0 0 0 166 241 175 256 0 0 0 0 0 0 0
car 0.0 0 0 156 242 166 257 0 0 0 0 0 0 0
car 0.0 0 0 145 241 156 257 0 0 0 0 0 0 0
car 0.484848484848 0 0 0 155 17 171 0 0 0 0 0 0 0
car 0.0 0 0 33 171 68 189 0 0 0 0 0 0 0
car 0.0 0 0 78 151 113 166 0 0 0 0 0 0 0
car 0.0 0 0 113 171 134 183 0 0 0 0 0 0 0
car 0.0 0 0 134 179 153 189 0 0 0 0 0 0 0
car 0.0 0 0 87 194 106 207 0 0 0 0 0 0 0
car 0.0 0 0 109 207 125 218 0 0 0 0 0 0 0
car 0.0 0 0 124 212 142 223 0 0 0 0 0 0 0
car 0.0 0 0 133 243 143 256 0 0 0 0 0 0 0
