car 0.0 0 0 10 6 36 23 0 0 0 0 0 0 0
car 0.0 0 0 65 31 90 48 0 0 0 0 0 0 0
car 0.0 0 0 171 110 190 121 0 0 0 0 0 0 0
car 0.0 0 0 127 90 144 103 0 0 0 0 0 0 0
car 0.0 0 0 70 132 87 143 0 0 0 0 0 0 0
car 0.0 0 0 17 82 30 93 0 0 0 0 0 0 0
car 0.0 0 0 57 65 74 74 0 0 0 0 0 0 0
car 0.0 0 0 252 170 268 180 0 0 0 0 0 0 0
car 0.0 0 0 242 181 259 191 0 0 0 0 0 0 0
car 0.0 0 0 164 189 180 202 0 0 0 0 0 0 0
car 0.0 0 0 178 173 202 188 0 0 0 0 0 0 0
car 0.0 0 0 199 199 215 210 0 0 0 0 0 0 0
car 0.0 0 0 317 270 339 283 0 0 0 0 0 0 0
car 0.333333333333 0 0 338 128 352 144 0 0 0 0 0 0 0
car 0.75 0 0 347 132 352 149 0 0 0 0 0 0 0
car 0.0 0 0 38 241 55 254 0 0 0 0 0 0 0
car 0.0 0 0 60 275 76 285 0 0 0 0 0 0 0
