car 0.0 0 0 0 99 14 110 0 0 0 0 0 0 0
car 0.8 0 0 349 300 352 313 0 0 0 0 0 0 0
car 0.0 0 0 303 276 320 293 0 0 0 0 0 0 0
car 0.0 0 0 298 271 311 285 0 0 0 0 0 0 0
car 0.0 0 0 268 252 281 267 0 0 0 0 0 0 0
car 0.0 0 0 244 241 260 255 0 0 0 0 0 0 0
car 0.0 0 0 252 246 268 258 0 0 0 0 0 0 0
car 0.0 0 0 232 213 253 227 0 0 0 0 0 0 0
car 0.0 0 0 260 205 278 220 0 0 0 0 0 0 0
car 0.0 0 0 213 224 228 238 0 0 0 0 0 0 0
car 0.0 0 0 196 212 210 225 0 0 0 0 0 0 0
car 0.0 0 0 189 209 203 222 0 0 0 0 0 0 0
car 0.0 0 0 183 205 192 216 0 0 0 0 0 0 0
car 0.0 0 0 175 200 189 212 0 0 0 0 0 0 0
car 0.0 0 0 166 195 179 208 0 0 0 0 0 0 0
car 0.0 0 0 158 188 172 202 0 0 0 0 0 0 0
car 0.0 0 0 147 183 165 198 0 0 0 0 0 0 0
car 0.0 0 0 140 179 154 192 0 0 0 0 0 0 0
car 0.0 0 0 130 174 151 187 0 0 0 0 0 0 0
car 0.0 0 0 113 162 128 178 0 0 0 0 0 0 0
car 0.0 0 0 102 158 118 172 0 0 0 0 0 0 0
car 0.0 0 0 87 149 102 163 0 0 0 0 0 0 0
car 0.0 0 0 67 140 86 152 0 0 0 0 0 0 0
car 0.0 0 0 52 130 70 141 0 0 0 0 0 0 0
car 0.0 0 0 30 116 47 130 0 0 0 0 0 0 0
car 0.0 0 0 118 116 137 133 0 0 0 0 0 0 0
car 0.0 0 0 38 92 55 101 0 0 0 0 0 0 0
car 0.0 0 0 80 115 97 125 0 0 0 0 0 0 0
car 0.0 0 0 108 110 124 123 0 0 0 0 0 0 0
car 0.0 0 0 174 42 191 53 0 0 0 0 0 0 0
car 0.0 0 0 15 109 30 119 0 0 0 0 0 0 0
car 0.0 0 0 53 101 71 114 0 0 0 0 0 0 0
car 0.0 0 0 171 50 184 63 0 0 0 0 0 0 0
car 0.0 0 0 8 52 24 66 0 0 0 0 0 0 0
car 0.0 0 0 197 26 215 36 0 0 0 0 0 0 0
car 0.0 0 0 192 9 204 24 0 0 0 0 0 0 0
car 0.0 0 0 237 10 252 23 0 0 0 0 0 0 0
car 0.0 0 0 227 8 241 19 0 0 0 0 0 0 0
car 0.0 0 0 217 20 229 32 0 0 0 0 0 0 0
car 0.0 0 0 227 24 241 36 0 0 0 0 0 0 0
car 0.0 0 0 231 32 243 45 0 0 0 0 0 0 0
car 0.0 0 0 110 1 125 16 0 0 0 0 0 0 0
car 0.842105263158 0 0 349 98 352 114 0 0 0 0 0 0 0
car 0.235294117647 0 0 339 94 352 105 0 0 0 0 0 0 0
car 0.0 0 0 297 108 313 120 0 0 0 0 0 0 0
car 0.0 0 0 316 109 327 127 0 0 0 0 0 0 0
car 0.0 0 0 34 244 53 256 0 0 0 0 0 0 0
car 0.692307692308 0 0 196 0 211 4 0 0 0 0 0 0 0
car 0.0 0 0 322 134 338 150 0 0 0 0 0 0 0
car 0.0 0 0 317 128 331 141 0 0 0 0 0 0 0
car 0.0 0 0 285 111 301 122 0 0 0 0 0 0 0
car 0.0 0 0 256 90 268 104 0 0 0 0 0 0 0
car 0.0 0 0 262 94 275 111 0 0 0 0 0 0 0
car 0.0 0 0 161 142 175 155 0 0 0 0 0 0 0
car 0.0 0 0 119 6 135 19 0 0 0 0 0 0 0
car 0.0 0 0 124 20 141 33 0 0 0 0 0 0 0
car 0.0 0 0 218 69 230 83 0 0 0 0 0 0 0
car 0.0 0 0 226 73 240 88 0 0 0 0 0 0 0
