car 0.0 0 0 191 199 213 212 0 0 0 0 0 0 0
car 0.0 0 0 189 210 207 219 0 0 0 0 0 0 0
car 0.0 0 0 232 213 249 222 0 0 0 0 0 0 0
car 0.0 0 0 189 217 209 226 0 0 0 0 0 0 0
car 0.0 0 0 224 226 246 235 0 0 0 0 0 0 0
car 0.0 0 0 189 226 208 235 0 0 0 0 0 0 0
car 0.0 0 0 187 235 206 244 0 0 0 0 0 0 0
car 0.0 0 0 185 243 203 251 0 0 0 0 0 0 0
car 0.0 0 0 184 251 203 258 0 0 0 0 0 0 0
car 0.0 0 0 150 251 169 259 0 0 0 0 0 0 0
car 0.0 0 0 151 275 169 284 0 0 0 0 0 0 0
car 0.0 0 0 179 257 198 265 0 0 0 0 0 0 0
car 0.0 0 0 178 265 196 274 0 0 0 0 0 0 0
car 0.0 0 0 176 283 198 291 0 0 0 0 0 0 0
car 0.0 0 0 173 300 192 308 0 0 0 0 0 0 0
car 0.0 0 0 171 307 191 315 0 0 0 0 0 0 0
car 0.0 0 0 170 314 188 323 0 0 0 0 0 0 0
car 0.0 0 0 170 323 194 332 0 0 0 0 0 0 0
car 0.0 0 0 168 331 188 340 0 0 0 0 0 0 0
car 0.0 0 0 167 340 188 348 0 0 0 0 0 0 0
car 0.0 0 0 230 322 241 343 0 0 0 0 0 0 0
car 0.0 0 0 243 326 251 340 0 0 0 0 0 0 0
car 0.0 0 0 251 327 263 344 0 0 0 0 0 0 0
car 0.0 0 0 214 285 234 291 0 0 0 0 0 0 0
car 0.0 0 0 223 253 242 260 0 0 0 0 0 0 0
car 0.0 0 0 220 261 241 269 0 0 0 0 0 0 0
car 0.0 0 0 146 300 162 307 0 0 0 0 0 0 0
car 0.0 0 0 331 92 345 101 0 0 0 0 0 0 0
car 0.0 0 0 273 113 288 122 0 0 0 0 0 0 0
car 0.0 0 0 256 119 272 128 0 0 0 0 0 0 0
car 0.0 0 0 227 168 237 183 0 0 0 0 0 0 0
car 0.0 0 0 177 89 195 99 0 0 0 0 0 0 0
car 0.0 0 0 165 92 184 103 0 0 0 0 0 0 0
car 0.0 0 0 160 98 178 108 0 0 0 0 0 0 0
car 0.0 0 0 156 114 170 125 0 0 0 0 0 0 0
car 0.0 0 0 178 51 190 65 0 0 0 0 0 0 0
car 0.0 0 0 168 45 181 60 0 0 0 0 0 0 0
car 0.0 0 0 158 42 172 59 0 0 0 0 0 0 0
car 0.0 0 0 80 48 92 64 0 0 0 0 0 0 0
car 0.0 0 0 68 50 82 70 0 0 0 0 0 0 0
car 0.0 0 0 57 54 68 68 0 0 0 0 0 0 0
car 0.0 0 0 46 51 59 70 0 0 0 0 0 0 0
car 0.0 0 0 196 292 214 307 0 0 0 0 0 0 0
car 0.0 0 0 212 308 233 316 0 0 0 0 0 0 0
