car 0.0 0 0 197 203 215 212 0 0 0 0 0 0 0
car 0.0 0 0 244 251 265 262 0 0 0 0 0 0 0
car 0.0 0 0 274 278 294 292 0 0 0 0 0 0 0
car 0.727272727273 0 0 167 0 179 3 0 0 0 0 0 0 0
car 0.0909090909091 0 0 174 0 191 10 0 0 0 0 0 0 0
car 0.0 0 0 181 6 195 17 0 0 0 0 0 0 0
car 0.0 0 0 190 13 201 23 0 0 0 0 0 0 0
car 0.0 0 0 192 20 207 30 0 0 0 0 0 0 0
car 0.0 0 0 195 27 209 39 0 0 0 0 0 0 0
car 0.0 0 0 216 34 230 49 0 0 0 0 0 0 0
car 0.0 0 0 226 29 238 43 0 0 0 0 0 0 0
car 0.0 0 0 236 22 252 37 0 0 0 0 0 0 0
car 0.833333333333 0 0 217 0 227 2 0 0 0 0 0 0 0
