car 0.884615384615 0 0 0 271 3 288 0 0 0 0 0 0 0
car 0.0 0 0 28 290 49 308 0 0 0 0 0 0 0
car 0.0 0 0 64 300 79 319 0 0 0 0 0 0 0
car 0.0 0 0 89 310 99 329 0 0 0 0 0 0 0
car 0.0 0 0 94 294 108 308 0 0 0 0 0 0 0
car 0.0 0 0 100 300 115 312 0 0 0 0 0 0 0
car 0.0 0 0 110 304 131 323 0 0 0 0 0 0 0
car 0.0 0 0 59 338 78 351 0 0 0 0 0 0 0
car 0.0 0 0 114 323 127 335 0 0 0 0 0 0 0
car 0.461538461538 0 0 0 73 7 86 0 0 0 0 0 0 0
car 0.0 0 0 31 61 52 74 0 0 0 0 0 0 0
car 0.0 0 0 89 93 116 112 0 0 0 0 0 0 0
car 0.0 0 0 118 119 144 136 0 0 0 0 0 0 0
car 0.0 0 0 6 81 24 89 0 0 0 0 0 0 0
car 0.0 0 0 24 85 34 100 0 0 0 0 0 0 0
car 0.0 0 0 32 90 49 108 0 0 0 0 0 0 0
car 0.0 0 0 44 102 64 110 0 0 0 0 0 0 0
car 0.0 0 0 51 108 71 117 0 0 0 0 0 0 0
car 0.0 0 0 61 114 82 122 0 0 0 0 0 0 0
car 0.0 0 0 72 120 92 131 0 0 0 0 0 0 0
car 0.0 0 0 77 131 97 137 0 0 0 0 0 0 0
car 0.0 0 0 67 142 84 154 0 0 0 0 0 0 0
car 0.0 0 0 107 144 124 154 0 0 0 0 0 0 0
car 0.0 0 0 157 145 171 152 0 0 0 0 0 0 0
car 0.0 0 0 132 119 151 133 0 0 0 0 0 0 0
car 0.0 0 0 160 113 178 133 0 0 0 0 0 0 0
car 0.0 0 0 171 122 183 136 0 0 0 0 0 0 0
car 0.0 0 0 172 133 185 147 0 0 0 0 0 0 0
car 0.0 0 0 201 136 214 149 0 0 0 0 0 0 0
car 0.0 0 0 190 127 209 146 0 0 0 0 0 0 0
car 0.0 0 0 212 139 225 152 0 0 0 0 0 0 0
car 0.0 0 0 179 143 191 158 0 0 0 0 0 0 0
car 0.0 0 0 267 174 279 185 0 0 0 0 0 0 0
car 0.0 0 0 276 178 288 188 0 0 0 0 0 0 0
car 0.0 0 0 282 187 299 202 0 0 0 0 0 0 0
car 0.0 0 0 304 199 316 210 0 0 0 0 0 0 0
car 0.0 0 0 318 204 334 216 0 0 0 0 0 0 0
car 0.0 0 0 146 171 159 183 0 0 0 0 0 0 0
car 0.0 0 0 226 217 246 230 0 0 0 0 0 0 0
car 0.0 0 0 113 157 126 170 0 0 0 0 0 0 0
car 0.0 0 0 120 162 134 174 0 0 0 0 0 0 0
car 0.375 0 0 342 225 352 239 0 0 0 0 0 0 0
car 0.0 0 0 208 220 225 235 0 0 0 0 0 0 0
car 0.0 0 0 227 230 240 240 0 0 0 0 0 0 0
car 0.0 0 0 234 233 251 250 0 0 0 0 0 0 0
car 0.0 0 0 283 255 297 270 0 0 0 0 0 0 0
car 0.0 0 0 292 258 308 273 0 0 0 0 0 0 0
car 0.0 0 0 300 267 315 281 0 0 0 0 0 0 0
car 0.0 0 0 294 35 309 48 0 0 0 0 0 0 0
car 0.0 0 0 304 39 316 49 0 0 0 0 0 0 0
car 0.0 0 0 328 51 346 67 0 0 0 0 0 0 0
car 0.266666666667 0 0 341 57 352 73 0 0 0 0 0 0 0
car 0.529411764706 0 0 344 77 352 91 0 0 0 0 0 0 0
car 0.333333333333 0 0 344 11 352 20 0 0 0 0 0 0 0
car 0.0 0 0 56 161 74 170 0 0 0 0 0 0 0
car 0.0 0 0 145 322 160 335 0 0 0 0 0 0 0
