car 0.0 0 0 31 244 50 259 0 0 0 0 0 0 0
car 0.318181818182 0 0 0 270 15 283 0 0 0 0 0 0 0
car 0.0 0 0 65 308 83 319 0 0 0 0 0 0 0
car 0.0 0 0 38 340 58 346 0 0 0 0 0 0 0
car 0.0 0 0 153 315 172 325 0 0 0 0 0 0 0
car 0.0 0 0 146 298 163 308 0 0 0 0 0 0 0
car 0.0 0 0 219 337 233 346 0 0 0 0 0 0 0
car 0.0 0 0 229 269 245 282 0 0 0 0 0 0 0
car 0.0 0 0 273 283 287 295 0 0 0 0 0 0 0
car 0.0 0 0 208 230 226 243 0 0 0 0 0 0 0
car 0.0 0 0 201 221 219 237 0 0 0 0 0 0 0
car 0.0 0 0 85 51 106 67 0 0 0 0 0 0 0
car 0.0 0 0 92 65 109 79 0 0 0 0 0 0 0
car 0.0 0 0 47 78 66 90 0 0 0 0 0 0 0
car 0.0 0 0 62 75 82 88 0 0 0 0 0 0 0
car 0.0 0 0 14 128 35 144 0 0 0 0 0 0 0
car 0.0 0 0 23 132 43 149 0 0 0 0 0 0 0
car 0.0 0 0 32 137 50 155 0 0 0 0 0 0 0
car 0.0 0 0 52 157 70 178 0 0 0 0 0 0 0
car 0.0 0 0 62 163 79 183 0 0 0 0 0 0 0
car 0.0 0 0 71 168 90 188 0 0 0 0 0 0 0
car 0.0 0 0 84 175 103 195 0 0 0 0 0 0 0
car 0.0 0 0 32 171 100 211 0 0 0 0 0 0 0
car 0.0 0 0 55 101 73 121 0 0 0 0 0 0 0
car 0.0 0 0 66 105 84 125 0 0 0 0 0 0 0
car 0.0 0 0 35 88 52 108 0 0 0 0 0 0 0
car 0.0 0 0 90 23 112 47 0 0 0 0 0 0 0
car 0.529411764706 0 0 120 0 141 8 0 0 0 0 0 0 0
car 0.0 0 0 106 4 125 25 0 0 0 0 0 0 0
car 0.0 0 0 121 57 141 75 0 0 0 0 0 0 0
car 0.0 0 0 90 278 112 292 0 0 0 0 0 0 0
car 0.0 0 0 75 252 102 270 0 0 0 0 0 0 0
