car 0.0 0 0 232 83 246 97 0 0 0 0 0 0 0
car 0.0 0 0 222 99 234 114 0 0 0 0 0 0 0
car 0.0 0 0 207 115 220 128 0 0 0 0 0 0 0
car 0.0 0 0 199 128 212 143 0 0 0 0 0 0 0
car 0.0 0 0 183 147 198 162 0 0 0 0 0 0 0
car 0.0 0 0 301 133 314 146 0 0 0 0 0 0 0
car 0.0 0 0 291 147 305 161 0 0 0 0 0 0 0
car 0.0 0 0 281 161 293 175 0 0 0 0 0 0 0
car 0.0 0 0 331 156 347 162 0 0 0 0 0 0 0
car 0.0 0 0 328 168 346 174 0 0 0 0 0 0 0
car 0.0 0 0 267 177 283 192 0 0 0 0 0 0 0
car 0.0 0 0 259 191 271 204 0 0 0 0 0 0 0
car 0.0 0 0 248 206 262 220 0 0 0 0 0 0 0
car 0.0 0 0 316 212 335 219 0 0 0 0 0 0 0
car 0.0 0 0 237 218 252 234 0 0 0 0 0 0 0
car 0.0 0 0 229 232 242 247 0 0 0 0 0 0 0
car 0.0 0 0 218 247 232 261 0 0 0 0 0 0 0
car 0.0 0 0 205 262 219 277 0 0 0 0 0 0 0
car 0.0 0 0 128 195 148 215 0 0 0 0 0 0 0
car 0.0 0 0 122 242 141 252 0 0 0 0 0 0 0
car 0.0 0 0 99 237 116 252 0 0 0 0 0 0 0
car 0.0 0 0 90 253 105 269 0 0 0 0 0 0 0
car 0.0 0 0 96 282 110 298 0 0 0 0 0 0 0
car 0.0 0 0 198 276 209 287 0 0 0 0 0 0 0
car 0.0 0 0 187 289 201 302 0 0 0 0 0 0 0
car 0.0 0 0 177 303 190 315 0 0 0 0 0 0 0
car 0.0 0 0 166 315 180 330 0 0 0 0 0 0 0
car 0.0 0 0 86 302 98 317 0 0 0 0 0 0 0
car 0.0 0 0 157 329 171 345 0 0 0 0 0 0 0
car 0.0 0 0 72 320 83 333 0 0 0 0 0 0 0
