car 0.0 0 0 142 139 160 152 0 0 0 0 0 0 0
car 0.0 0 0 157 150 174 163 0 0 0 0 0 0 0
car 0.0 0 0 152 145 166 156 0 0 0 0 0 0 0
car 0.0 0 0 161 156 179 168 0 0 0 0 0 0 0
car 0.0 0 0 168 160 185 174 0 0 0 0 0 0 0
car 0.0 0 0 175 167 190 180 0 0 0 0 0 0 0
car 0.0 0 0 141 182 158 195 0 0 0 0 0 0 0
car 0.0 0 0 108 160 120 171 0 0 0 0 0 0 0
car 0.0 0 0 101 166 112 174 0 0 0 0 0 0 0
car 0.0 0 0 92 169 106 178 0 0 0 0 0 0 0
car 0.0 0 0 84 151 98 162 0 0 0 0 0 0 0
car 0.0 0 0 86 174 100 185 0 0 0 0 0 0 0
car 0.0 0 0 80 180 94 191 0 0 0 0 0 0 0
car 0.0 0 0 56 172 69 183 0 0 0 0 0 0 0
car 0.0 0 0 41 183 56 195 0 0 0 0 0 0 0
car 0.0 0 0 46 141 61 154 0 0 0 0 0 0 0
car 0.0 0 0 66 124 82 135 0 0 0 0 0 0 0
car 0.0 0 0 30 155 45 168 0 0 0 0 0 0 0
car 0.0 0 0 3 181 17 194 0 0 0 0 0 0 0
car 0.923076923077 0 0 0 195 1 207 0 0 0 0 0 0 0
car 0.0 0 0 16 199 32 212 0 0 0 0 0 0 0
car 0.0 0 0 46 205 61 217 0 0 0 0 0 0 0
car 0.0 0 0 53 199 68 211 0 0 0 0 0 0 0
car 0.0 0 0 38 209 53 221 0 0 0 0 0 0 0
car 0.0 0 0 30 216 46 227 0 0 0 0 0 0 0
car 0.0 0 0 22 221 38 234 0 0 0 0 0 0 0
car 0.0 0 0 15 227 28 237 0 0 0 0 0 0 0
car 0.0 0 0 9 233 23 243 0 0 0 0 0 0 0
car 0.0 0 0 1 238 17 251 0 0 0 0 0 0 0
car 0.444444444444 0 0 0 244 10 256 0 0 0 0 0 0 0
car 0.857142857143 0 0 0 250 2 261 0 0 0 0 0 0 0
car 0.0 0 0 193 56 210 68 0 0 0 0 0 0 0
