car 0.0 0 0 7 179 24 192 0 0 0 0 0 0 0
car 0.0 0 0 29 206 45 219 0 0 0 0 0 0 0
car 0.0 0 0 32 128 58 150 0 0 0 0 0 0 0
car 0.0 0 0 69 149 86 164 0 0 0 0 0 0 0
car 0.0 0 0 81 157 93 168 0 0 0 0 0 0 0
car 0.0 0 0 94 165 110 176 0 0 0 0 0 0 0
car 0.0 0 0 79 177 96 192 0 0 0 0 0 0 0
car 0.0 0 0 107 197 121 207 0 0 0 0 0 0 0
car 0.0 0 0 69 209 89 219 0 0 0 0 0 0 0
car 0.0 0 0 85 225 98 238 0 0 0 0 0 0 0
car 0.0 0 0 92 228 103 243 0 0 0 0 0 0 0
car 0.0 0 0 121 202 135 215 0 0 0 0 0 0 0
car 0.0 0 0 143 209 152 223 0 0 0 0 0 0 0
car 0.0 0 0 152 209 162 224 0 0 0 0 0 0 0
car 0.0 0 0 93 242 108 259 0 0 0 0 0 0 0
car 0.0 0 0 134 251 144 266 0 0 0 0 0 0 0
car 0.0 0 0 127 266 142 282 0 0 0 0 0 0 0
car 0.0 0 0 114 282 132 300 0 0 0 0 0 0 0
car 0.0 0 0 131 293 145 311 0 0 0 0 0 0 0
car 0.0 0 0 95 320 107 335 0 0 0 0 0 0 0
car 0.0 0 0 106 303 117 317 0 0 0 0 0 0 0
car 0.0 0 0 172 258 180 271 0 0 0 0 0 0 0
car 0.0 0 0 179 262 191 277 0 0 0 0 0 0 0
car 0.0 0 0 191 265 200 276 0 0 0 0 0 0 0
car 0.0 0 0 205 265 226 279 0 0 0 0 0 0 0
car 0.0769230769231 0 0 82 340 95 352 0 0 0 0 0 0 0
car 0.0 0 0 61 316 73 329 0 0 0 0 0 0 0
car 0.928571428571 0 0 15 351 28 352 0 0 0 0 0 0 0
car 0.0 0 0 1 327 14 341 0 0 0 0 0 0 0
car 0.0 0 0 161 198 170 208 0 0 0 0 0 0 0
car 0.0 0 0 165 184 178 197 0 0 0 0 0 0 0
car 0.0 0 0 171 169 183 182 0 0 0 0 0 0 0
car 0.0 0 0 182 158 194 170 0 0 0 0 0 0 0
car 0.0 0 0 194 152 210 170 0 0 0 0 0 0 0
car 0.0 0 0 189 145 202 158 0 0 0 0 0 0 0
car 0.0 0 0 222 159 236 173 0 0 0 0 0 0 0
car 0.0 0 0 205 180 223 201 0 0 0 0 0 0 0
car 0.0 0 0 196 201 211 219 0 0 0 0 0 0 0
car 0.0 0 0 197 128 209 143 0 0 0 0 0 0 0
car 0.0 0 0 210 113 219 124 0 0 0 0 0 0 0
car 0.0 0 0 232 117 242 128 0 0 0 0 0 0 0
car 0.0 0 0 236 130 254 148 0 0 0 0 0 0 0
car 0.0 0 0 231 148 242 160 0 0 0 0 0 0 0
car 0.0 0 0 246 113 263 130 0 0 0 0 0 0 0
car 0.0 0 0 218 97 228 109 0 0 0 0 0 0 0
car 0.0 0 0 167 117 196 133 0 0 0 0 0 0 0
car 0.0 0 0 142 147 180 165 0 0 0 0 0 0 0
car 0.0 0 0 139 155 172 172 0 0 0 0 0 0 0
car 0.0 0 0 103 73 134 92 0 0 0 0 0 0 0
car 0.0 0 0 111 62 142 82 0 0 0 0 0 0 0
car 0.0 0 0 119 52 152 73 0 0 0 0 0 0 0
car 0.0 0 0 126 43 161 63 0 0 0 0 0 0 0
car 0.0 0 0 139 35 153 45 0 0 0 0 0 0 0
car 0.0 0 0 199 72 214 83 0 0 0 0 0 0 0
car 0.0 0 0 262 95 279 103 0 0 0 0 0 0 0
car 0.0 0 0 256 100 269 113 0 0 0 0 0 0 0
car 0.0 0 0 169 130 186 142 0 0 0 0 0 0 0
car 0.0 0 0 291 84 309 95 0 0 0 0 0 0 0
car 0.0 0 0 289 39 308 58 0 0 0 0 0 0 0
car 0.0 0 0 299 135 315 147 0 0 0 0 0 0 0
car 0.0 0 0 241 169 254 185 0 0 0 0 0 0 0
car 0.0 0 0 214 216 230 224 0 0 0 0 0 0 0
car 0.0 0 0 334 134 346 146 0 0 0 0 0 0 0
car 0.0 0 0 322 148 336 161 0 0 0 0 0 0 0
car 0.0 0 0 332 150 346 164 0 0 0 0 0 0 0
car 1.0 0 0 303 0 317 0 0 0 0 0 0 0 0
car 0.333333333333 0 0 279 0 290 8 0 0 0 0 0 0 0
car 0.2 0 0 313 0 332 16 0 0 0 0 0 0 0
car 0.0 0 0 301 17 316 38 0 0 0 0 0 0 0
car 0.0 0 0 270 8 284 24 0 0 0 0 0 0 0
car 0.0 0 0 259 30 271 45 0 0 0 0 0 0 0
car 0.0 0 0 293 222 310 240 0 0 0 0 0 0 0
car 0.0 0 0 309 225 326 242 0 0 0 0 0 0 0
car 0.0 0 0 321 225 338 243 0 0 0 0 0 0 0
car 0.0 0 0 321 230 346 259 0 0 0 0 0 0 0
car 0.0 0 0 299 245 312 258 0 0 0 0 0 0 0
car 0.0 0 0 302 259 320 281 0 0 0 0 0 0 0
car 0.0 0 0 323 289 339 301 0 0 0 0 0 0 0
car 0.0 0 0 228 276 250 288 0 0 0 0 0 0 0
car 0.0 0 0 249 285 266 294 0 0 0 0 0 0 0
car 0.0 0 0 294 308 308 325 0 0 0 0 0 0 0
car 0.0 0 0 219 285 234 299 0 0 0 0 0 0 0
car 0.0 0 0 273 317 286 331 0 0 0 0 0 0 0
car 0.0 0 0 315 316 324 331 0 0 0 0 0 0 0
car 0.304347826087 0 0 315 336 338 352 0 0 0 0 0 0 0
car 0.653846153846 0 0 263 343 287 352 0 0 0 0 0 0 0
car 0.0 0 0 187 275 206 293 0 0 0 0 0 0 0
car 0.0 0 0 200 279 215 293 0 0 0 0 0 0 0
car 0.0 0 0 209 283 225 296 0 0 0 0 0 0 0
car 0.0 0 0 226 288 248 309 0 0 0 0 0 0 0
car 0.0 0 0 241 294 258 311 0 0 0 0 0 0 0
car 0.0 0 0 210 300 225 317 0 0 0 0 0 0 0
car 0.0 0 0 200 298 217 314 0 0 0 0 0 0 0
car 0.0 0 0 187 295 205 314 0 0 0 0 0 0 0
car 0.0 0 0 186 313 205 331 0 0 0 0 0 0 0
car 0.0 0 0 226 311 247 330 0 0 0 0 0 0 0
car 0.0 0 0 235 315 253 334 0 0 0 0 0 0 0
car 0.0 0 0 195 319 212 336 0 0 0 0 0 0 0
car 0.0 0 0 204 322 223 342 0 0 0 0 0 0 0
car 0.0 0 0 215 328 234 346 0 0 0 0 0 0 0
car 0.0 0 0 222 332 243 350 0 0 0 0 0 0 0
car 0.0 0 0 240 324 258 345 0 0 0 0 0 0 0
car 0.0869565217391 0 0 243 331 267 352 0 0 0 0 0 0 0
car 0.0 0 0 254 302 274 323 0 0 0 0 0 0 0
car 0.0 0 0 289 327 309 347 0 0 0 0 0 0 0
car 0.0 0 0 277 323 300 343 0 0 0 0 0 0 0
car 0.0 0 0 136 8 152 18 0 0 0 0 0 0 0
car 0.0 0 0 100 15 116 30 0 0 0 0 0 0 0
car 0.0 0 0 82 12 97 26 0 0 0 0 0 0 0
car 0.0 0 0 154 17 171 31 0 0 0 0 0 0 0
car 0.0 0 0 172 16 189 29 0 0 0 0 0 0 0
car 0.0 0 0 156 44 174 56 0 0 0 0 0 0 0
car 0.0 0 0 315 58 333 76 0 0 0 0 0 0 0
car 0.08 0 0 300 329 322 352 0 0 0 0 0 0 0
car 0.529411764706 0 0 331 344 349 352 0 0 0 0 0 0 0
car 0.764705882353 0 0 0 103 4 122 0 0 0 0 0 0 0
car 0.428571428571 0 0 0 166 8 183 0 0 0 0 0 0 0
car 0.0 0 0 248 246 266 255 0 0 0 0 0 0 0
car 0.0 0 0 39 148 52 160 0 0 0 0 0 0 0
car 0.0 0 0 113 199 128 213 0 0 0 0 0 0 0
car 0.0 0 0 127 214 141 223 0 0 0 0 0 0 0
car 0.0 0 0 40 212 51 223 0 0 0 0 0 0 0
