car 0.0 0 0 303 307 317 324 0 0 0 0 0 0 0
car 0.0 0 0 279 320 290 332 0 0 0 0 0 0 0
car 0.0 0 0 313 320 332 340 0 0 0 0 0 0 0
car 0.47619047619 0 0 301 341 316 352 0 0 0 0 0 0 0
car 0.0 0 0 270 332 284 348 0 0 0 0 0 0 0
car 0.375 0 0 0 204 10 216 0 0 0 0 0 0 0
car 0.0 0 0 18 225 34 239 0 0 0 0 0 0 0
car 0.0 0 0 73 270 88 282 0 0 0 0 0 0 0
car 0.0 0 0 149 293 161 305 0 0 0 0 0 0 0
car 0.0 0 0 136 305 150 314 0 0 0 0 0 0 0
car 0.0 0 0 136 332 152 342 0 0 0 0 0 0 0
car 0.133333333333 0 0 100 339 116 352 0 0 0 0 0 0 0
car 0.0 0 0 82 336 97 350 0 0 0 0 0 0 0
car 0.214285714286 0 0 154 341 171 352 0 0 0 0 0 0 0
car 0.0769230769231 0 0 172 340 189 352 0 0 0 0 0 0 0
car 0.0 0 0 130 286 147 301 0 0 0 0 0 0 0
car 0.0 0 0 124 281 137 295 0 0 0 0 0 0 0
car 0.0 0 0 203 169 217 181 0 0 0 0 0 0 0
car 0.0 0 0 216 194 231 208 0 0 0 0 0 0 0
car 0.0 0 0 247 189 268 204 0 0 0 0 0 0 0
car 0.0 0 0 290 172 307 184 0 0 0 0 0 0 0
car 0.0 0 0 284 177 298 188 0 0 0 0 0 0 0
car 0.0 0 0 297 185 314 199 0 0 0 0 0 0 0
car 0.0 0 0 183 161 198 174 0 0 0 0 0 0 0
car 0.0 0 0 4 51 22 67 0 0 0 0 0 0 0
car 0.0 0 0 17 57 32 73 0 0 0 0 0 0 0
car 0.0 0 0 20 77 37 91 0 0 0 0 0 0 0
car 0.0 0 0 20 11 32 20 0 0 0 0 0 0 0
car 0.0 0 0 30 22 40 36 0 0 0 0 0 0 0
car 0.0 0 0 38 27 55 44 0 0 0 0 0 0 0
car 0.0 0 0 65 27 83 45 0 0 0 0 0 0 0
car 0.0 0 0 52 67 70 80 0 0 0 0 0 0 0
car 0.0 0 0 111 72 126 87 0 0 0 0 0 0 0
car 0.0 0 0 128 65 152 85 0 0 0 0 0 0 0
car 0.0 0 0 145 72 166 91 0 0 0 0 0 0 0
car 0.0 0 0 77 100 92 110 0 0 0 0 0 0 0
car 0.0 0 0 105 42 122 56 0 0 0 0 0 0 0
car 0.0 0 0 88 54 106 67 0 0 0 0 0 0 0
car 0.0 0 0 172 83 191 101 0 0 0 0 0 0 0
car 0.0 0 0 159 103 174 116 0 0 0 0 0 0 0
car 0.0 0 0 166 108 181 121 0 0 0 0 0 0 0
car 0.0 0 0 100 111 112 124 0 0 0 0 0 0 0
car 0.0 0 0 100 123 120 140 0 0 0 0 0 0 0
car 0.0 0 0 192 107 208 120 0 0 0 0 0 0 0
car 0.0 0 0 197 114 214 126 0 0 0 0 0 0 0
car 0.0 0 0 205 120 219 135 0 0 0 0 0 0 0
car 0.0 0 0 153 141 165 153 0 0 0 0 0 0 0
car 0.0 0 0 213 130 228 146 0 0 0 0 0 0 0
car 0.0 0 0 227 142 245 153 0 0 0 0 0 0 0
