car 0.0 0 0 3 6 19 17 0 0 0 0 0 0 0
car 0.0 0 0 22 16 38 28 0 0 0 0 0 0 0
car 0.0 0 0 73 13 91 26 0 0 0 0 0 0 0
car 0.0 0 0 84 1 97 16 0 0 0 0 0 0 0
car 0.0 0 0 91 25 106 36 0 0 0 0 0 0 0
car 0.0 0 0 113 43 130 54 0 0 0 0 0 0 0
car 0.0 0 0 133 54 147 64 0 0 0 0 0 0 0
car 0.0 0 0 148 63 164 74 0 0 0 0 0 0 0
car 0.0 0 0 46 45 63 60 0 0 0 0 0 0 0
car 0.0 0 0 191 68 205 80 0 0 0 0 0 0 0
car 0.0 0 0 201 73 217 89 0 0 0 0 0 0 0
car 0.0 0 0 33 62 46 75 0 0 0 0 0 0 0
car 0.0 0 0 31 73 46 89 0 0 0 0 0 0 0
car 0.0 0 0 16 78 30 93 0 0 0 0 0 0 0
car 0.0 0 0 77 94 104 109 0 0 0 0 0 0 0
car 0.0 0 0 72 67 86 79 0 0 0 0 0 0 0
car 0.0 0 0 23 114 37 129 0 0 0 0 0 0 0
car 0.0 0 0 8 128 22 141 0 0 0 0 0 0 0
car 0.0 0 0 127 73 144 87 0 0 0 0 0 0 0
car 0.0 0 0 183 115 204 125 0 0 0 0 0 0 0
car 0.0 0 0 203 86 219 99 0 0 0 0 0 0 0
car 0.0 0 0 210 96 228 109 0 0 0 0 0 0 0
car 0.0 0 0 186 125 199 136 0 0 0 0 0 0 0
car 0.0 0 0 264 102 277 114 0 0 0 0 0 0 0
car 0.0 0 0 254 113 266 125 0 0 0 0 0 0 0
car 0.0 0 0 271 107 283 119 0 0 0 0 0 0 0
car 0.0 0 0 277 114 290 126 0 0 0 0 0 0 0
car 0.0 0 0 278 121 294 136 0 0 0 0 0 0 0
car 0.0 0 0 203 133 214 147 0 0 0 0 0 0 0
car 0.0 0 0 210 141 221 152 0 0 0 0 0 0 0
car 0.866666666667 0 0 350 160 352 173 0 0 0 0 0 0 0
car 0.0 0 0 304 132 318 145 0 0 0 0 0 0 0
car 0.0 0 0 260 168 273 180 0 0 0 0 0 0 0
car 0.0 0 0 295 128 309 139 0 0 0 0 0 0 0
car 0.0 0 0 286 187 300 197 0 0 0 0 0 0 0
car 0.8 0 0 197 350 215 352 0 0 0 0 0 0 0
car 0.0 0 0 192 333 204 348 0 0 0 0 0 0 0
car 0.0 0 0 237 334 252 347 0 0 0 0 0 0 0
car 0.0 0 0 227 332 241 343 0 0 0 0 0 0 0
car 0.333333333333 0 0 217 344 229 352 0 0 0 0 0 0 0
car 0.666666666667 0 0 227 348 241 352 0 0 0 0 0 0 0
car 0.0 0 0 110 325 125 340 0 0 0 0 0 0 0
car 0.0 0 0 151 305 164 317 0 0 0 0 0 0 0
car 0.0 0 0 163 293 177 305 0 0 0 0 0 0 0
car 0.0 0 0 187 304 199 317 0 0 0 0 0 0 0
car 0.0 0 0 178 301 190 313 0 0 0 0 0 0 0
car 0.0 0 0 70 306 88 313 0 0 0 0 0 0 0
car 0.0 0 0 141 281 158 297 0 0 0 0 0 0 0
car 0.0 0 0 101 279 117 295 0 0 0 0 0 0 0
car 0.0 0 0 92 275 108 288 0 0 0 0 0 0 0
car 0.0 0 0 80 266 96 283 0 0 0 0 0 0 0
car 0.0 0 0 74 264 84 278 0 0 0 0 0 0 0
car 0.0 0 0 60 257 77 275 0 0 0 0 0 0 0
car 0.0 0 0 63 234 75 247 0 0 0 0 0 0 0
car 0.0 0 0 44 223 58 237 0 0 0 0 0 0 0
car 0.0 0 0 13 224 32 237 0 0 0 0 0 0 0
car 0.0 0 0 151 286 166 302 0 0 0 0 0 0 0
car 0.0 0 0 228 91 242 104 0 0 0 0 0 0 0
car 0.0 0 0 196 315 211 328 0 0 0 0 0 0 0
car 0.0 0 0 278 163 292 176 0 0 0 0 0 0 0
car 0.0 0 0 119 330 135 343 0 0 0 0 0 0 0
car 0.384615384615 0 0 124 344 141 352 0 0 0 0 0 0 0
