car 0.0 0 0 327 181 341 194 0 0 0 0 0 0 0
car 0.0 0 0 312 195 325 207 0 0 0 0 0 0 0
car 0.0 0 0 284 218 298 232 0 0 0 0 0 0 0
car 0.0 0 0 309 225 323 236 0 0 0 0 0 0 0
car 0.25 0 0 340 199 352 212 0 0 0 0 0 0 0
car 0.0 0 0 292 237 306 249 0 0 0 0 0 0 0
car 0.0 0 0 280 248 293 259 0 0 0 0 0 0 0
car 0.0 0 0 268 257 281 269 0 0 0 0 0 0 0
car 0.0 0 0 254 269 265 278 0 0 0 0 0 0 0
car 0.0 0 0 235 276 253 290 0 0 0 0 0 0 0
car 0.0 0 0 223 291 236 302 0 0 0 0 0 0 0
car 0.625 0 0 346 221 352 234 0 0 0 0 0 0 0
car 0.0 0 0 339 227 352 237 0 0 0 0 0 0 0
car 0.0 0 0 333 233 347 243 0 0 0 0 0 0 0
car 0.0 0 0 325 238 341 251 0 0 0 0 0 0 0
car 0.0 0 0 316 244 334 256 0 0 0 0 0 0 0
car 0.0 0 0 312 250 326 261 0 0 0 0 0 0 0
car 0.0 0 0 304 255 319 267 0 0 0 0 0 0 0
car 0.0 0 0 296 260 311 271 0 0 0 0 0 0 0
car 0.0 0 0 289 265 304 277 0 0 0 0 0 0 0
car 0.0 0 0 282 270 297 282 0 0 0 0 0 0 0
car 0.0 0 0 270 281 283 291 0 0 0 0 0 0 0
car 0.0 0 0 252 291 267 301 0 0 0 0 0 0 0
car 0.0 0 0 241 304 255 315 0 0 0 0 0 0 0
car 0.0 0 0 231 308 248 322 0 0 0 0 0 0 0
car 0.0 0 0 223 314 238 325 0 0 0 0 0 0 0
car 0.0 0 0 216 319 231 330 0 0 0 0 0 0 0
car 0.916666666667 0 0 100 351 116 352 0 0 0 0 0 0 0
car 0.0 0 0 91 6 111 17 0 0 0 0 0 0 0
car 0.0 0 0 83 18 101 28 0 0 0 0 0 0 0
car 0.0 0 0 76 31 95 41 0 0 0 0 0 0 0
car 0.0 0 0 64 48 84 58 0 0 0 0 0 0 0
