car 0.0 0 0 140 11 160 18 0 0 0 0 0 0 0
car 0.0 0 0 121 43 133 58 0 0 0 0 0 0 0
car 0.0 0 0 109 45 120 59 0 0 0 0 0 0 0
car 0.0 0 0 87 44 100 60 0 0 0 0 0 0 0
car 0.0 0 0 200 75 220 84 0 0 0 0 0 0 0
car 0.0 0 0 42 98 64 105 0 0 0 0 0 0 0
car 0.030303030303 0 0 0 97 32 107 0 0 0 0 0 0 0
car 0.0 0 0 133 118 149 140 0 0 0 0 0 0 0
car 0.0 0 0 215 112 225 128 0 0 0 0 0 0 0
car 0.0 0 0 278 19 308 31 0 0 0 0 0 0 0
car 0.0 0 0 329 272 344 286 0 0 0 0 0 0 0
car 0.0 0 0 320 286 332 299 0 0 0 0 0 0 0
car 0.0 0 0 307 304 320 318 0 0 0 0 0 0 0
