car 0.266666666667 0 0 95 0 107 11 0 0 0 0 0 0 0
car 0.0 0 0 82 16 95 29 0 0 0 0 0 0 0
car 0.615384615385 0 0 61 0 73 5 0 0 0 0 0 0 0
car 0.0 0 0 36 36 50 50 0 0 0 0 0 0 0
car 0.0 0 0 75 28 89 44 0 0 0 0 0 0 0
car 0.0 0 0 86 47 101 64 0 0 0 0 0 0 0
car 0.0 0 0 67 42 79 54 0 0 0 0 0 0 0
car 0.0 0 0 15 27 28 41 0 0 0 0 0 0 0
car 0.0 0 0 8 41 27 53 0 0 0 0 0 0 0
car 0.0 0 0 92 76 108 88 0 0 0 0 0 0 0
car 0.0 0 0 1 3 14 17 0 0 0 0 0 0 0
car 0.941176470588 0 0 294 0 308 1 0 0 0 0 0 0 0
car 0.5 0 0 273 0 286 7 0 0 0 0 0 0 0
car 0.533333333333 0 0 315 0 324 7 0 0 0 0 0 0 0
car 0.0 0 0 271 333 286 350 0 0 0 0 0 0 0
car 0.0 0 0 211 320 225 335 0 0 0 0 0 0 0
car 0.0 0 0 240 291 263 311 0 0 0 0 0 0 0
car 0.0 0 0 192 269 211 280 0 0 0 0 0 0 0
car 0.0 0 0 168 298 194 329 0 0 0 0 0 0 0
car 0.0 0 0 182 276 206 291 0 0 0 0 0 0 0
car 0.0 0 0 132 279 169 296 0 0 0 0 0 0 0
car 0.0 0 0 121 294 157 313 0 0 0 0 0 0 0
car 0.0 0 0 82 292 110 306 0 0 0 0 0 0 0
car 0.0 0 0 214 325 236 348 0 0 0 0 0 0 0
car 0.0 0 0 76 319 87 337 0 0 0 0 0 0 0
car 0.0 0 0 47 311 63 328 0 0 0 0 0 0 0
car 0.0 0 0 59 314 72 331 0 0 0 0 0 0 0
car 0.0 0 0 3 293 15 309 0 0 0 0 0 0 0
car 0.0 0 0 108 237 133 267 0 0 0 0 0 0 0
car 0.0 0 0 38 208 54 228 0 0 0 0 0 0 0
car 0.0 0 0 24 203 41 223 0 0 0 0 0 0 0
car 0.0 0 0 52 151 73 172 0 0 0 0 0 0 0
car 0.0 0 0 63 157 86 175 0 0 0 0 0 0 0
car 0.0 0 0 81 160 98 176 0 0 0 0 0 0 0
car 0.0 0 0 118 145 133 161 0 0 0 0 0 0 0
car 0.0 0 0 241 178 262 200 0 0 0 0 0 0 0
car 0.0 0 0 230 173 254 194 0 0 0 0 0 0 0
car 0.0 0 0 216 169 242 193 0 0 0 0 0 0 0
car 0.0 0 0 234 162 251 172 0 0 0 0 0 0 0
car 0.0 0 0 205 162 233 190 0 0 0 0 0 0 0
car 0.0 0 0 157 187 167 200 0 0 0 0 0 0 0
car 0.0 0 0 268 190 290 211 0 0 0 0 0 0 0
car 0.0 0 0 321 53 336 68 0 0 0 0 0 0 0
car 0.0 0 0 315 12 338 35 0 0 0 0 0 0 0
car 0.0 0 0 227 80 246 93 0 0 0 0 0 0 0
car 0.0 0 0 259 98 274 115 0 0 0 0 0 0 0
car 0.0 0 0 283 109 303 121 0 0 0 0 0 0 0
car 0.0 0 0 280 29 308 56 0 0 0 0 0 0 0
car 0.0 0 0 263 19 287 45 0 0 0 0 0 0 0
car 0.611111111111 0 0 186 0 205 7 0 0 0 0 0 0 0
car 0.684210526316 0 0 226 0 247 6 0 0 0 0 0 0 0
car 0.473684210526 0 0 235 0 253 10 0 0 0 0 0 0 0
car 0.294117647059 0 0 195 0 212 12 0 0 0 0 0 0 0
car 0.1 0 0 204 0 223 18 0 0 0 0 0 0 0
car 0.0 0 0 215 4 234 22 0 0 0 0 0 0 0
car 0.0 0 0 222 8 243 26 0 0 0 0 0 0 0
car 0.0 0 0 240 0 258 21 0 0 0 0 0 0 0
car 0.0 0 0 243 7 267 30 0 0 0 0 0 0 0
car 0.0 0 0 289 3 309 23 0 0 0 0 0 0 0
car 0.05 0 0 277 0 300 19 0 0 0 0 0 0 0
car 0.0 0 0 150 70 177 102 0 0 0 0 0 0 0
car 0.0 0 0 137 61 165 97 0 0 0 0 0 0 0
car 0.0 0 0 125 65 145 91 0 0 0 0 0 0 0
car 0.0 0 0 209 97 220 109 0 0 0 0 0 0 0
car 0.0 0 0 169 77 198 111 0 0 0 0 0 0 0
car 0.0 0 0 215 107 225 119 0 0 0 0 0 0 0
car 0.0 0 0 220 106 245 134 0 0 0 0 0 0 0
car 0.0 0 0 232 110 256 138 0 0 0 0 0 0 0
car 0.0 0 0 269 133 289 158 0 0 0 0 0 0 0
car 0.0 0 0 279 135 301 162 0 0 0 0 0 0 0
car 0.0 0 0 291 139 314 169 0 0 0 0 0 0 0
car 0.0 0 0 300 151 320 175 0 0 0 0 0 0 0
car 0.0 0 0 311 155 330 178 0 0 0 0 0 0 0
car 0.0 0 0 323 159 340 184 0 0 0 0 0 0 0
car 0.0 0 0 290 201 302 214 0 0 0 0 0 0 0
car 0.0 0 0 268 210 283 232 0 0 0 0 0 0 0
car 0.0 0 0 286 219 303 239 0 0 0 0 0 0 0
car 0.0 0 0 295 224 309 244 0 0 0 0 0 0 0
car 0.0 0 0 306 204 325 222 0 0 0 0 0 0 0
car 0.0 0 0 313 208 332 226 0 0 0 0 0 0 0
car 0.0 0 0 325 216 338 228 0 0 0 0 0 0 0
car 0.0 0 0 333 217 351 237 0 0 0 0 0 0 0
car 0.0 0 0 320 236 336 250 0 0 0 0 0 0 0
car 0.0 0 0 274 239 290 256 0 0 0 0 0 0 0
car 0.0 0 0 267 230 284 248 0 0 0 0 0 0 0
car 0.0 0 0 301 229 319 247 0 0 0 0 0 0 0
car 0.0 0 0 167 262 183 277 0 0 0 0 0 0 0
car 0.0 0 0 165 243 198 261 0 0 0 0 0 0 0
car 0.0 0 0 10 185 25 201 0 0 0 0 0 0 0
car 0.769230769231 0 0 0 167 3 180 0 0 0 0 0 0 0
car 0.0 0 0 62 88 72 106 0 0 0 0 0 0 0
car 0.0 0 0 301 114 317 129 0 0 0 0 0 0 0
car 0.0 0 0 281 117 298 128 0 0 0 0 0 0 0
car 0.0 0 0 279 125 298 134 0 0 0 0 0 0 0
car 0.0 0 0 321 124 336 146 0 0 0 0 0 0 0
car 0.0 0 0 300 5 322 30 0 0 0 0 0 0 0
car 0.0 0 0 331 20 349 37 0 0 0 0 0 0 0
