car 0.736842105263 0 0 89 0 99 5 0 0 0 0 0 0 0
car 0.0 0 0 59 14 78 27 0 0 0 0 0 0 0
car 0.0 0 0 66 30 83 42 0 0 0 0 0 0 0
car 0.0833333333333 0 0 114 0 127 11 0 0 0 0 0 0 0
car 0.0 0 0 94 56 104 68 0 0 0 0 0 0 0
car 0.0 0 0 123 71 134 86 0 0 0 0 0 0 0
car 0.0 0 0 106 56 129 80 0 0 0 0 0 0 0
car 0.0 0 0 130 75 145 91 0 0 0 0 0 0 0
car 0.0 0 0 139 81 150 94 0 0 0 0 0 0 0
car 0.0 0 0 179 97 191 109 0 0 0 0 0 0 0
car 0.0 0 0 190 102 213 123 0 0 0 0 0 0 0
car 0.0 0 0 202 111 218 125 0 0 0 0 0 0 0
car 0.0 0 0 221 66 236 79 0 0 0 0 0 0 0
car 0.0 0 0 212 116 227 128 0 0 0 0 0 0 0
car 0.0 0 0 268 159 280 173 0 0 0 0 0 0 0
car 0.0 0 0 331 179 348 192 0 0 0 0 0 0 0
car 0.0 0 0 284 116 304 129 0 0 0 0 0 0 0
car 0.0 0 0 253 126 267 133 0 0 0 0 0 0 0
car 0.0 0 0 245 131 257 143 0 0 0 0 0 0 0
car 0.928571428571 0 0 339 351 352 352 0 0 0 0 0 0 0
car 0.0 0 0 286 307 299 321 0 0 0 0 0 0 0
car 0.0 0 0 280 319 288 335 0 0 0 0 0 0 0
car 0.0 0 0 285 330 302 343 0 0 0 0 0 0 0
car 0.285714285714 0 0 303 342 322 352 0 0 0 0 0 0 0
car 0.0 0 0 295 324 313 335 0 0 0 0 0 0 0
car 0.0 0 0 325 327 338 341 0 0 0 0 0 0 0
car 0.0 0 0 235 277 248 289 0 0 0 0 0 0 0
car 0.0 0 0 227 271 242 285 0 0 0 0 0 0 0
car 0.0 0 0 215 285 229 296 0 0 0 0 0 0 0
car 0.0 0 0 260 314 274 323 0 0 0 0 0 0 0
car 0.0 0 0 263 300 280 314 0 0 0 0 0 0 0
car 0.0 0 0 190 298 221 314 0 0 0 0 0 0 0
car 0.0 0 0 168 292 187 304 0 0 0 0 0 0 0
car 0.0 0 0 223 319 239 330 0 0 0 0 0 0 0
car 0.0 0 0 220 324 236 335 0 0 0 0 0 0 0
car 0.0 0 0 251 338 269 350 0 0 0 0 0 0 0
car 0.6 0 0 267 348 286 352 0 0 0 0 0 0 0
car 0.0 0 0 96 253 111 265 0 0 0 0 0 0 0
car 0.0 0 0 125 277 140 288 0 0 0 0 0 0 0
car 0.0 0 0 162 231 175 245 0 0 0 0 0 0 0
car 0.0 0 0 169 240 183 253 0 0 0 0 0 0 0
car 0.0 0 0 208 261 224 274 0 0 0 0 0 0 0
car 0.0 0 0 196 278 211 290 0 0 0 0 0 0 0
car 0.0 0 0 187 268 201 281 0 0 0 0 0 0 0
car 0.0 0 0 180 260 197 274 0 0 0 0 0 0 0
car 0.0 0 0 116 224 144 243 0 0 0 0 0 0 0
car 0.0 0 0 116 209 131 224 0 0 0 0 0 0 0
car 0.0 0 0 108 201 125 215 0 0 0 0 0 0 0
car 0.0 0 0 100 196 115 209 0 0 0 0 0 0 0
car 0.0 0 0 69 226 97 242 0 0 0 0 0 0 0
car 0.0 0 0 58 232 75 243 0 0 0 0 0 0 0
car 0.0 0 0 98 223 115 233 0 0 0 0 0 0 0
car 0.0 0 0 35 187 52 196 0 0 0 0 0 0 0
car 0.0 0 0 52 194 65 202 0 0 0 0 0 0 0
car 0.0 0 0 64 200 81 211 0 0 0 0 0 0 0
car 0.0 0 0 26 160 41 173 0 0 0 0 0 0 0
car 0.0 0 0 246 61 273 76 0 0 0 0 0 0 0
car 0.0 0 0 245 85 258 97 0 0 0 0 0 0 0
car 0.0 0 0 199 45 213 59 0 0 0 0 0 0 0
car 0.0 0 0 275 80 292 96 0 0 0 0 0 0 0
car 0.0 0 0 179 50 198 64 0 0 0 0 0 0 0
car 0.0 0 0 144 265 188 294 0 0 0 0 0 0 0
car 0.0 0 0 177 246 191 260 0 0 0 0 0 0 0
car 0.0 0 0 242 310 258 322 0 0 0 0 0 0 0
car 0.0 0 0 311 103 328 122 0 0 0 0 0 0 0
car 0.0 0 0 305 96 319 109 0 0 0 0 0 0 0
car 0.153846153846 0 0 145 0 160 11 0 0 0 0 0 0 0
car 0.0 0 0 318 166 332 183 0 0 0 0 0 0 0
car 0.0 0 0 225 288 237 301 0 0 0 0 0 0 0
