car 0.909090909091 0 0 223 0 238 1 0 0 0 0 0 0 0
car 0.454545454545 0 0 216 0 231 6 0 0 0 0 0 0 0
car 0.0 0 0 192 41 209 53 0 0 0 0 0 0 0
car 0.0 0 0 185 46 200 58 0 0 0 0 0 0 0
car 0.0 0 0 227 58 244 71 0 0 0 0 0 0 0
car 0.0 0 0 221 63 236 75 0 0 0 0 0 0 0
car 0.0 0 0 217 71 232 83 0 0 0 0 0 0 0
car 0.0 0 0 207 74 224 89 0 0 0 0 0 0 0
car 0.0 0 0 201 82 215 95 0 0 0 0 0 0 0
car 0.0 0 0 229 82 243 96 0 0 0 0 0 0 0
car 0.0 0 0 215 94 228 103 0 0 0 0 0 0 0
car 0.0 0 0 205 98 222 110 0 0 0 0 0 0 0
car 0.0 0 0 307 101 329 121 0 0 0 0 0 0 0
car 0.0 0 0 84 62 102 73 0 0 0 0 0 0 0
car 0.0 0 0 100 27 116 39 0 0 0 0 0 0 0
car 0.0 0 0 113 52 129 61 0 0 0 0 0 0 0
car 0.0 0 0 32 60 44 68 0 0 0 0 0 0 0
car 0.0 0 0 7 92 21 101 0 0 0 0 0 0 0
car 0.0 0 0 322 97 338 114 0 0 0 0 0 0 0
