car 0.0 0 0 64 232 85 248 0 0 0 0 0 0 0
car 0.0 0 0 47 256 66 265 0 0 0 0 0 0 0
car 0.0 0 0 58 261 76 272 0 0 0 0 0 0 0
car 0.0 0 0 85 274 99 282 0 0 0 0 0 0 0
car 0.0 0 0 104 270 121 281 0 0 0 0 0 0 0
car 0.0 0 0 120 279 135 286 0 0 0 0 0 0 0
car 0.0 0 0 106 287 122 295 0 0 0 0 0 0 0
car 0.0 0 0 116 292 133 301 0 0 0 0 0 0 0
car 0.0 0 0 138 291 152 298 0 0 0 0 0 0 0
car 0.0 0 0 146 295 165 305 0 0 0 0 0 0 0
car 0.0 0 0 127 299 145 308 0 0 0 0 0 0 0
car 0.0 0 0 163 302 182 312 0 0 0 0 0 0 0
car 0.0 0 0 172 309 192 316 0 0 0 0 0 0 0
car 0.0 0 0 143 305 163 312 0 0 0 0 0 0 0
car 0.0 0 0 160 317 178 326 0 0 0 0 0 0 0
car 0.0 0 0 182 316 199 322 0 0 0 0 0 0 0
car 0.0 0 0 74 298 81 313 0 0 0 0 0 0 0
car 0.0 0 0 83 306 94 318 0 0 0 0 0 0 0
car 0.0 0 0 95 310 106 326 0 0 0 0 0 0 0
car 0.0 0 0 140 337 149 351 0 0 0 0 0 0 0
car 0.235294117647 0 0 148 339 158 352 0 0 0 0 0 0 0
car 0.705882352941 0 0 161 347 172 352 0 0 0 0 0 0 0
car 0.0 0 0 27 292 41 304 0 0 0 0 0 0 0
