car 0.875 0 0 351 59 352 74 0 0 0 0 0 0 0
car 0.0 0 0 340 56 350 74 0 0 0 0 0 0 0
car 0.0 0 0 319 57 330 73 0 0 0 0 0 0 0
car 0.0 0 0 308 57 319 72 0 0 0 0 0 0 0
car 0.0 0 0 285 48 307 58 0 0 0 0 0 0 0
car 0.0 0 0 267 32 288 41 0 0 0 0 0 0 0
car 0.0 0 0 241 49 259 55 0 0 0 0 0 0 0
car 0.0 0 0 242 224 264 234 0 0 0 0 0 0 0
car 0.0 0 0 221 222 243 233 0 0 0 0 0 0 0
car 0.0 0 0 178 247 197 256 0 0 0 0 0 0 0
car 0.0 0 0 203 248 223 256 0 0 0 0 0 0 0
car 0.0 0 0 244 251 266 260 0 0 0 0 0 0 0
car 0.0 0 0 270 253 291 261 0 0 0 0 0 0 0
car 0.0 0 0 293 254 316 262 0 0 0 0 0 0 0
car 0.0 0 0 121 218 141 233 0 0 0 0 0 0 0
car 0.0 0 0 115 143 126 159 0 0 0 0 0 0 0
car 0.0 0 0 117 124 127 143 0 0 0 0 0 0 0
car 0.0 0 0 129 123 141 136 0 0 0 0 0 0 0
car 0.0 0 0 119 82 132 97 0 0 0 0 0 0 0
car 0.0 0 0 121 67 131 80 0 0 0 0 0 0 0
car 0.0 0 0 119 33 127 47 0 0 0 0 0 0 0
car 0.0 0 0 34 192 58 205 0 0 0 0 0 0 0
car 0.0 0 0 60 226 81 238 0 0 0 0 0 0 0
car 0.0 0 0 284 281 304 292 0 0 0 0 0 0 0
car 0.0 0 0 250 274 266 287 0 0 0 0 0 0 0
car 0.0 0 0 231 270 247 288 0 0 0 0 0 0 0
car 0.0 0 0 209 272 226 284 0 0 0 0 0 0 0
car 0.0 0 0 193 267 204 281 0 0 0 0 0 0 0
car 0.0 0 0 183 268 192 283 0 0 0 0 0 0 0
car 0.0 0 0 166 266 181 279 0 0 0 0 0 0 0
car 0.0 0 0 154 268 169 280 0 0 0 0 0 0 0
car 0.0 0 0 148 288 169 298 0 0 0 0 0 0 0
car 0.0 0 0 152 296 169 305 0 0 0 0 0 0 0
car 0.0 0 0 146 311 166 320 0 0 0 0 0 0 0
car 0.0 0 0 219 303 237 317 0 0 0 0 0 0 0
car 0.0 0 0 230 303 245 314 0 0 0 0 0 0 0
car 0.0 0 0 250 296 268 309 0 0 0 0 0 0 0
car 0.0 0 0 239 298 258 313 0 0 0 0 0 0 0
car 0.0 0 0 93 253 104 269 0 0 0 0 0 0 0
car 0.0 0 0 89 271 103 287 0 0 0 0 0 0 0
car 0.0 0 0 124 271 134 287 0 0 0 0 0 0 0
car 0.0 0 0 123 288 133 302 0 0 0 0 0 0 0
car 0.0 0 0 119 305 133 321 0 0 0 0 0 0 0
car 0.0 0 0 111 283 123 309 0 0 0 0 0 0 0
car 0.0 0 0 87 302 100 318 0 0 0 0 0 0 0
car 0.0 0 0 83 317 99 333 0 0 0 0 0 0 0
car 0.0 0 0 84 334 97 348 0 0 0 0 0 0 0
car 0.230769230769 0 0 117 342 128 352 0 0 0 0 0 0 0
