car 0.0 0 0 302 324 340 344 0 0 0 0 0 0 0
car 0.0 0 0 228 271 247 281 0 0 0 0 0 0 0
car 0.0 0 0 232 264 250 275 0 0 0 0 0 0 0
car 0.0 0 0 235 255 257 268 0 0 0 0 0 0 0
car 0.0 0 0 239 247 257 258 0 0 0 0 0 0 0
car 0.0 0 0 110 294 129 307 0 0 0 0 0 0 0
car 0.153846153846 0 0 70 341 91 352 0 0 0 0 0 0 0
car 0.0 0 0 91 259 112 274 0 0 0 0 0 0 0
car 0.0 0 0 48 255 87 280 0 0 0 0 0 0 0
car 0.111111111111 0 0 0 214 16 225 0 0 0 0 0 0 0
car 0.0 0 0 82 201 101 212 0 0 0 0 0 0 0
car 0.0 0 0 99 209 119 221 0 0 0 0 0 0 0
car 0.0 0 0 272 154 288 169 0 0 0 0 0 0 0
car 0.0 0 0 282 159 298 174 0 0 0 0 0 0 0
car 0.0 0 0 194 111 213 124 0 0 0 0 0 0 0
car 0.0 0 0 184 101 194 118 0 0 0 0 0 0 0
car 0.0 0 0 169 89 181 107 0 0 0 0 0 0 0
car 0.0 0 0 156 94 169 111 0 0 0 0 0 0 0
car 0.0 0 0 149 86 163 100 0 0 0 0 0 0 0
car 0.0 0 0 134 100 151 114 0 0 0 0 0 0 0
car 0.0 0 0 127 86 144 101 0 0 0 0 0 0 0
car 0.0 0 0 100 92 117 106 0 0 0 0 0 0 0
car 0.0 0 0 260 48 275 62 0 0 0 0 0 0 0
car 0.0 0 0 47 160 65 169 0 0 0 0 0 0 0
car 0.0 0 0 248 240 261 249 0 0 0 0 0 0 0
car 0.0 0 0 189 2 202 16 0 0 0 0 0 0 0
car 0.0 0 0 56 319 75 334 0 0 0 0 0 0 0
car 0.0 0 0 180 321 197 334 0 0 0 0 0 0 0
