car 0.4375 0 0 83 0 99 9 0 0 0 0 0 0 0
car 0.0 0 0 84 10 97 24 0 0 0 0 0 0 0
car 0.0 0 0 117 18 128 31 0 0 0 0 0 0 0
car 0.0 0 0 115 30 128 45 0 0 0 0 0 0 0
car 0.0 0 0 113 46 126 61 0 0 0 0 0 0 0
car 0.0 0 0 81 52 91 68 0 0 0 0 0 0 0
car 0.0 0 0 77 85 89 101 0 0 0 0 0 0 0
car 0.0 0 0 76 105 87 120 0 0 0 0 0 0 0
car 0.0 0 0 111 81 123 98 0 0 0 0 0 0 0
car 0.0 0 0 107 130 118 144 0 0 0 0 0 0 0
car 0.0 0 0 73 137 82 151 0 0 0 0 0 0 0
car 0.0 0 0 105 145 115 161 0 0 0 0 0 0 0
car 0.0 0 0 71 158 81 172 0 0 0 0 0 0 0
car 0.0 0 0 102 176 115 193 0 0 0 0 0 0 0
car 0.0 0 0 102 195 112 209 0 0 0 0 0 0 0
car 0.0 0 0 101 210 113 227 0 0 0 0 0 0 0
car 0.0 0 0 85 288 101 304 0 0 0 0 0 0 0
car 0.0 0 0 124 292 140 308 0 0 0 0 0 0 0
car 0.0 0 0 93 305 110 321 0 0 0 0 0 0 0
car 0.0 0 0 104 321 117 337 0 0 0 0 0 0 0
car 0.0 0 0 146 328 159 342 0 0 0 0 0 0 0
