car 0.9375 0 0 280 0 292 1 0 0 0 0 0 0 0
car 0.0 0 0 270 8 286 23 0 0 0 0 0 0 0
car 0.0 0 0 264 31 275 47 0 0 0 0 0 0 0
car 0.0 0 0 250 56 266 71 0 0 0 0 0 0 0
car 0.0 0 0 242 76 257 89 0 0 0 0 0 0 0
car 0.0 0 0 237 101 248 114 0 0 0 0 0 0 0
car 0.0 0 0 158 179 174 191 0 0 0 0 0 0 0
car 0.0 0 0 149 182 168 196 0 0 0 0 0 0 0
car 0.0 0 0 139 186 159 200 0 0 0 0 0 0 0
car 0.0 0 0 175 207 187 223 0 0 0 0 0 0 0
car 0.0 0 0 165 212 175 224 0 0 0 0 0 0 0
car 0.0 0 0 154 213 166 230 0 0 0 0 0 0 0
car 0.0 0 0 117 190 140 204 0 0 0 0 0 0 0
car 0.0 0 0 111 195 131 206 0 0 0 0 0 0 0
car 0.0 0 0 92 199 110 212 0 0 0 0 0 0 0
car 0.0 0 0 76 206 92 218 0 0 0 0 0 0 0
car 0.0 0 0 68 214 83 227 0 0 0 0 0 0 0
car 0.0 0 0 115 224 130 240 0 0 0 0 0 0 0
car 0.0 0 0 308 288 321 304 0 0 0 0 0 0 0
car 0.0 0 0 316 285 333 302 0 0 0 0 0 0 0
car 0.0 0 0 329 283 342 300 0 0 0 0 0 0 0
car 0.0 0 0 240 336 256 349 0 0 0 0 0 0 0
