car 0.0 0 0 302 2 325 10 0 0 0 0 0 0 0
car 0.0 0 0 213 52 233 58 0 0 0 0 0 0 0
car 0.0 0 0 149 37 169 43 0 0 0 0 0 0 0
car 0.0 0 0 126 36 143 44 0 0 0 0 0 0 0
car 0.0 0 0 102 37 120 43 0 0 0 0 0 0 0
car 0.0 0 0 118 50 145 60 0 0 0 0 0 0 0
car 0.0 0 0 157 52 177 59 0 0 0 0 0 0 0
car 0.0 0 0 57 51 75 57 0 0 0 0 0 0 0
car 0.0 0 0 27 59 35 74 0 0 0 0 0 0 0
car 0.0 0 0 16 56 26 74 0 0 0 0 0 0 0
car 0.454545454545 0 0 0 57 6 73 0 0 0 0 0 0 0
car 0.0 0 0 253 251 272 259 0 0 0 0 0 0 0
car 0.0 0 0 202 255 222 263 0 0 0 0 0 0 0
car 0.0 0 0 178 257 201 265 0 0 0 0 0 0 0
car 0.0 0 0 148 257 170 265 0 0 0 0 0 0 0
car 0.0 0 0 315 269 334 284 0 0 0 0 0 0 0
car 0.0 0 0 312 286 327 303 0 0 0 0 0 0 0
car 0.0 0 0 280 309 292 325 0 0 0 0 0 0 0
car 0.0 0 0 270 332 286 347 0 0 0 0 0 0 0
