car 0.0 0 0 259 128 274 136 0 0 0 0 0 0 0
car 0.0 0 0 238 104 255 114 0 0 0 0 0 0 0
car 0.0 0 0 282 156 300 168 0 0 0 0 0 0 0
car 0.0 0 0 262 199 278 207 0 0 0 0 0 0 0
car 0.0 0 0 117 165 130 176 0 0 0 0 0 0 0
car 0.0 0 0 172 116 189 128 0 0 0 0 0 0 0
car 0.0 0 0 188 87 205 97 0 0 0 0 0 0 0
car 0.0 0 0 302 71 322 84 0 0 0 0 0 0 0
car 0.0 0 0 285 75 303 87 0 0 0 0 0 0 0
car 0.0 0 0 123 36 143 48 0 0 0 0 0 0 0
car 0.0 0 0 302 0 340 20 0 0 0 0 0 0 0
car 0.0 0 0 70 17 91 30 0 0 0 0 0 0 0
car 0.0 0 0 67 53 83 64 0 0 0 0 0 0 0
car 0.0 0 0 62 142 80 158 0 0 0 0 0 0 0
car 0.333333333333 0 0 56 0 75 10 0 0 0 0 0 0 0
car 0.230769230769 0 0 180 0 197 10 0 0 0 0 0 0 0
