car 0.0 0 0 3 72 18 79 0 0 0 0 0 0 0
car 0.0 0 0 5 82 21 88 0 0 0 0 0 0 0
car 0.0 0 0 58 73 73 84 0 0 0 0 0 0 0
car 0.0 0 0 20 106 31 121 0 0 0 0 0 0 0
car 0.0 0 0 159 136 187 159 0 0 0 0 0 0 0
car 0.0 0 0 250 205 268 222 0 0 0 0 0 0 0
car 0.0 0 0 318 305 336 320 0 0 0 0 0 0 0
car 0.0 0 0 206 271 229 281 0 0 0 0 0 0 0
car 0.0 0 0 191 295 208 312 0 0 0 0 0 0 0
car 0.0 0 0 203 299 221 314 0 0 0 0 0 0 0
car 0.0 0 0 216 303 230 314 0 0 0 0 0 0 0
car 0.0 0 0 223 307 236 320 0 0 0 0 0 0 0
car 0.0 0 0 232 316 252 328 0 0 0 0 0 0 0
car 0.0 0 0 243 322 257 331 0 0 0 0 0 0 0
car 0.0 0 0 249 328 265 341 0 0 0 0 0 0 0
car 0.0 0 0 257 334 273 346 0 0 0 0 0 0 0
car 0.166666666667 0 0 264 342 280 352 0 0 0 0 0 0 0
car 0.622222222222 0 0 335 345 352 352 0 0 0 0 0 0 0
car 0.0 0 0 208 335 222 348 0 0 0 0 0 0 0
