car 0.666666666667 0 0 232 0 252 4 0 0 0 0 0 0 0
car 0.222222222222 0 0 243 0 257 7 0 0 0 0 0 0 0
car 0.0 0 0 249 4 265 17 0 0 0 0 0 0 0
car 0.0 0 0 257 10 273 22 0 0 0 0 0 0 0
car 0.0 0 0 264 18 280 30 0 0 0 0 0 0 0
car 0.190476190476 0 0 335 21 352 36 0 0 0 0 0 0 0
car 0.0 0 0 51 96 72 118 0 0 0 0 0 0 0
car 0.0 0 0 202 48 219 64 0 0 0 0 0 0 0
car 0.266666666667 0 0 45 341 52 352 0 0 0 0 0 0 0
car 0.142857142857 0 0 56 340 65 352 0 0 0 0 0 0 0
car 0.153846153846 0 0 68 341 75 352 0 0 0 0 0 0 0
car 0.2 0 0 82 340 90 352 0 0 0 0 0 0 0
car 0.3125 0 0 91 341 101 352 0 0 0 0 0 0 0
car 0.0 0 0 208 11 222 24 0 0 0 0 0 0 0
car 0.0 0 0 180 64 194 82 0 0 0 0 0 0 0
car 0.0 0 0 217 92 228 103 0 0 0 0 0 0 0
