car 0.0 0 0 208 29 227 42 0 0 0 0 0 0 0
car 0.0 0 0 79 128 90 146 0 0 0 0 0 0 0
car 0.0 0 0 15 63 29 79 0 0 0 0 0 0 0
car 0.666666666667 0 0 0 76 5 89 0 0 0 0 0 0 0
car 0.214285714286 0 0 0 81 11 92 0 0 0 0 0 0 0
car 0.0 0 0 20 171 50 194 0 0 0 0 0 0 0
car 0.0 0 0 32 118 55 131 0 0 0 0 0 0 0
car 0.0 0 0 106 86 125 100 0 0 0 0 0 0 0
car 0.0 0 0 172 126 187 141 0 0 0 0 0 0 0
car 0.0 0 0 161 114 174 128 0 0 0 0 0 0 0
car 0.0 0 0 228 46 246 54 0 0 0 0 0 0 0
car 0.0 0 0 42 82 57 94 0 0 0 0 0 0 0
car 0.0 0 0 28 77 52 100 0 0 0 0 0 0 0
