car 0.0 0 0 45 17 52 32 0 0 0 0 0 0 0
car 0.0 0 0 56 16 65 30 0 0 0 0 0 0 0
car 0.0 0 0 68 17 75 30 0 0 0 0 0 0 0
car 0.0 0 0 82 16 90 31 0 0 0 0 0 0 0
car 0.0 0 0 91 17 101 33 0 0 0 0 0 0 0
car 0.0 0 0 154 62 175 73 0 0 0 0 0 0 0
car 0.0 0 0 162 70 179 81 0 0 0 0 0 0 0
car 0.0 0 0 165 78 185 90 0 0 0 0 0 0 0
car 0.0 0 0 182 119 199 131 0 0 0 0 0 0 0
car 0.0 0 0 188 132 204 141 0 0 0 0 0 0 0
car 0.0 0 0 196 148 213 160 0 0 0 0 0 0 0
car 0.0 0 0 202 190 231 205 0 0 0 0 0 0 0
car 0.0 0 0 151 177 169 190 0 0 0 0 0 0 0
car 0.0 0 0 265 329 281 342 0 0 0 0 0 0 0
