car 0.0 0 0 337 8 352 16 0 0 0 0 0 0 0
car 0.0 0 0 154 138 164 146 0 0 0 0 0 0 0
car 0.0 0 0 152 182 161 191 0 0 0 0 0 0 0
car 0.0 0 0 153 188 162 198 0 0 0 0 0 0 0
car 0.0 0 0 160 192 168 202 0 0 0 0 0 0 0
car 0.0 0 0 139 191 147 201 0 0 0 0 0 0 0
car 0.0 0 0 141 196 151 207 0 0 0 0 0 0 0
car 0.0 0 0 144 200 158 214 0 0 0 0 0 0 0
car 0.0 0 0 132 202 141 211 0 0 0 0 0 0 0
car 0.0 0 0 131 214 140 224 0 0 0 0 0 0 0
car 0.0 0 0 112 217 123 228 0 0 0 0 0 0 0
car 0.0 0 0 120 221 130 231 0 0 0 0 0 0 0
car 0.0 0 0 87 232 101 244 0 0 0 0 0 0 0
car 0.0 0 0 92 240 103 251 0 0 0 0 0 0 0
car 0.0 0 0 25 285 36 298 0 0 0 0 0 0 0
car 0.0 0 0 294 35 307 44 0 0 0 0 0 0 0
car 0.0 0 0 319 21 331 28 0 0 0 0 0 0 0
car 0.307692307692 0 0 0 329 9 341 0 0 0 0 0 0 0
car 0.0 0 0 212 152 227 166 0 0 0 0 0 0 0
car 0.0 0 0 126 159 140 173 0 0 0 0 0 0 0
car 0.0 0 0 242 92 262 108 0 0 0 0 0 0 0
car 0.0 0 0 60 261 74 271 0 0 0 0 0 0 0
car 0.0 0 0 69 250 84 261 0 0 0 0 0 0 0
car 0.0 0 0 204 152 219 165 0 0 0 0 0 0 0
car 0.0 0 0 212 135 225 148 0 0 0 0 0 0 0
car 0.0 0 0 177 169 190 179 0 0 0 0 0 0 0
car 0.0 0 0 11 308 23 317 0 0 0 0 0 0 0
car 0.0 0 0 42 277 55 285 0 0 0 0 0 0 0
car 0.0 0 0 312 26 320 36 0 0 0 0 0 0 0
car 0.125 0 0 0 313 14 327 0 0 0 0 0 0 0
car 0.0 0 0 82 254 99 263 0 0 0 0 0 0 0
car 0.0 0 0 50 277 63 285 0 0 0 0 0 0 0
car 0.0 0 0 164 178 178 189 0 0 0 0 0 0 0
car 0.0 0 0 34 302 45 311 0 0 0 0 0 0 0
car 0.0 0 0 216 93 228 106 0 0 0 0 0 0 0
car 0.0 0 0 267 83 277 90 0 0 0 0 0 0 0
car 0.0 0 0 77 267 88 275 0 0 0 0 0 0 0
car 0.0 0 0 183 154 201 164 0 0 0 0 0 0 0
car 0.0 0 0 24 310 34 319 0 0 0 0 0 0 0
car 0.0 0 0 274 52 286 59 0 0 0 0 0 0 0
car 0.0 0 0 191 162 204 171 0 0 0 0 0 0 0
car 0.0 0 0 40 286 53 294 0 0 0 0 0 0 0
car 0.0 0 0 285 42 295 52 0 0 0 0 0 0 0
car 0.0 0 0 193 169 209 178 0 0 0 0 0 0 0
