car 0.0 0 0 247 130 261 138 0 0 0 0 0 0 0
car 0.0 0 0 289 72 298 81 0 0 0 0 0 0 0
car 0.0 0 0 250 6 263 15 0 0 0 0 0 0 0
car 0.0 0 0 239 8 255 21 0 0 0 0 0 0 0
car 0.0 0 0 259 15 288 37 0 0 0 0 0 0 0
car 0.0833333333333 0 0 207 0 222 11 0 0 0 0 0 0 0
car 0.0 0 0 168 280 179 286 0 0 0 0 0 0 0
car 0.0 0 0 286 4 294 14 0 0 0 0 0 0 0
car 0.5 0 0 245 0 257 5 0 0 0 0 0 0 0
car 0.0 0 0 227 5 236 15 0 0 0 0 0 0 0
car 0.0 0 0 305 8 316 17 0 0 0 0 0 0 0
car 0.0 0 0 8 278 21 287 0 0 0 0 0 0 0
car 0.0 0 0 268 3 281 13 0 0 0 0 0 0 0
car 0.0 0 0 279 15 295 24 0 0 0 0 0 0 0
car 0.0 0 0 314 98 328 105 0 0 0 0 0 0 0
car 0.0 0 0 41 252 54 265 0 0 0 0 0 0 0
car 0.0 0 0 180 191 203 209 0 0 0 0 0 0 0
car 0.5 0 0 220 0 232 4 0 0 0 0 0 0 0
