car 0.0 0 0 152 154 168 163 0 0 0 0 0 0 0
car 0.785714285714 0 0 102 349 114 352 0 0 0 0 0 0 0
car 0.0 0 0 256 134 270 141 0 0 0 0 0 0 0
car 0.0 0 0 169 133 181 143 0 0 0 0 0 0 0
car 0.0 0 0 127 158 144 168 0 0 0 0 0 0 0
car 0.0 0 0 38 275 54 287 0 0 0 0 0 0 0
car 0.0 0 0 322 140 332 146 0 0 0 0 0 0 0
car 0.0 0 0 279 125 294 134 0 0 0 0 0 0 0
car 0.0 0 0 87 189 103 203 0 0 0 0 0 0 0
car 0.0 0 0 213 149 232 160 0 0 0 0 0 0 0
car 0.0 0 0 50 256 65 269 0 0 0 0 0 0 0
car 0.0 0 0 277 138 292 151 0 0 0 0 0 0 0
car 0.0 0 0 152 131 168 141 0 0 0 0 0 0 0
car 0.0 0 0 222 138 251 146 0 0 0 0 0 0 0
