car 0.0 0 0 265 89 276 101 0 0 0 0 0 0 0
car 0.0 0 0 281 98 294 111 0 0 0 0 0 0 0
car 0.0 0 0 178 262 188 271 0 0 0 0 0 0 0
car 0.0 0 0 140 274 151 287 0 0 0 0 0 0 0
car 0.0 0 0 111 246 121 257 0 0 0 0 0 0 0
car 0.0 0 0 152 265 162 275 0 0 0 0 0 0 0
car 0.0 0 0 121 305 136 316 0 0 0 0 0 0 0
car 0.0 0 0 239 114 253 130 0 0 0 0 0 0 0
car 0.0 0 0 148 292 160 300 0 0 0 0 0 0 0
car 0.0 0 0 133 297 148 307 0 0 0 0 0 0 0
car 0.0 0 0 107 311 120 323 0 0 0 0 0 0 0
car 0.0 0 0 325 142 340 161 0 0 0 0 0 0 0
