car 0.0 0 0 99 54 113 62 0 0 0 0 0 0 0
car 0.0 0 0 250 59 260 70 0 0 0 0 0 0 0
car 0.0 0 0 257 49 269 60 0 0 0 0 0 0 0
car 0.0 0 0 266 45 277 57 0 0 0 0 0 0 0
car 0.0 0 0 290 30 300 40 0 0 0 0 0 0 0
car 0.0 0 0 271 69 281 79 0 0 0 0 0 0 0
car 0.0 0 0 276 65 287 77 0 0 0 0 0 0 0
car 0.0 0 0 258 68 287 91 0 0 0 0 0 0 0
car 0.0 0 0 297 71 311 86 0 0 0 0 0 0 0
car 0.0 0 0 297 82 307 93 0 0 0 0 0 0 0
car 0.0 0 0 283 86 315 115 0 0 0 0 0 0 0
car 0.0 0 0 243 184 258 193 0 0 0 0 0 0 0
car 0.0 0 0 20 204 31 210 0 0 0 0 0 0 0
car 0.0 0 0 316 99 329 110 0 0 0 0 0 0 0
car 0.0 0 0 320 73 337 90 0 0 0 0 0 0 0
car 0.0 0 0 307 105 343 125 0 0 0 0 0 0 0
car 0.0 0 0 332 102 345 115 0 0 0 0 0 0 0
car 0.0 0 0 166 22 180 29 0 0 0 0 0 0 0
car 0.0 0 0 32 115 55 133 0 0 0 0 0 0 0
