car 0.0 0 0 296 28 308 34 0 0 0 0 0 0 0
car 0.0 0 0 299 23 310 30 0 0 0 0 0 0 0
car 0.0 0 0 131 22 142 32 0 0 0 0 0 0 0
car 0.0 0 0 140 7 154 17 0 0 0 0 0 0 0
car 0.0 0 0 168 30 180 41 0 0 0 0 0 0 0
car 0.0 0 0 299 17 310 23 0 0 0 0 0 0 0
car 0.0 0 0 302 11 310 16 0 0 0 0 0 0 0
car 0.0 0 0 187 43 199 51 0 0 0 0 0 0 0
car 0.0 0 0 315 7 331 19 0 0 0 0 0 0 0
car 0.0909090909091 0 0 266 0 281 10 0 0 0 0 0 0 0
car 0.444444444444 0 0 116 0 125 5 0 0 0 0 0 0 0
car 0.0 0 0 333 118 349 128 0 0 0 0 0 0 0
car 0.0 0 0 313 104 330 115 0 0 0 0 0 0 0
car 0.0 0 0 150 30 164 42 0 0 0 0 0 0 0
car 0.0 0 0 285 14 298 27 0 0 0 0 0 0 0
car 0.384615384615 0 0 82 0 99 8 0 0 0 0 0 0 0
car 0.0 0 0 282 2 296 12 0 0 0 0 0 0 0
car 0.0 0 0 283 90 306 106 0 0 0 0 0 0 0
car 0.0 0 0 296 89 307 98 0 0 0 0 0 0 0
car 0.363636363636 0 0 69 0 84 7 0 0 0 0 0 0 0
car 0.0 0 0 320 93 333 101 0 0 0 0 0 0 0
car 0.0 0 0 246 72 261 82 0 0 0 0 0 0 0
car 0.0 0 0 196 33 212 46 0 0 0 0 0 0 0
car 0.0 0 0 261 72 276 83 0 0 0 0 0 0 0
car 0.0 0 0 218 52 236 63 0 0 0 0 0 0 0
