car 0.0 0 0 335 27 343 40 0 0 0 0 0 0 0
car 0.0 0 0 174 15 182 26 0 0 0 0 0 0 0
car 0.0 0 0 189 21 201 27 0 0 0 0 0 0 0
car 0.0 0 0 181 15 188 27 0 0 0 0 0 0 0
car 0.0 0 0 342 83 349 96 0 0 0 0 0 0 0
car 0.0 0 0 250 330 263 339 0 0 0 0 0 0 0
car 0.0 0 0 239 332 255 345 0 0 0 0 0 0 0
car 0.409090909091 0 0 259 339 288 352 0 0 0 0 0 0 0
car 0.0 0 0 207 323 222 335 0 0 0 0 0 0 0
car 0.0 0 0 152 296 171 309 0 0 0 0 0 0 0
car 0.0 0 0 286 328 294 338 0 0 0 0 0 0 0
car 0.0 0 0 245 319 257 329 0 0 0 0 0 0 0
car 0.0 0 0 108 266 124 275 0 0 0 0 0 0 0
car 0.0 0 0 227 329 236 339 0 0 0 0 0 0 0
car 0.0 0 0 98 273 111 281 0 0 0 0 0 0 0
car 0.0 0 0 305 332 316 341 0 0 0 0 0 0 0
car 0.0 0 0 268 327 281 337 0 0 0 0 0 0 0
car 0.0 0 0 180 300 193 309 0 0 0 0 0 0 0
car 0.0 0 0 279 339 295 348 0 0 0 0 0 0 0
car 0.0 0 0 86 261 99 269 0 0 0 0 0 0 0
car 0.0 0 0 62 252 75 266 0 0 0 0 0 0 0
car 0.0 0 0 219 312 231 319 0 0 0 0 0 0 0
car 0.0 0 0 194 303 209 313 0 0 0 0 0 0 0
car 0.0 0 0 220 320 232 328 0 0 0 0 0 0 0
