car 0.0 0 0 106 121 119 127 0 0 0 0 0 0 0
car 0.0 0 0 67 129 90 139 0 0 0 0 0 0 0
car 0.0 0 0 269 70 305 90 0 0 0 0 0 0 0
car 0.0 0 0 311 54 323 64 0 0 0 0 0 0 0
car 0.428571428571 0 0 344 46 352 52 0 0 0 0 0 0 0
car 0.0 0 0 115 290 125 301 0 0 0 0 0 0 0
car 0.0 0 0 151 252 159 262 0 0 0 0 0 0 0
car 0.705882352941 0 0 347 173 352 180 0 0 0 0 0 0 0
car 0.705882352941 0 0 347 190 352 197 0 0 0 0 0 0 0
car 0.0 0 0 115 126 130 136 0 0 0 0 0 0 0
car 0.666666666667 0 0 347 196 352 204 0 0 0 0 0 0 0
car 0.0 0 0 7 131 18 141 0 0 0 0 0 0 0
car 0.631578947368 0 0 345 166 352 173 0 0 0 0 0 0 0
