car 0.0 0 0 11 27 19 40 0 0 0 0 0 0 0
car 0.0 0 0 18 83 25 96 0 0 0 0 0 0 0
car 0.0 0 0 29 66 35 78 0 0 0 0 0 0 0
car 0.0 0 0 35 70 41 82 0 0 0 0 0 0 0
car 0.0 0 0 36 84 43 92 0 0 0 0 0 0 0
car 0.0 0 0 40 180 50 204 0 0 0 0 0 0 0
car 0.0 0 0 32 250 38 261 0 0 0 0 0 0 0
car 0.0 0 0 40 228 52 247 0 0 0 0 0 0 0
car 0.0 0 0 46 211 57 230 0 0 0 0 0 0 0
car 0.0 0 0 53 266 61 278 0 0 0 0 0 0 0
car 0.0 0 0 44 259 49 267 0 0 0 0 0 0 0
car 0.0 0 0 49 251 56 264 0 0 0 0 0 0 0
car 0.0 0 0 45 298 57 310 0 0 0 0 0 0 0
car 0.0 0 0 50 310 64 325 0 0 0 0 0 0 0
car 0.0 0 0 28 205 39 220 0 0 0 0 0 0 0
