car 0.0 0 0 237 144 248 155 0 0 0 0 0 0 0
car 0.0 0 0 102 25 114 39 0 0 0 0 0 0 0
car 0.0 0 0 114 44 123 55 0 0 0 0 0 0 0
car 0.0 0 0 16 144 27 154 0 0 0 0 0 0 0
car 0.0 0 0 168 209 176 219 0 0 0 0 0 0 0
car 0.0 0 0 157 217 169 227 0 0 0 0 0 0 0
car 0.0 0 0 78 263 94 278 0 0 0 0 0 0 0
car 0.0 0 0 109 245 122 255 0 0 0 0 0 0 0
car 0.0 0 0 25 262 40 274 0 0 0 0 0 0 0
car 0.0 0 0 96 252 111 264 0 0 0 0 0 0 0
car 0.0 0 0 49 274 66 285 0 0 0 0 0 0 0
car 0.0 0 0 58 281 72 292 0 0 0 0 0 0 0
car 0.0 0 0 140 217 156 229 0 0 0 0 0 0 0
car 0.0 0 0 39 254 55 268 0 0 0 0 0 0 0
car 0.0 0 0 114 199 132 214 0 0 0 0 0 0 0
