car 0.0 0 0 78 34 90 53 0 0 0 0 0 0 0
car 0.0 0 0 80 60 88 74 0 0 0 0 0 0 0
car 0.0 0 0 37 58 47 70 0 0 0 0 0 0 0
car 0.0 0 0 38 74 49 85 0 0 0 0 0 0 0
car 0.0 0 0 74 135 84 146 0 0 0 0 0 0 0
car 0.0 0 0 81 125 93 136 0 0 0 0 0 0 0
car 0.0 0 0 90 121 101 133 0 0 0 0 0 0 0
car 0.0 0 0 114 106 124 116 0 0 0 0 0 0 0
car 0.0 0 0 95 145 105 155 0 0 0 0 0 0 0
car 0.0 0 0 100 141 111 153 0 0 0 0 0 0 0
car 0.0 0 0 82 144 111 167 0 0 0 0 0 0 0
car 0.0 0 0 121 147 135 162 0 0 0 0 0 0 0
car 0.0 0 0 121 158 131 169 0 0 0 0 0 0 0
car 0.0 0 0 107 162 139 191 0 0 0 0 0 0 0
car 0.0 0 0 314 259 325 268 0 0 0 0 0 0 0
car 0.0 0 0 323 250 344 266 0 0 0 0 0 0 0
car 0.0 0 0 327 239 346 254 0 0 0 0 0 0 0
car 0.0 0 0 273 258 285 268 0 0 0 0 0 0 0
car 0.0 0 0 67 260 82 269 0 0 0 0 0 0 0
car 0.0 0 0 311 268 323 277 0 0 0 0 0 0 0
car 0.583333333333 0 0 347 290 352 300 0 0 0 0 0 0 0
car 0.0 0 0 323 279 340 287 0 0 0 0 0 0 0
car 0.0 0 0 140 175 153 186 0 0 0 0 0 0 0
car 0.0 0 0 210 200 219 210 0 0 0 0 0 0 0
car 0.0 0 0 332 293 349 308 0 0 0 0 0 0 0
car 0.0 0 0 185 186 198 201 0 0 0 0 0 0 0
car 0.0 0 0 230 228 243 237 0 0 0 0 0 0 0
car 0.0 0 0 170 172 183 183 0 0 0 0 0 0 0
car 0.0 0 0 183 211 193 218 0 0 0 0 0 0 0
car 0.0 0 0 144 149 161 166 0 0 0 0 0 0 0
car 0.0 0 0 274 238 286 246 0 0 0 0 0 0 0
car 0.0 0 0 267 246 293 262 0 0 0 0 0 0 0
car 0.0 0 0 131 181 167 201 0 0 0 0 0 0 0
car 0.0 0 0 156 178 169 191 0 0 0 0 0 0 0
car 0.933333333333 0 0 50 0 64 1 0 0 0 0 0 0 0
car 0.714285714286 0 0 0 98 4 105 0 0 0 0 0 0 0
car 0.0 0 0 221 233 235 245 0 0 0 0 0 0 0
car 0.0 0 0 199 221 218 234 0 0 0 0 0 0 0
car 0.0 0 0 295 240 310 247 0 0 0 0 0 0 0
car 0.0 0 0 292 246 306 253 0 0 0 0 0 0 0
car 0.0 0 0 241 238 256 254 0 0 0 0 0 0 0
