car 0.0 0 0 193 285 205 291 0 0 0 0 0 0 0
car 0.0 0 0 191 275 206 281 0 0 0 0 0 0 0
car 0.0 0 0 185 257 192 274 0 0 0 0 0 0 0
car 0.0 0 0 196 254 202 267 0 0 0 0 0 0 0
car 0.0 0 0 178 268 183 278 0 0 0 0 0 0 0
car 0.0 0 0 191 281 209 285 0 0 0 0 0 0 0
car 0.0 0 0 250 264 259 275 0 0 0 0 0 0 0
car 0.285714285714 0 0 299 347 310 352 0 0 0 0 0 0 0
car 0.909090909091 0 0 0 259 1 268 0 0 0 0 0 0 0
car 0.047619047619 0 0 0 250 20 266 0 0 0 0 0 0 0
car 0.0 0 0 3 239 22 254 0 0 0 0 0 0 0
car 0.4 0 0 131 346 142 352 0 0 0 0 0 0 0
car 0.0 0 0 140 331 154 341 0 0 0 0 0 0 0
car 0.0 0 0 113 151 122 165 0 0 0 0 0 0 0
car 0.0 0 0 299 341 310 347 0 0 0 0 0 0 0
car 0.0 0 0 302 335 310 340 0 0 0 0 0 0 0
car 0.0 0 0 50 301 65 312 0 0 0 0 0 0 0
car 0.0 0 0 23 290 35 300 0 0 0 0 0 0 0
car 0.0 0 0 315 331 331 343 0 0 0 0 0 0 0
car 0.0 0 0 66 287 80 296 0 0 0 0 0 0 0
car 0.0 0 0 114 312 123 320 0 0 0 0 0 0 0
car 0.0 0 0 266 323 281 334 0 0 0 0 0 0 0
car 0.0588235294118 0 0 0 279 16 287 0 0 0 0 0 0 0
car 0.0 0 0 116 320 125 329 0 0 0 0 0 0 0
car 0.0 0 0 259 266 266 278 0 0 0 0 0 0 0
car 0.0 0 0 8 293 25 308 0 0 0 0 0 0 0
car 0.0 0 0 285 338 298 351 0 0 0 0 0 0 0
car 0.0 0 0 89 302 111 319 0 0 0 0 0 0 0
car 0.0 0 0 82 319 99 332 0 0 0 0 0 0 0
car 0.0 0 0 282 326 296 336 0 0 0 0 0 0 0
car 0.0 0 0 69 320 84 331 0 0 0 0 0 0 0
car 0.0 0 0 28 281 38 288 0 0 0 0 0 0 0
