car 0.0 0 0 162 228 171 238 0 0 0 0 0 0 0
car 0.0 0 0 148 174 158 183 0 0 0 0 0 0 0
car 0.0 0 0 157 168 166 178 0 0 0 0 0 0 0
car 0.0 0 0 161 167 170 177 0 0 0 0 0 0 0
car 0.0 0 0 127 188 140 198 0 0 0 0 0 0 0
car 0.0 0 0 50 325 59 334 0 0 0 0 0 0 0
car 0.272727272727 0 0 344 204 352 210 0 0 0 0 0 0 0
car 0.0 0 0 124 259 136 270 0 0 0 0 0 0 0
car 0.0 0 0 184 202 197 211 0 0 0 0 0 0 0
car 0.0 0 0 36 330 52 342 0 0 0 0 0 0 0
car 0.0 0 0 217 176 230 189 0 0 0 0 0 0 0
car 0.0 0 0 78 229 91 238 0 0 0 0 0 0 0
car 0.0 0 0 35 180 49 188 0 0 0 0 0 0 0
car 0.0 0 0 30 314 47 326 0 0 0 0 0 0 0
