car 0.0 0 0 71 133 89 143 0 0 0 0 0 0 0
car 0.0 0 0 318 164 333 173 0 0 0 0 0 0 0
car 0.0 0 0 295 318 311 327 0 0 0 0 0 0 0
car 0.0 0 0 200 260 211 272 0 0 0 0 0 0 0
car 0.0 0 0 316 274 326 286 0 0 0 0 0 0 0
car 0.0 0 0 29 178 68 199 0 0 0 0 0 0 0
car 0.0 0 0 268 329 275 342 0 0 0 0 0 0 0
car 0.0 0 0 278 326 284 338 0 0 0 0 0 0 0
car 0.0 0 0 284 326 291 333 0 0 0 0 0 0 0
car 0.0 0 0 306 269 316 282 0 0 0 0 0 0 0
car 0.0 0 0 142 236 157 248 0 0 0 0 0 0 0
car 0.0 0 0 251 336 265 343 0 0 0 0 0 0 0
