car 0.0 0 0 263 176 276 191 0 0 0 0 0 0 0
car 0.0 0 0 102 86 114 92 0 0 0 0 0 0 0
car 0.0 0 0 293 171 310 181 0 0 0 0 0 0 0
car 0.0 0 0 243 125 259 139 0 0 0 0 0 0 0
car 0.0 0 0 230 98 241 108 0 0 0 0 0 0 0
car 0.0 0 0 95 75 113 86 0 0 0 0 0 0 0
car 0.0 0 0 327 152 341 160 0 0 0 0 0 0 0
car 0.0 0 0 251 157 266 169 0 0 0 0 0 0 0
car 0.466666666667 0 0 344 145 352 154 0 0 0 0 0 0 0
car 0.0 0 0 317 230 328 243 0 0 0 0 0 0 0
car 0.0 0 0 235 113 251 127 0 0 0 0 0 0 0
car 0.0 0 0 218 80 233 91 0 0 0 0 0 0 0
car 0.0 0 0 315 156 327 165 0 0 0 0 0 0 0
car 0.0 0 0 274 203 289 219 0 0 0 0 0 0 0
car 0.0 0 0 299 161 312 169 0 0 0 0 0 0 0
