car 0.0 0 0 324 87 336 102 0 0 0 0 0 0 0
car 0.0 0 0 268 272 283 281 0 0 0 0 0 0 0
car 0.0 0 0 220 288 236 299 0 0 0 0 0 0 0
car 0.0 0 0 39 319 50 328 0 0 0 0 0 0 0
car 0.0 0 0 198 263 211 273 0 0 0 0 0 0 0
car 0.0 0 0 177 302 192 315 0 0 0 0 0 0 0
car 0.0 0 0 35 335 48 344 0 0 0 0 0 0 0
car 0.0 0 0 61 140 80 151 0 0 0 0 0 0 0
car 0.0 0 0 132 320 145 330 0 0 0 0 0 0 0
car 0.0 0 0 115 25 129 36 0 0 0 0 0 0 0
car 0.0 0 0 338 83 350 94 0 0 0 0 0 0 0
car 0.0 0 0 128 287 143 298 0 0 0 0 0 0 0
car 0.0 0 0 205 294 220 303 0 0 0 0 0 0 0
car 0.0 0 0 171 274 182 285 0 0 0 0 0 0 0
car 0.0 0 0 301 124 312 135 0 0 0 0 0 0 0
car 0.2 0 0 61 344 76 352 0 0 0 0 0 0 0
car 0.0 0 0 253 335 265 347 0 0 0 0 0 0 0
car 0.0 0 0 144 73 156 86 0 0 0 0 0 0 0
car 0.0 0 0 116 121 131 128 0 0 0 0 0 0 0
car 0.0 0 0 80 320 95 330 0 0 0 0 0 0 0
car 0.0 0 0 156 279 171 289 0 0 0 0 0 0 0
car 0.0 0 0 106 296 125 306 0 0 0 0 0 0 0
car 0.0 0 0 139 101 151 112 0 0 0 0 0 0 0
car 0.0 0 0 23 323 39 334 0 0 0 0 0 0 0
car 0.0 0 0 73 306 85 317 0 0 0 0 0 0 0
car 0.0 0 0 112 3 126 13 0 0 0 0 0 0 0
car 0.0 0 0 141 283 157 294 0 0 0 0 0 0 0
car 0.666666666667 0 0 49 349 61 352 0 0 0 0 0 0 0
car 0.0 0 0 305 262 338 278 0 0 0 0 0 0 0
car 0.0 0 0 293 100 306 113 0 0 0 0 0 0 0
car 0.0 0 0 268 247 283 255 0 0 0 0 0 0 0
car 0.0 0 0 135 301 151 312 0 0 0 0 0 0 0
car 0.0 0 0 191 300 203 310 0 0 0 0 0 0 0
car 0.0 0 0 119 325 132 334 0 0 0 0 0 0 0
car 0.0 0 0 160 310 177 320 0 0 0 0 0 0 0
car 0.0 0 0 74 134 89 142 0 0 0 0 0 0 0
car 0.0 0 0 5 332 22 340 0 0 0 0 0 0 0
car 0.0 0 0 253 258 267 267 0 0 0 0 0 0 0
car 0.5 0 0 2 347 16 352 0 0 0 0 0 0 0
car 0.0 0 0 19 341 35 351 0 0 0 0 0 0 0
car 0.0 0 0 47 331 61 341 0 0 0 0 0 0 0
car 0.0 0 0 88 336 101 345 0 0 0 0 0 0 0
car 0.0 0 0 238 281 257 292 0 0 0 0 0 0 0
car 0.0 0 0 228 265 244 274 0 0 0 0 0 0 0
car 0.0 0 0 263 332 273 344 0 0 0 0 0 0 0
car 0.0 0 0 283 263 300 275 0 0 0 0 0 0 0
car 0.0 0 0 212 256 227 266 0 0 0 0 0 0 0
car 0.0 0 0 168 291 181 299 0 0 0 0 0 0 0
car 0.0 0 0 101 330 118 341 0 0 0 0 0 0 0
car 0.0 0 0 121 34 138 46 0 0 0 0 0 0 0
car 0.0 0 0 336 110 349 123 0 0 0 0 0 0 0
car 0.0 0 0 49 317 60 326 0 0 0 0 0 0 0
car 0.0 0 0 330 83 343 96 0 0 0 0 0 0 0
car 0.0 0 0 315 89 326 104 0 0 0 0 0 0 0
car 0.625 0 0 0 337 6 346 0 0 0 0 0 0 0
car 0.0 0 0 316 117 329 129 0 0 0 0 0 0 0
car 0.0 0 0 153 295 167 306 0 0 0 0 0 0 0
car 0.0 0 0 147 315 159 325 0 0 0 0 0 0 0
car 0.0 0 0 147 87 157 97 0 0 0 0 0 0 0
car 0.0 0 0 182 269 196 277 0 0 0 0 0 0 0
car 0.0 0 0 61 314 70 322 0 0 0 0 0 0 0
car 0.0 0 0 132 47 146 59 0 0 0 0 0 0 0
car 0.0 0 0 308 91 321 106 0 0 0 0 0 0 0
car 0.0 0 0 22 157 34 164 0 0 0 0 0 0 0
car 0.0 0 0 299 263 314 270 0 0 0 0 0 0 0
car 0.0 0 0 96 316 110 326 0 0 0 0 0 0 0
car 0.769230769231 0 0 0 168 3 176 0 0 0 0 0 0 0
car 0.0 0 0 46 146 62 154 0 0 0 0 0 0 0
car 0.0 0 0 127 113 143 122 0 0 0 0 0 0 0
car 0.0 0 0 327 251 344 260 0 0 0 0 0 0 0
car 0.0 0 0 242 246 253 256 0 0 0 0 0 0 0
car 0.0 0 0 177 335 190 344 0 0 0 0 0 0 0
car 0.0 0 0 312 257 327 264 0 0 0 0 0 0 0
