car 0.357142857143 0 0 343 101 352 115 0 0 0 0 0 0 0
car 0.0 0 0 278 53 290 61 0 0 0 0 0 0 0
car 0.0 0 0 306 329 321 338 0 0 0 0 0 0 0
car 0.0 0 0 201 80 214 91 0 0 0 0 0 0 0
car 0.0 0 0 97 115 114 128 0 0 0 0 0 0 0
car 0.0 0 0 290 48 305 57 0 0 0 0 0 0 0
car 0.461538461538 0 0 345 27 352 36 0 0 0 0 0 0 0
car 0.0 0 0 285 337 299 346 0 0 0 0 0 0 0
car 0.0 0 0 140 102 156 112 0 0 0 0 0 0 0
car 0.0 0 0 296 0 307 9 0 0 0 0 0 0 0
car 0.0 0 0 38 139 51 149 0 0 0 0 0 0 0
car 0.0 0 0 186 86 197 95 0 0 0 0 0 0 0
car 0.0 0 0 116 112 131 121 0 0 0 0 0 0 0
car 0.0 0 0 171 91 184 100 0 0 0 0 0 0 0
car 0.0 0 0 3 152 17 160 0 0 0 0 0 0 0
car 0.0 0 0 302 13 316 26 0 0 0 0 0 0 0
car 0.0 0 0 20 145 35 154 0 0 0 0 0 0 0
car 0.0 0 0 215 75 229 86 0 0 0 0 0 0 0
car 0.636363636364 0 0 0 230 4 243 0 0 0 0 0 0 0
car 0.0 0 0 251 61 264 72 0 0 0 0 0 0 0
car 0.0 0 0 325 60 338 74 0 0 0 0 0 0 0
car 0.0 0 0 54 133 71 143 0 0 0 0 0 0 0
car 0.0 0 0 230 69 245 78 0 0 0 0 0 0 0
car 0.0 0 0 330 74 346 86 0 0 0 0 0 0 0
car 0.75 0 0 0 156 3 165 0 0 0 0 0 0 0
car 0.0 0 0 334 87 349 100 0 0 0 0 0 0 0
car 0.0 0 0 156 96 170 107 0 0 0 0 0 0 0
car 0.0 0 0 322 324 335 333 0 0 0 0 0 0 0
car 0.0 0 0 306 26 319 36 0 0 0 0 0 0 0
car 0.0 0 0 263 58 276 67 0 0 0 0 0 0 0
