car 0.0 0 0 222 193 233 203 0 0 0 0 0 0 0
car 0.0 0 0 90 162 99 172 0 0 0 0 0 0 0
car 0.0 0 0 62 2 74 16 0 0 0 0 0 0 0
car 0.0 0 0 249 240 261 254 0 0 0 0 0 0 0
car 0.0 0 0 292 26 300 35 0 0 0 0 0 0 0
car 0.0 0 0 76 300 90 306 0 0 0 0 0 0 0
car 0.0 0 0 175 152 189 162 0 0 0 0 0 0 0
car 0.0 0 0 216 182 229 194 0 0 0 0 0 0 0
car 0.0 0 0 261 274 275 285 0 0 0 0 0 0 0
car 0.0 0 0 8 191 24 201 0 0 0 0 0 0 0
car 0.0 0 0 132 147 144 157 0 0 0 0 0 0 0
car 0.0 0 0 74 167 88 178 0 0 0 0 0 0 0
car 0.0 0 0 161 167 176 175 0 0 0 0 0 0 0
car 0.0 0 0 101 157 113 168 0 0 0 0 0 0 0
car 0.0 0 0 1 27 14 42 0 0 0 0 0 0 0
car 0.0 0 0 36 12 47 24 0 0 0 0 0 0 0
car 0.0 0 0 56 7 68 18 0 0 0 0 0 0 0
car 0.0 0 0 64 118 72 127 0 0 0 0 0 0 0
car 0.0 0 0 61 103 73 111 0 0 0 0 0 0 0
car 0.0 0 0 142 171 157 181 0 0 0 0 0 0 0
car 0.0 0 0 60 110 78 118 0 0 0 0 0 0 0
car 0.0 0 0 319 325 332 341 0 0 0 0 0 0 0
car 0.0 0 0 40 117 59 122 0 0 0 0 0 0 0
car 0.0 0 0 54 175 70 186 0 0 0 0 0 0 0
car 0.0 0 0 177 161 191 172 0 0 0 0 0 0 0
car 0.0 0 0 48 8 59 20 0 0 0 0 0 0 0
car 0.0 0 0 16 179 33 189 0 0 0 0 0 0 0
car 0.0 0 0 79 305 92 314 0 0 0 0 0 0 0
car 0.0 0 0 22 16 33 31 0 0 0 0 0 0 0
car 0.0 0 0 14 21 25 35 0 0 0 0 0 0 0
car 0.0 0 0 263 99 303 119 0 0 0 0 0 0 0
car 0.0 0 0 242 231 255 242 0 0 0 0 0 0 0
car 0.0 0 0 279 262 292 276 0 0 0 0 0 0 0
car 0.0 0 0 122 180 136 189 0 0 0 0 0 0 0
car 0.0 0 0 239 219 250 231 0 0 0 0 0 0 0
car 0.0 0 0 301 47 314 60 0 0 0 0 0 0 0
car 0.0 0 0 259 260 271 272 0 0 0 0 0 0 0
