car 0.0 0 0 82 119 106 129 0 0 0 0 0 0 0
car 0.0 0 0 246 79 278 95 0 0 0 0 0 0 0
car 0.714285714286 0 0 249 350 263 352 0 0 0 0 0 0 0
car 0.0 0 0 313 334 329 341 0 0 0 0 0 0 0
car 0.0 0 0 286 76 307 85 0 0 0 0 0 0 0
car 0.4 0 0 333 349 346 352 0 0 0 0 0 0 0
car 0.0 0 0 245 49 258 55 0 0 0 0 0 0 0
car 0.0 0 0 302 66 319 73 0 0 0 0 0 0 0
car 0.0 0 0 330 333 343 339 0 0 0 0 0 0 0
car 0.0 0 0 27 115 39 120 0 0 0 0 0 0 0
car 0.0 0 0 144 66 172 77 0 0 0 0 0 0 0
car 0.0 0 0 264 55 278 61 0 0 0 0 0 0 0
car 0.0 0 0 106 86 121 94 0 0 0 0 0 0 0
car 0.0 0 0 198 96 215 103 0 0 0 0 0 0 0
car 0.0 0 0 289 57 303 65 0 0 0 0 0 0 0
car 0.0 0 0 287 39 301 46 0 0 0 0 0 0 0
car 0.0 0 0 319 71 334 77 0 0 0 0 0 0 0
car 0.0 0 0 168 103 184 111 0 0 0 0 0 0 0
car 0.0 0 0 147 98 165 107 0 0 0 0 0 0 0
car 0.4375 0 0 343 66 352 74 0 0 0 0 0 0 0
car 0.0 0 0 179 89 197 99 0 0 0 0 0 0 0
car 0.0 0 0 46 138 61 146 0 0 0 0 0 0 0
car 0.470588235294 0 0 343 35 352 44 0 0 0 0 0 0 0
car 0.0 0 0 226 81 244 88 0 0 0 0 0 0 0
car 0.0 0 0 125 104 139 113 0 0 0 0 0 0 0
car 0.642857142857 0 0 342 20 352 32 0 0 0 0 0 0 0
