car 0.0 0 0 311 70 350 87 0 0 0 0 0 0 0
car 0.0 0 0 91 118 106 129 0 0 0 0 0 0 0
car 0.533333333333 0 0 0 37 7 47 0 0 0 0 0 0 0
car 0.0 0 0 290 215 303 225 0 0 0 0 0 0 0
car 0.0 0 0 333 284 341 292 0 0 0 0 0 0 0
car 0.0 0 0 324 243 331 256 0 0 0 0 0 0 0
car 0.0 0 0 10 35 27 50 0 0 0 0 0 0 0
car 0.133333333333 0 0 339 146 352 157 0 0 0 0 0 0 0
car 0.0 0 0 336 293 345 305 0 0 0 0 0 0 0
car 0.0 0 0 332 270 338 281 0 0 0 0 0 0 0
car 0.0 0 0 61 133 88 152 0 0 0 0 0 0 0
car 1.0 0 0 0 157 0 170 0 0 0 0 0 0 0
car 0.230769230769 0 0 342 102 352 116 0 0 0 0 0 0 0
car 0.0833333333333 0 0 161 0 180 11 0 0 0 0 0 0 0
car 0.666666666667 0 0 349 135 352 149 0 0 0 0 0 0 0
car 0.0 0 0 37 139 53 147 0 0 0 0 0 0 0
car 0.0 0 0 84 291 95 305 0 0 0 0 0 0 0
car 0.0 0 0 158 6 171 17 0 0 0 0 0 0 0
car 0.0 0 0 234 249 244 262 0 0 0 0 0 0 0
car 0.0 0 0 320 231 331 242 0 0 0 0 0 0 0
car 0.857142857143 0 0 0 30 2 42 0 0 0 0 0 0 0
car 0.111111111111 0 0 344 166 352 179 0 0 0 0 0 0 0
car 0.857142857143 0 0 351 185 352 199 0 0 0 0 0 0 0
car 0.0 0 0 30 334 42 346 0 0 0 0 0 0 0
car 0.0 0 0 148 330 166 338 0 0 0 0 0 0 0
car 0.0 0 0 47 327 60 340 0 0 0 0 0 0 0
car 0.0 0 0 54 325 70 337 0 0 0 0 0 0 0
car 0.0 0 0 44 127 58 136 0 0 0 0 0 0 0
car 0.0 0 0 145 67 162 77 0 0 0 0 0 0 0
car 0.0 0 0 148 336 165 346 0 0 0 0 0 0 0
car 0.0 0 0 290 120 303 132 0 0 0 0 0 0 0
car 0.0 0 0 316 214 324 225 0 0 0 0 0 0 0
car 0.0 0 0 91 292 102 303 0 0 0 0 0 0 0
car 0.0 0 0 301 160 311 176 0 0 0 0 0 0 0
