car 0.555555555556 0 0 39 0 50 4 0 0 0 0 0 0 0
car 0.0 0 0 85 328 101 338 0 0 0 0 0 0 0
car 0.9 0 0 0 78 2 88 0 0 0 0 0 0 0
car 0.0 0 0 35 11 48 20 0 0 0 0 0 0 0
car 0.0 0 0 280 65 291 76 0 0 0 0 0 0 0
car 0.4 0 0 132 0 145 6 0 0 0 0 0 0 0
car 0.0 0 0 327 159 340 171 0 0 0 0 0 0 0
car 0.0 0 0 286 76 298 88 0 0 0 0 0 0 0
car 0.0 0 0 61 20 76 30 0 0 0 0 0 0 0
car 0.0 0 0 253 11 265 23 0 0 0 0 0 0 0
car 0.4 0 0 80 0 95 6 0 0 0 0 0 0 0
car 0.0 0 0 35 30 51 40 0 0 0 0 0 0 0
car 0.0 0 0 292 91 304 102 0 0 0 0 0 0 0
car 0.888888888889 0 0 21 351 34 352 0 0 0 0 0 0 0
car 0.0 0 0 298 250 312 262 0 0 0 0 0 0 0
car 0.0 0 0 330 179 341 193 0 0 0 0 0 0 0
car 0.0 0 0 156 302 170 311 0 0 0 0 0 0 0
car 0.0909090909091 0 0 23 0 39 10 0 0 0 0 0 0 0
car 0.0 0 0 316 132 328 150 0 0 0 0 0 0 0
car 0.0 0 0 26 64 42 72 0 0 0 0 0 0 0
car 0.0 0 0 49 25 61 34 0 0 0 0 0 0 0
car 0.428571428571 0 0 35 348 47 352 0 0 0 0 0 0 0
car 0.0 0 0 119 1 132 10 0 0 0 0 0 0 0
car 0.0 0 0 75 43 95 54 0 0 0 0 0 0 0
car 0.823529411765 0 0 0 30 3 38 0 0 0 0 0 0 0
car 0.0 0 0 5 8 22 16 0 0 0 0 0 0 0
car 0.0 0 0 2 23 16 33 0 0 0 0 0 0 0
car 0.0 0 0 19 17 35 27 0 0 0 0 0 0 0
car 0.0 0 0 47 7 61 17 0 0 0 0 0 0 0
car 0.0 0 0 88 12 101 21 0 0 0 0 0 0 0
car 0.0 0 0 11 68 28 77 0 0 0 0 0 0 0
car 0.0 0 0 263 8 273 20 0 0 0 0 0 0 0
car 0.0 0 0 212 281 227 291 0 0 0 0 0 0 0
car 0.0 0 0 240 335 251 348 0 0 0 0 0 0 0
car 0.0 0 0 308 137 319 147 0 0 0 0 0 0 0
car 0.0 0 0 3 41 18 49 0 0 0 0 0 0 0
car 0.0 0 0 15 39 31 47 0 0 0 0 0 0 0
car 0.0 0 0 101 6 118 17 0 0 0 0 0 0 0
car 0.0 0 0 46 343 62 350 0 0 0 0 0 0 0
car 0.777777777778 0 0 49 0 60 2 0 0 0 0 0 0 0
car 0.0 0 0 324 136 338 149 0 0 0 0 0 0 0
car 0.0 0 0 311 246 327 255 0 0 0 0 0 0 0
car 0.625 0 0 0 13 6 22 0 0 0 0 0 0 0
car 0.666666666667 0 0 0 47 5 56 0 0 0 0 0 0 0
car 0.9 0 0 147 0 159 1 0 0 0 0 0 0 0
car 0.0 0 0 98 323 112 332 0 0 0 0 0 0 0
car 0.0 0 0 0 74 13 83 0 0 0 0 0 0 0
car 0.0 0 0 72 332 88 341 0 0 0 0 0 0 0
car 0.0 0 0 327 241 343 251 0 0 0 0 0 0 0
car 0.8 0 0 96 0 110 2 0 0 0 0 0 0 0
car 0.0 0 0 256 28 268 38 0 0 0 0 0 0 0
car 0.0 0 0 298 103 310 116 0 0 0 0 0 0 0
car 0.0 0 0 284 256 298 266 0 0 0 0 0 0 0
car 0.0 0 0 243 269 260 279 0 0 0 0 0 0 0
car 0.0 0 0 270 47 284 62 0 0 0 0 0 0 0
car 0.0 0 0 130 313 145 322 0 0 0 0 0 0 0
car 0.0 0 0 177 11 190 20 0 0 0 0 0 0 0
car 0.0 0 0 264 135 281 142 0 0 0 0 0 0 0
car 0.0 0 0 176 294 190 304 0 0 0 0 0 0 0
car 0.0 0 0 192 287 208 297 0 0 0 0 0 0 0
