car 0.0 0 0 167 34 206 48 0 0 0 0 0 0 0
car 0.0 0 0 56 260 71 267 0 0 0 0 0 0 0
car 0.0 0 0 272 247 288 255 0 0 0 0 0 0 0
car 0.0 0 0 183 73 195 84 0 0 0 0 0 0 0
car 0.0 0 0 198 72 212 82 0 0 0 0 0 0 0
car 0.0 0 0 311 47 319 60 0 0 0 0 0 0 0
car 0.6875 0 0 0 334 5 341 0 0 0 0 0 0 0
car 0.0 0 0 102 51 132 64 0 0 0 0 0 0 0
car 0.0 0 0 84 310 92 323 0 0 0 0 0 0 0
car 0.0 0 0 81 50 98 61 0 0 0 0 0 0 0
car 0.4 0 0 9 349 22 352 0 0 0 0 0 0 0
car 0.0 0 0 97 10 113 18 0 0 0 0 0 0 0
car 0.0 0 0 177 20 195 30 0 0 0 0 0 0 0
car 0.0 0 0 261 12 282 21 0 0 0 0 0 0 0
car 0.0 0 0 314 113 328 127 0 0 0 0 0 0 0
car 0.0 0 0 320 46 328 60 0 0 0 0 0 0 0
car 0.111111111111 0 0 84 344 99 352 0 0 0 0 0 0 0
car 0.0 0 0 60 273 76 281 0 0 0 0 0 0 0
car 0.0 0 0 267 57 277 68 0 0 0 0 0 0 0
car 0.0 0 0 183 6 200 15 0 0 0 0 0 0 0
car 0.0 0 0 306 114 319 129 0 0 0 0 0 0 0
car 0.0 0 0 283 53 292 64 0 0 0 0 0 0 0
car 0.0 0 0 6 333 19 339 0 0 0 0 0 0 0
car 0.0 0 0 92 310 101 323 0 0 0 0 0 0 0
car 0.0 0 0 268 135 279 147 0 0 0 0 0 0 0
car 0.0 0 0 302 50 312 61 0 0 0 0 0 0 0
car 0.0 0 0 47 336 61 346 0 0 0 0 0 0 0
car 0.0 0 0 100 306 111 320 0 0 0 0 0 0 0
car 0.0 0 0 63 340 73 348 0 0 0 0 0 0 0
car 0.0 0 0 322 110 333 123 0 0 0 0 0 0 0
car 0.0 0 0 147 67 156 77 0 0 0 0 0 0 0
car 0.0 0 0 71 296 85 304 0 0 0 0 0 0 0
car 0.0 0 0 212 68 228 78 0 0 0 0 0 0 0
car 0.0 0 0 50 58 68 67 0 0 0 0 0 0 0
car 0.4 0 0 292 346 306 352 0 0 0 0 0 0 0
car 0.333333333333 0 0 0 71 10 77 0 0 0 0 0 0 0
car 0.0 0 0 121 33 139 41 0 0 0 0 0 0 0
car 0.0 0 0 63 283 81 292 0 0 0 0 0 0 0
car 0.0 0 0 242 137 255 147 0 0 0 0 0 0 0
car 0.466666666667 0 0 344 230 352 239 0 0 0 0 0 0 0
car 0.0 0 0 75 306 86 318 0 0 0 0 0 0 0
car 0.0 0 0 19 66 35 74 0 0 0 0 0 0 0
car 0.0 0 0 128 42 145 49 0 0 0 0 0 0 0
car 0.0 0 0 19 35 36 44 0 0 0 0 0 0 0
car 0.0 0 0 234 59 250 73 0 0 0 0 0 0 0
car 0.0 0 0 63 279 78 284 0 0 0 0 0 0 0
car 0.0 0 0 126 20 140 29 0 0 0 0 0 0 0
car 0.466666666667 0 0 344 335 352 341 0 0 0 0 0 0 0
car 0.0 0 0 225 28 248 37 0 0 0 0 0 0 0
car 0.0 0 0 153 65 162 75 0 0 0 0 0 0 0
car 0.0 0 0 159 63 170 74 0 0 0 0 0 0 0
car 0.0 0 0 51 47 71 57 0 0 0 0 0 0 0
car 0.0 0 0 33 335 46 342 0 0 0 0 0 0 0
car 0.0 0 0 18 20 46 32 0 0 0 0 0 0 0
car 0.0 0 0 109 18 125 24 0 0 0 0 0 0 0
car 0.0 0 0 231 19 249 27 0 0 0 0 0 0 0
car 0.0 0 0 240 7 258 15 0 0 0 0 0 0 0
car 0.0 0 0 160 79 175 90 0 0 0 0 0 0 0
car 0.0 0 0 165 76 182 88 0 0 0 0 0 0 0
car 0.0 0 0 190 73 203 82 0 0 0 0 0 0 0
