car 0.0 0 0 31 125 43 136 0 0 0 0 0 0 0
car 0.0 0 0 85 4 101 14 0 0 0 0 0 0 0
car 0.0 0 0 19 101 33 115 0 0 0 0 0 0 0
car 0.0 0 0 62 299 85 307 0 0 0 0 0 0 0
car 0.0 0 0 95 265 103 276 0 0 0 0 0 0 0
car 0.0 0 0 329 216 341 227 0 0 0 0 0 0 0
car 0.0 0 0 88 250 100 260 0 0 0 0 0 0 0
car 0.0 0 0 68 209 80 221 0 0 0 0 0 0 0
car 0.0 0 0 61 195 76 210 0 0 0 0 0 0 0
car 0.0 0 0 52 169 62 183 0 0 0 0 0 0 0
car 0.0 0 0 21 27 34 36 0 0 0 0 0 0 0
car 0.0 0 0 134 312 147 324 0 0 0 0 0 0 0
car 0.0 0 0 74 219 89 233 0 0 0 0 0 0 0
car 0.0 0 0 247 246 261 255 0 0 0 0 0 0 0
car 0.0 0 0 35 24 47 31 0 0 0 0 0 0 0
car 0.0 0 0 213 259 224 268 0 0 0 0 0 0 0
car 0.0 0 0 42 147 56 159 0 0 0 0 0 0 0
car 0.0 0 0 101 223 109 237 0 0 0 0 0 0 0
car 0.0 0 0 59 137 69 151 0 0 0 0 0 0 0
car 0.0 0 0 240 11 251 24 0 0 0 0 0 0 0
car 0.0 0 0 107 246 121 261 0 0 0 0 0 0 0
car 0.0 0 0 46 19 62 26 0 0 0 0 0 0 0
car 0.0 0 0 103 236 115 245 0 0 0 0 0 0 0
car 0.0 0 0 142 323 153 339 0 0 0 0 0 0 0
car 0.0 0 0 59 184 70 194 0 0 0 0 0 0 0
car 0.0 0 0 301 263 313 269 0 0 0 0 0 0 0
car 0.111111111111 0 0 98 0 112 8 0 0 0 0 0 0 0
car 0.0 0 0 72 8 88 17 0 0 0 0 0 0 0
car 0.0 0 0 1 60 14 74 0 0 0 0 0 0 0
car 0.0 0 0 172 274 187 284 0 0 0 0 0 0 0
car 0.0 0 0 87 290 101 301 0 0 0 0 0 0 0
car 0.0 0 0 155 279 167 290 0 0 0 0 0 0 0
car 0.0 0 0 6 74 22 86 0 0 0 0 0 0 0
car 0.0 0 0 10 87 25 100 0 0 0 0 0 0 0
car 0.0 0 0 318 112 334 123 0 0 0 0 0 0 0
car 0.0 0 0 79 232 90 243 0 0 0 0 0 0 0
car 0.0 0 0 91 201 103 213 0 0 0 0 0 0 0
car 0.153846153846 0 0 0 324 11 333 0 0 0 0 0 0 0
car 0.0 0 0 285 232 300 243 0 0 0 0 0 0 0
