car 0.0 0 0 120 287 133 301 0 0 0 0 0 0 0
car 0.0 0 0 54 125 78 144 0 0 0 0 0 0 0
car 0.0 0 0 109 295 124 308 0 0 0 0 0 0 0
car 0.0 0 0 180 265 195 277 0 0 0 0 0 0 0
car 0.0 0 0 314 16 328 31 0 0 0 0 0 0 0
car 0.0 0 0 189 268 200 278 0 0 0 0 0 0 0
car 0.0 0 0 136 72 150 85 0 0 0 0 0 0 0
car 0.0 0 0 161 323 180 335 0 0 0 0 0 0 0
car 0.0 0 0 130 280 148 292 0 0 0 0 0 0 0
car 0.0 0 0 142 262 159 277 0 0 0 0 0 0 0
car 0.0 0 0 185 302 199 315 0 0 0 0 0 0 0
car 0.0 0 0 158 330 171 341 0 0 0 0 0 0 0
car 0.375 0 0 0 184 10 197 0 0 0 0 0 0 0
car 0.0 0 0 177 310 190 322 0 0 0 0 0 0 0
car 0.571428571429 0 0 336 0 348 6 0 0 0 0 0 0 0
car 0.0 0 0 162 27 177 41 0 0 0 0 0 0 0
car 0.0 0 0 164 41 179 55 0 0 0 0 0 0 0
car 0.0 0 0 197 1 214 17 0 0 0 0 0 0 0
car 0.0 0 0 192 294 207 310 0 0 0 0 0 0 0
