car 0.0 0 0 212 19 238 36 0 0 0 0 0 0 0
car 0.4 0 0 300 0 311 9 0 0 0 0 0 0 0
car 0.0833333333333 0 0 292 0 302 11 0 0 0 0 0 0 0
car 0.0 0 0 126 323 143 335 0 0 0 0 0 0 0
car 0.714285714286 0 0 0 16 4 31 0 0 0 0 0 0 0
car 0.0 0 0 109 303 128 317 0 0 0 0 0 0 0
car 0.0 0 0 161 4 176 12 0 0 0 0 0 0 0
car 0.0 0 0 57 131 71 143 0 0 0 0 0 0 0
car 0.0 0 0 107 205 120 220 0 0 0 0 0 0 0
car 0.0 0 0 156 0 172 8 0 0 0 0 0 0 0
car 0.0 0 0 184 56 199 62 0 0 0 0 0 0 0
car 0.0 0 0 188 64 202 76 0 0 0 0 0 0 0
car 0.0 0 0 28 335 44 345 0 0 0 0 0 0 0
car 0.0 0 0 173 32 187 41 0 0 0 0 0 0 0
car 0.384615384615 0 0 139 344 152 352 0 0 0 0 0 0 0
car 0.642857142857 0 0 311 0 322 5 0 0 0 0 0 0 0
car 0.0 0 0 330 276 339 286 0 0 0 0 0 0 0
car 0.571428571429 0 0 12 0 24 6 0 0 0 0 0 0 0
car 0.0 0 0 92 301 106 313 0 0 0 0 0 0 0
car 0.0 0 0 172 25 186 34 0 0 0 0 0 0 0
car 0.0 0 0 180 46 196 58 0 0 0 0 0 0 0
car 0.875 0 0 155 0 169 1 0 0 0 0 0 0 0
car 0.0 0 0 99 244 110 255 0 0 0 0 0 0 0
