car 0.0 0 0 133 282 143 289 0 0 0 0 0 0 0
car 0.0 0 0 70 160 81 173 0 0 0 0 0 0 0
car 0.0 0 0 281 177 297 188 0 0 0 0 0 0 0
car 0.0 0 0 117 272 133 284 0 0 0 0 0 0 0
car 0.0 0 0 75 326 90 337 0 0 0 0 0 0 0
car 0.6875 0 0 347 323 352 334 0 0 0 0 0 0 0
car 0.8 0 0 271 350 289 352 0 0 0 0 0 0 0
car 0.0 0 0 329 332 346 340 0 0 0 0 0 0 0
car 0.0 0 0 252 187 268 197 0 0 0 0 0 0 0
car 0.5 0 0 326 347 340 352 0 0 0 0 0 0 0
car 0.4375 0 0 343 341 352 351 0 0 0 0 0 0 0
car 0.0 0 0 84 249 95 259 0 0 0 0 0 0 0
car 0.0 0 0 131 229 145 239 0 0 0 0 0 0 0
car 0.0 0 0 197 205 214 216 0 0 0 0 0 0 0
car 0.0 0 0 229 196 239 205 0 0 0 0 0 0 0
car 0.0 0 0 87 188 101 195 0 0 0 0 0 0 0
car 0.0 0 0 152 307 165 318 0 0 0 0 0 0 0
car 0.0 0 0 94 256 106 266 0 0 0 0 0 0 0
car 0.0 0 0 240 194 251 201 0 0 0 0 0 0 0
car 0.0 0 0 314 337 330 346 0 0 0 0 0 0 0
car 0.0 0 0 269 181 281 191 0 0 0 0 0 0 0
car 0.5 0 0 346 157 352 164 0 0 0 0 0 0 0
car 0.3 0 0 288 345 302 352 0 0 0 0 0 0 0
car 0.0 0 0 145 296 157 308 0 0 0 0 0 0 0
car 0.0 0 0 56 168 69 181 0 0 0 0 0 0 0
car 0.0 0 0 314 168 327 176 0 0 0 0 0 0 0
car 0.0 0 0 159 317 173 329 0 0 0 0 0 0 0
car 0.0 0 0 105 264 117 272 0 0 0 0 0 0 0
car 0.0 0 0 112 236 127 244 0 0 0 0 0 0 0
car 0.0 0 0 163 328 173 338 0 0 0 0 0 0 0
car 0.0 0 0 99 240 112 250 0 0 0 0 0 0 0
car 0.0 0 0 298 172 313 182 0 0 0 0 0 0 0
car 0.0 0 0 215 202 225 211 0 0 0 0 0 0 0
car 0.0 0 0 168 217 178 227 0 0 0 0 0 0 0
car 0.0 0 0 298 341 317 350 0 0 0 0 0 0 0
car 0.0 0 0 149 223 165 233 0 0 0 0 0 0 0
car 0.0 0 0 66 166 75 180 0 0 0 0 0 0 0
