car 0.0 0 0 106 193 122 211 0 0 0 0 0 0 0
car 0.0 0 0 188 21 196 29 0 0 0 0 0 0 0
car 0.0 0 0 183 39 194 48 0 0 0 0 0 0 0
car 0.0 0 0 263 152 274 166 0 0 0 0 0 0 0
car 0.0 0 0 290 240 307 247 0 0 0 0 0 0 0
car 0.0 0 0 238 300 249 312 0 0 0 0 0 0 0
car 0.0 0 0 156 221 175 233 0 0 0 0 0 0 0
car 0.0 0 0 111 239 127 249 0 0 0 0 0 0 0
car 0.0 0 0 180 19 190 31 0 0 0 0 0 0 0
car 0.0 0 0 95 203 104 213 0 0 0 0 0 0 0
car 0.0 0 0 228 303 241 315 0 0 0 0 0 0 0
car 0.0 0 0 245 131 255 142 0 0 0 0 0 0 0
car 0.0 0 0 250 188 265 196 0 0 0 0 0 0 0
car 0.0 0 0 198 61 211 72 0 0 0 0 0 0 0
car 0.0 0 0 163 4 176 18 0 0 0 0 0 0 0
car 0.0 0 0 220 97 232 114 0 0 0 0 0 0 0
car 0.0 0 0 249 141 262 152 0 0 0 0 0 0 0
car 0.0 0 0 190 49 202 60 0 0 0 0 0 0 0
car 0.0 0 0 66 254 84 264 0 0 0 0 0 0 0
