car 0.0 0 0 96 138 111 144 0 0 0 0 0 0 0
car 0.0 0 0 55 251 65 263 0 0 0 0 0 0 0
car 0.0 0 0 97 144 113 150 0 0 0 0 0 0 0
car 0.0 0 0 86 124 102 131 0 0 0 0 0 0 0
car 0.0 0 0 78 119 98 128 0 0 0 0 0 0 0
car 0.333333333333 0 0 0 70 26 87 0 0 0 0 0 0 0
car 0.0 0 0 50 138 67 149 0 0 0 0 0 0 0
car 0.0 0 0 49 287 58 299 0 0 0 0 0 0 0
car 0.0 0 0 68 98 88 105 0 0 0 0 0 0 0
car 0.0 0 0 58 267 67 279 0 0 0 0 0 0 0
car 0.0 0 0 57 317 67 335 0 0 0 0 0 0 0
car 0.0 0 0 9 284 17 292 0 0 0 0 0 0 0
car 0.0 0 0 31 216 40 229 0 0 0 0 0 0 0
car 0.0 0 0 0 243 7 256 0 0 0 0 0 0 0
car 0.0 0 0 30 198 40 209 0 0 0 0 0 0 0
car 0.0833333333333 0 0 126 0 143 11 0 0 0 0 0 0 0
car 0.0 0 0 15 146 30 157 0 0 0 0 0 0 0
car 0.0 0 0 12 293 21 305 0 0 0 0 0 0 0
car 0.0 0 0 40 245 46 257 0 0 0 0 0 0 0
car 0.0 0 0 8 270 14 281 0 0 0 0 0 0 0
car 0.0 0 0 86 132 105 139 0 0 0 0 0 0 0
car 0.0 0 0 46 214 53 225 0 0 0 0 0 0 0
car 0.0 0 0 18 102 31 116 0 0 0 0 0 0 0
car 0.0 0 0 25 135 34 149 0 0 0 0 0 0 0
car 0.0 0 0 66 53 79 63 0 0 0 0 0 0 0
car 0.0 0 0 44 272 53 284 0 0 0 0 0 0 0
car 0.0 0 0 206 179 217 190 0 0 0 0 0 0 0
car 0.0 0 0 72 115 95 121 0 0 0 0 0 0 0
car 0.0 0 0 28 11 44 21 0 0 0 0 0 0 0
car 0.363636363636 0 0 0 231 7 242 0 0 0 0 0 0 0
car 0.0 0 0 139 20 152 33 0 0 0 0 0 0 0
car 0.0 0 0 20 166 29 179 0 0 0 0 0 0 0
car 0.0 0 0 78 185 90 198 0 0 0 0 0 0 0
car 0.0 0 0 27 185 34 199 0 0 0 0 0 0 0
car 0.0 0 0 199 147 208 158 0 0 0 0 0 0 0
car 0.0 0 0 99 91 108 106 0 0 0 0 0 0 0
car 0.0 0 0 35 231 44 243 0 0 0 0 0 0 0
car 0.0 0 0 180 104 190 123 0 0 0 0 0 0 0
car 0.0 0 0 85 200 94 212 0 0 0 0 0 0 0
car 1.0 0 0 0 214 0 225 0 0 0 0 0 0 0
car 0.0 0 0 137 314 148 328 0 0 0 0 0 0 0
car 0.0 0 0 51 126 61 138 0 0 0 0 0 0 0
car 0.0 0 0 104 120 114 137 0 0 0 0 0 0 0
