car 0.0 0 0 57 141 73 149 0 0 0 0 0 0 0
car 0.0 0 0 144 159 155 171 0 0 0 0 0 0 0
car 0.6875 0 0 0 10 5 17 0 0 0 0 0 0 0
car 0.0 0 0 119 79 131 91 0 0 0 0 0 0 0
car 0.0 0 0 9 25 22 30 0 0 0 0 0 0 0
car 0.0 0 0 153 196 164 208 0 0 0 0 0 0 0
car 0.0 0 0 84 20 99 29 0 0 0 0 0 0 0
car 0.0 0 0 6 9 19 15 0 0 0 0 0 0 0
car 0.0 0 0 88 133 105 142 0 0 0 0 0 0 0
car 0.0 0 0 311 213 328 227 0 0 0 0 0 0 0
car 0.0 0 0 47 12 61 22 0 0 0 0 0 0 0
car 0.0 0 0 115 64 123 75 0 0 0 0 0 0 0
car 0.0 0 0 63 16 73 24 0 0 0 0 0 0 0
car 0.0 0 0 92 39 105 50 0 0 0 0 0 0 0
car 0.0 0 0 126 117 136 128 0 0 0 0 0 0 0
car 0.0 0 0 177 271 186 282 0 0 0 0 0 0 0
car 0.0 0 0 13 151 27 158 0 0 0 0 0 0 0
car 0.0 0 0 42 143 58 151 0 0 0 0 0 0 0
car 0.0 0 0 169 253 181 265 0 0 0 0 0 0 0
car 0.0 0 0 109 50 120 62 0 0 0 0 0 0 0
car 0.769230769231 0 0 349 301 352 312 0 0 0 0 0 0 0
car 0.0 0 0 292 22 306 32 0 0 0 0 0 0 0
car 0.0 0 0 183 302 193 315 0 0 0 0 0 0 0
car 0.0 0 0 125 101 136 113 0 0 0 0 0 0 0
car 0.0 0 0 105 132 121 140 0 0 0 0 0 0 0
car 0.0 0 0 193 341 203 351 0 0 0 0 0 0 0
car 0.0 0 0 140 148 150 160 0 0 0 0 0 0 0
car 0.0 0 0 72 137 89 145 0 0 0 0 0 0 0
car 0.0 0 0 188 316 198 328 0 0 0 0 0 0 0
car 0.0 0 0 296 168 307 180 0 0 0 0 0 0 0
car 0.0 0 0 148 180 159 194 0 0 0 0 0 0 0
car 0.0 0 0 109 143 125 150 0 0 0 0 0 0 0
car 0.0 0 0 129 140 144 150 0 0 0 0 0 0 0
car 0.466666666667 0 0 344 11 352 17 0 0 0 0 0 0 0
car 0.0 0 0 139 100 150 111 0 0 0 0 0 0 0
car 0.0 0 0 131 65 140 77 0 0 0 0 0 0 0
car 0.0 0 0 179 284 189 295 0 0 0 0 0 0 0
car 0.0 0 0 33 11 46 18 0 0 0 0 0 0 0
car 0.0 0 0 193 329 201 340 0 0 0 0 0 0 0
car 0.0 0 0 134 77 143 86 0 0 0 0 0 0 0
car 0.235294117647 0 0 0 154 13 162 0 0 0 0 0 0 0
car 0.0 0 0 163 229 174 243 0 0 0 0 0 0 0
