car 0.0 0 0 272 280 285 293 0 0 0 0 0 0 0
car 0.0 0 0 91 132 104 143 0 0 0 0 0 0 0
car 0.0 0 0 101 157 112 166 0 0 0 0 0 0 0
car 0.0 0 0 254 244 268 255 0 0 0 0 0 0 0
car 0.0 0 0 278 266 289 276 0 0 0 0 0 0 0
car 0.0 0 0 306 78 326 88 0 0 0 0 0 0 0
car 0.0 0 0 265 269 278 282 0 0 0 0 0 0 0
car 0.0 0 0 232 202 245 214 0 0 0 0 0 0 0
car 0.0 0 0 207 125 219 137 0 0 0 0 0 0 0
car 0.0 0 0 211 162 225 174 0 0 0 0 0 0 0
car 0.0 0 0 75 2 90 13 0 0 0 0 0 0 0
car 0.0 0 0 119 124 135 131 0 0 0 0 0 0 0
car 0.0 0 0 274 240 289 253 0 0 0 0 0 0 0
car 0.0 0 0 141 115 158 124 0 0 0 0 0 0 0
car 0.940170940171 0 0 345 351 352 352 0 0 0 0 0 0 0
car 0.715909090909 0 0 347 0 352 10 0 0 0 0 0 0 0
car 0.0 0 0 206 97 220 107 0 0 0 0 0 0 0
car 0.0 0 0 227 89 240 98 0 0 0 0 0 0 0
car 0.0 0 0 271 61 288 71 0 0 0 0 0 0 0
car 0.875 0 0 350 64 352 72 0 0 0 0 0 0 0
car 0.0 0 0 271 26 289 36 0 0 0 0 0 0 0
car 0.0 0 0 218 174 230 185 0 0 0 0 0 0 0
car 0.0 0 0 296 324 307 333 0 0 0 0 0 0 0
car 0.0 0 0 290 311 300 322 0 0 0 0 0 0 0
car 0.0 0 0 224 188 237 201 0 0 0 0 0 0 0
car 0.0 0 0 230 41 245 49 0 0 0 0 0 0 0
car 0.0 0 0 310 30 327 38 0 0 0 0 0 0 0
car 0.0 0 0 329 8 346 16 0 0 0 0 0 0 0
car 0.0 0 0 269 227 282 238 0 0 0 0 0 0 0
car 0.0 0 0 326 23 340 33 0 0 0 0 0 0 0
car 0.4375 0 0 343 17 352 27 0 0 0 0 0 0 0
car 0.0 0 0 53 171 68 180 0 0 0 0 0 0 0
car 0.0 0 0 247 75 263 82 0 0 0 0 0 0 0
car 0.0 0 0 335 68 352 77 0 0 0 0 0 0 0
car 0.771428571429 0 0 0 169 8 187 0 0 0 0 0 0 0
car 0.0 0 0 75 138 89 148 0 0 0 0 0 0 0
car 0.0 0 0 184 109 201 118 0 0 0 0 0 0 0
car 0.0 0 0 327 41 342 49 0 0 0 0 0 0 0
car 0.1875 0 0 339 39 352 47 0 0 0 0 0 0 0
car 0.0 0 0 302 337 316 350 0 0 0 0 0 0 0
car 0.0 0 0 108 130 120 138 0 0 0 0 0 0 0
car 0.0 0 0 259 208 272 217 0 0 0 0 0 0 0
car 0.0 0 0 259 31 274 40 0 0 0 0 0 0 0
car 0.0 0 0 314 13 330 22 0 0 0 0 0 0 0
car 0.0 0 0 314 47 329 56 0 0 0 0 0 0 0
car 0.0 0 0 256 255 272 268 0 0 0 0 0 0 0
car 0.0 0 0 204 151 217 162 0 0 0 0 0 0 0
car 0.0 0 0 324 74 337 83 0 0 0 0 0 0 0
car 0.0 0 0 245 37 261 46 0 0 0 0 0 0 0
car 0.0 0 0 288 21 302 31 0 0 0 0 0 0 0
car 0.0 0 0 238 215 253 228 0 0 0 0 0 0 0
car 0.583333333333 0 0 159 0 173 5 0 0 0 0 0 0 0
car 0.0 0 0 88 164 100 171 0 0 0 0 0 0 0
car 0.0 0 0 14 189 25 199 0 0 0 0 0 0 0
car 0.0 0 0 279 293 291 306 0 0 0 0 0 0 0
car 0.0 0 0 163 4 173 14 0 0 0 0 0 0 0
car 0.0 0 0 298 17 317 26 0 0 0 0 0 0 0
car 0.8 0 0 306 350 319 352 0 0 0 0 0 0 0
