car 0.0 0 0 56 194 69 209 0 0 0 0 0 0 0
car 0.0 0 0 69 170 80 181 0 0 0 0 0 0 0
car 0.0 0 0 35 310 51 321 0 0 0 0 0 0 0
car 0.0 0 0 209 158 221 172 0 0 0 0 0 0 0
car 0.125 0 0 188 345 196 352 0 0 0 0 0 0 0
car 0.0 0 0 140 51 155 63 0 0 0 0 0 0 0
car 0.764705882353 0 0 0 213 4 227 0 0 0 0 0 0 0
car 0.0 0 0 83 101 96 119 0 0 0 0 0 0 0
car 0.0 0 0 248 226 258 234 0 0 0 0 0 0 0
car 0.0 0 0 25 301 38 312 0 0 0 0 0 0 0
car 0.0 0 0 62 2 80 11 0 0 0 0 0 0 0
car 0.25 0 0 180 343 190 352 0 0 0 0 0 0 0
car 0.0 0 0 95 84 108 98 0 0 0 0 0 0 0
car 0.0 0 0 108 69 119 82 0 0 0 0 0 0 0
car 0.888888888889 0 0 45 0 68 1 0 0 0 0 0 0 0
car 0.0 0 0 163 328 176 342 0 0 0 0 0 0 0
car 0.0 0 0 20 11 35 17 0 0 0 0 0 0 0
car 0.0 0 0 121 63 132 73 0 0 0 0 0 0 0
car 0.0 0 0 240 219 252 233 0 0 0 0 0 0 0
