car 0.0 0 0 65 248 77 258 0 0 0 0 0 0 0
car 0.0 0 0 108 215 127 225 0 0 0 0 0 0 0
car 0.0 0 0 151 292 164 302 0 0 0 0 0 0 0
car 0.0 0 0 15 246 31 257 0 0 0 0 0 0 0
car 0.0 0 0 54 255 66 267 0 0 0 0 0 0 0
car 0.6 0 0 180 348 195 352 0 0 0 0 0 0 0
car 0.0 0 0 19 253 38 263 0 0 0 0 0 0 0
car 0.0 0 0 37 257 50 271 0 0 0 0 0 0 0
car 0.0 0 0 92 241 101 252 0 0 0 0 0 0 0
car 0.0 0 0 14 308 31 318 0 0 0 0 0 0 0
car 0.0 0 0 20 264 35 279 0 0 0 0 0 0 0
car 0.0 0 0 99 238 111 251 0 0 0 0 0 0 0
car 0.764705882353 0 0 132 348 147 352 0 0 0 0 0 0 0
car 0.0 0 0 181 61 190 71 0 0 0 0 0 0 0
car 0.0 0 0 103 279 114 293 0 0 0 0 0 0 0
car 0.0 0 0 84 272 93 284 0 0 0 0 0 0 0
car 0.0 0 0 39 289 48 300 0 0 0 0 0 0 0
car 0.814814814815 0 0 36 347 60 352 0 0 0 0 0 0 0
car 0.0 0 0 174 28 191 43 0 0 0 0 0 0 0
car 0.0 0 0 104 268 110 278 0 0 0 0 0 0 0
car 0.0 0 0 76 272 85 287 0 0 0 0 0 0 0
car 0.0 0 0 177 339 189 350 0 0 0 0 0 0 0
car 0.0 0 0 91 268 103 281 0 0 0 0 0 0 0
car 0.0 0 0 75 245 88 257 0 0 0 0 0 0 0
car 0.0 0 0 85 243 93 252 0 0 0 0 0 0 0
car 0.0 0 0 139 267 153 279 0 0 0 0 0 0 0
car 0.0 0 0 159 301 171 314 0 0 0 0 0 0 0
car 0.0 0 0 30 263 42 275 0 0 0 0 0 0 0
car 0.0 0 0 102 319 117 332 0 0 0 0 0 0 0
car 0.0 0 0 278 168 293 177 0 0 0 0 0 0 0
car 0.0 0 0 178 44 190 57 0 0 0 0 0 0 0
car 0.0 0 0 47 257 59 271 0 0 0 0 0 0 0
car 0.0 0 0 112 275 128 288 0 0 0 0 0 0 0
