car 0.0 0 0 222 161 235 175 0 0 0 0 0 0 0
car 0.0 0 0 158 91 172 99 0 0 0 0 0 0 0
car 0.0 0 0 112 144 120 157 0 0 0 0 0 0 0
car 0.0 0 0 35 2 51 9 0 0 0 0 0 0 0
car 0.0 0 0 199 73 212 83 0 0 0 0 0 0 0
car 0.0 0 0 189 176 200 185 0 0 0 0 0 0 0
car 0.714285714286 0 0 0 113 4 127 0 0 0 0 0 0 0
car 0.5 0 0 0 46 4 60 0 0 0 0 0 0 0
car 0.0 0 0 290 0 306 9 0 0 0 0 0 0 0
car 0.0 0 0 194 67 206 75 0 0 0 0 0 0 0
car 0.0 0 0 195 173 205 183 0 0 0 0 0 0 0
car 0.0 0 0 232 213 243 221 0 0 0 0 0 0 0
car 0.0 0 0 197 235 208 244 0 0 0 0 0 0 0
car 0.0 0 0 221 215 231 222 0 0 0 0 0 0 0
car 0.181818181818 0 0 0 110 9 123 0 0 0 0 0 0 0
car 0.0 0 0 212 165 223 177 0 0 0 0 0 0 0
car 0.0 0 0 242 63 253 69 0 0 0 0 0 0 0
car 0.0 0 0 307 13 326 24 0 0 0 0 0 0 0
car 0.0 0 0 111 128 119 136 0 0 0 0 0 0 0
car 0.0 0 0 181 179 198 191 0 0 0 0 0 0 0
car 0.0 0 0 213 190 225 204 0 0 0 0 0 0 0
car 0.0 0 0 201 172 209 179 0 0 0 0 0 0 0
car 0.0 0 0 20 230 35 239 0 0 0 0 0 0 0
car 0.0 0 0 110 160 119 174 0 0 0 0 0 0 0
car 0.0 0 0 234 181 246 195 0 0 0 0 0 0 0
car 0.0 0 0 62 326 80 335 0 0 0 0 0 0 0
car 0.0 0 0 118 109 127 121 0 0 0 0 0 0 0
car 0.0 0 0 189 241 200 251 0 0 0 0 0 0 0
car 0.0 0 0 139 90 150 99 0 0 0 0 0 0 0
car 0.0 0 0 166 79 178 89 0 0 0 0 0 0 0
car 0.0 0 0 45 316 68 325 0 0 0 0 0 0 0
car 0.0 0 0 20 335 35 341 0 0 0 0 0 0 0
car 0.0 0 0 206 169 218 179 0 0 0 0 0 0 0
car 0.0 0 0 224 187 236 200 0 0 0 0 0 0 0
car 0.0 0 0 185 242 199 250 0 0 0 0 0 0 0
