car 0.0 0 0 156 337 169 346 0 0 0 0 0 0 0
car 0.0 0 0 244 308 260 315 0 0 0 0 0 0 0
car 0.0 0 0 99 45 114 52 0 0 0 0 0 0 0
car 0.0 0 0 254 109 265 120 0 0 0 0 0 0 0
car 0.0 0 0 287 292 302 300 0 0 0 0 0 0 0
car 0.0 0 0 78 86 97 95 0 0 0 0 0 0 0
car 0.0 0 0 306 286 321 293 0 0 0 0 0 0 0
car 0.0 0 0 218 317 230 324 0 0 0 0 0 0 0
car 0.0 0 0 58 94 72 101 0 0 0 0 0 0 0
car 0.384615384615 0 0 0 325 8 341 0 0 0 0 0 0 0
car 0.0 0 0 260 123 271 136 0 0 0 0 0 0 0
car 0.0 0 0 193 17 203 27 0 0 0 0 0 0 0
car 0.0 0 0 82 47 97 56 0 0 0 0 0 0 0
car 0.0 0 0 246 93 256 105 0 0 0 0 0 0 0
car 0.666666666667 0 0 188 0 198 4 0 0 0 0 0 0 0
car 0.0 0 0 123 47 140 55 0 0 0 0 0 0 0
car 0.0 0 0 65 50 81 60 0 0 0 0 0 0 0
car 0.0 0 0 193 5 201 16 0 0 0 0 0 0 0
car 0.0 0 0 28 67 44 78 0 0 0 0 0 0 0
car 0.0 0 0 308 188 323 204 0 0 0 0 0 0 0
