car 0.0 0 0 80 117 94 129 0 0 0 0 0 0 0
car 0.470588235294 0 0 212 343 238 352 0 0 0 0 0 0 0
car 0.0 0 0 7 146 17 163 0 0 0 0 0 0 0
car 0.0 0 0 196 223 214 231 0 0 0 0 0 0 0
car 0.0 0 0 300 318 311 333 0 0 0 0 0 0 0
car 0.0 0 0 292 323 302 335 0 0 0 0 0 0 0
car 0.0 0 0 150 309 164 319 0 0 0 0 0 0 0
car 0.771428571429 0 0 0 340 4 352 0 0 0 0 0 0 0
car 0.0 0 0 172 239 187 249 0 0 0 0 0 0 0
car 0.0 0 0 278 173 287 185 0 0 0 0 0 0 0
car 0.0 0 0 136 283 150 293 0 0 0 0 0 0 0
car 0.0 0 0 330 53 345 63 0 0 0 0 0 0 0
car 0.0 0 0 298 2 311 14 0 0 0 0 0 0 0
car 0.0 0 0 199 226 218 237 0 0 0 0 0 0 0
car 0.0 0 0 161 328 176 336 0 0 0 0 0 0 0
car 0.0 0 0 317 192 329 199 0 0 0 0 0 0 0
car 0.0 0 0 284 26 299 37 0 0 0 0 0 0 0
car 0.0 0 0 220 259 233 275 0 0 0 0 0 0 0
car 0.0 0 0 156 324 172 332 0 0 0 0 0 0 0
car 0.0 0 0 315 43 331 56 0 0 0 0 0 0 0
car 0.0 0 0 3 249 26 272 0 0 0 0 0 0 0
car 0.0 0 0 334 208 344 217 0 0 0 0 0 0 0
car 0.0 0 0 311 315 322 329 0 0 0 0 0 0 0
car 0.0 0 0 127 271 143 281 0 0 0 0 0 0 0
car 0.0 0 0 140 292 156 301 0 0 0 0 0 0 0
car 0.0 0 0 145 306 160 314 0 0 0 0 0 0 0
car 0.0 0 0 130 277 146 287 0 0 0 0 0 0 0
car 0.0 0 0 12 316 24 330 0 0 0 0 0 0 0
car 0.0 0 0 191 214 210 225 0 0 0 0 0 0 0
car 0.0 0 0 279 13 287 26 0 0 0 0 0 0 0
car 0.0 0 0 302 15 314 25 0 0 0 0 0 0 0
car 0.666666666667 0 0 172 349 186 352 0 0 0 0 0 0 0
car 0.0 0 0 155 317 169 325 0 0 0 0 0 0 0
car 0.0 0 0 323 197 337 204 0 0 0 0 0 0 0
car 0.0 0 0 299 37 315 46 0 0 0 0 0 0 0
car 0.0 0 0 9 165 21 176 0 0 0 0 0 0 0
