car 0.0 0 0 94 47 113 72 0 0 0 0 0 0 0
car 0.0 0 0 125 235 139 243 0 0 0 0 0 0 0
car 0.0 0 0 249 194 262 203 0 0 0 0 0 0 0
car 0.0 0 0 54 264 69 277 0 0 0 0 0 0 0
car 0.0 0 0 178 222 190 228 0 0 0 0 0 0 0
car 0.0 0 0 68 256 82 265 0 0 0 0 0 0 0
car 0.0 0 0 196 55 213 67 0 0 0 0 0 0 0
car 0.0 0 0 217 93 233 105 0 0 0 0 0 0 0
car 0.0 0 0 180 24 195 34 0 0 0 0 0 0 0
car 0.0 0 0 189 36 203 48 0 0 0 0 0 0 0
car 0.0 0 0 172 281 184 295 0 0 0 0 0 0 0
car 0.0 0 0 214 83 225 91 0 0 0 0 0 0 0
car 0.0 0 0 298 197 312 209 0 0 0 0 0 0 0
car 0.0 0 0 193 48 206 59 0 0 0 0 0 0 0
car 0.0 0 0 237 132 250 145 0 0 0 0 0 0 0
car 0.0 0 0 281 206 296 214 0 0 0 0 0 0 0
car 0.0 0 0 230 121 243 134 0 0 0 0 0 0 0
car 0.0 0 0 202 68 218 79 0 0 0 0 0 0 0
car 0.0 0 0 242 148 256 160 0 0 0 0 0 0 0
car 0.0 0 0 132 24 147 41 0 0 0 0 0 0 0
car 0.0 0 0 36 23 60 50 0 0 0 0 0 0 0
car 0.0 0 0 297 169 332 187 0 0 0 0 0 0 0
car 0.0 0 0 161 257 170 266 0 0 0 0 0 0 0
car 0.0 0 0 177 15 189 26 0 0 0 0 0 0 0
car 0.0 0 0 26 74 47 94 0 0 0 0 0 0 0
car 0.0 0 0 49 51 75 65 0 0 0 0 0 0 0
car 0.0 0 0 44 273 57 285 0 0 0 0 0 0 0
car 0.0 0 0 104 242 120 254 0 0 0 0 0 0 0
car 0.0 0 0 223 106 235 118 0 0 0 0 0 0 0
car 0.0 0 0 338 189 349 199 0 0 0 0 0 0 0
car 0.0 0 0 256 264 267 275 0 0 0 0 0 0 0
car 0.0 0 0 211 208 223 217 0 0 0 0 0 0 0
car 0.0 0 0 92 257 109 268 0 0 0 0 0 0 0
car 0.384615384615 0 0 102 0 117 8 0 0 0 0 0 0 0
car 0.0 0 0 197 211 212 223 0 0 0 0 0 0 0
