car 0.0 0 0 195 310 204 326 0 0 0 0 0 0 0
car 0.0 0 0 170 333 188 343 0 0 0 0 0 0 0
car 0.0 0 0 155 218 172 231 0 0 0 0 0 0 0
car 0.0 0 0 136 198 152 211 0 0 0 0 0 0 0
car 0.0 0 0 91 173 99 190 0 0 0 0 0 0 0
car 0.0 0 0 90 195 100 215 0 0 0 0 0 0 0
car 0.0 0 0 70 162 82 182 0 0 0 0 0 0 0
car 0.0 0 0 89 148 97 169 0 0 0 0 0 0 0
car 0.0 0 0 90 130 97 146 0 0 0 0 0 0 0
car 0.0 0 0 98 136 105 152 0 0 0 0 0 0 0
car 0.0 0 0 98 157 107 174 0 0 0 0 0 0 0
car 0.0 0 0 97 117 105 133 0 0 0 0 0 0 0
car 0.0 0 0 89 111 96 129 0 0 0 0 0 0 0
car 0.0 0 0 96 92 104 107 0 0 0 0 0 0 0
car 0.0 0 0 86 92 95 106 0 0 0 0 0 0 0
car 0.0 0 0 94 71 102 87 0 0 0 0 0 0 0
car 0.0 0 0 86 73 93 88 0 0 0 0 0 0 0
car 0.0 0 0 92 48 102 66 0 0 0 0 0 0 0
car 0.0 0 0 83 51 92 70 0 0 0 0 0 0 0
car 0.0 0 0 91 33 100 48 0 0 0 0 0 0 0
car 0.0 0 0 82 33 90 48 0 0 0 0 0 0 0
car 0.0 0 0 82 16 91 33 0 0 0 0 0 0 0
car 0.0 0 0 91 4 98 19 0 0 0 0 0 0 0
car 0.933333333333 0 0 89 0 98 1 0 0 0 0 0 0 0
car 0.714285714286 0 0 79 0 89 4 0 0 0 0 0 0 0
car 0.0 0 0 207 305 215 319 0 0 0 0 0 0 0
car 0.684210526316 0 0 276 0 287 6 0 0 0 0 0 0 0
