car 0.75 0 0 0 142 4 154 0 0 0 0 0 0 0
car 0.0 0 0 9 134 28 145 0 0 0 0 0 0 0
car 0.0 0 0 28 129 44 140 0 0 0 0 0 0 0
car 0.0 0 0 44 123 63 134 0 0 0 0 0 0 0
car 0.0 0 0 66 119 83 131 0 0 0 0 0 0 0
car 0.0 0 0 86 112 105 121 0 0 0 0 0 0 0
car 0.0 0 0 108 105 127 117 0 0 0 0 0 0 0
car 0.0 0 0 129 99 144 109 0 0 0 0 0 0 0
car 0.0 0 0 148 90 164 102 0 0 0 0 0 0 0
car 0.0 0 0 163 85 182 96 0 0 0 0 0 0 0
car 0.0 0 0 180 77 198 91 0 0 0 0 0 0 0
car 0.0 0 0 204 71 219 82 0 0 0 0 0 0 0
car 0.0 0 0 221 63 236 76 0 0 0 0 0 0 0
car 0.0 0 0 236 53 253 68 0 0 0 0 0 0 0
car 0.0 0 0 260 46 276 58 0 0 0 0 0 0 0
car 0.0 0 0 274 39 288 49 0 0 0 0 0 0 0
car 0.0 0 0 286 26 303 39 0 0 0 0 0 0 0
car 0.0 0 0 313 20 325 31 0 0 0 0 0 0 0
car 0.0 0 0 327 9 344 22 0 0 0 0 0 0 0
car 0.85520361991 0 0 348 0 352 8 0 0 0 0 0 0 0
car 0.0 0 0 3 278 16 295 0 0 0 0 0 0 0
