car 0.939393939394 0 0 0 344 1 352 0 0 0 0 0 0 0
car 0.0 0 0 3 333 20 346 0 0 0 0 0 0 0
car 0.0 0 0 24 319 41 332 0 0 0 0 0 0 0
car 0.5 0 0 0 296 7 313 0 0 0 0 0 0 0
car 0.0714285714286 0 0 0 291 13 306 0 0 0 0 0 0 0
car 0.0 0 0 8 288 20 303 0 0 0 0 0 0 0
car 0.0 0 0 15 286 26 298 0 0 0 0 0 0 0
car 0.0 0 0 23 281 37 297 0 0 0 0 0 0 0
car 0.0 0 0 43 312 57 323 0 0 0 0 0 0 0
car 0.0 0 0 57 301 71 314 0 0 0 0 0 0 0
car 0.0 0 0 74 290 89 301 0 0 0 0 0 0 0
car 0.0 0 0 92 280 107 293 0 0 0 0 0 0 0
car 0.0 0 0 111 268 126 280 0 0 0 0 0 0 0
car 0.0 0 0 127 251 146 268 0 0 0 0 0 0 0
car 0.0 0 0 267 249 284 263 0 0 0 0 0 0 0
car 0.0 0 0 152 232 171 248 0 0 0 0 0 0 0
car 0.0 0 0 162 208 177 223 0 0 0 0 0 0 0
car 0.0 0 0 176 214 195 231 0 0 0 0 0 0 0
car 0.0 0 0 241 203 260 217 0 0 0 0 0 0 0
car 0.0 0 0 261 155 272 166 0 0 0 0 0 0 0
car 0.0 0 0 287 127 305 140 0 0 0 0 0 0 0
car 0.0 0 0 319 103 332 115 0 0 0 0 0 0 0
car 0.0 0 0 22 142 37 148 0 0 0 0 0 0 0
car 0.0 0 0 32 9 42 27 0 0 0 0 0 0 0
car 0.0 0 0 206 196 216 205 0 0 0 0 0 0 0
