car 0.0 0 0 275 300 292 315 0 0 0 0 0 0 0
car 0.0 0 0 229 289 248 306 0 0 0 0 0 0 0
car 0.0 0 0 270 291 288 307 0 0 0 0 0 0 0
car 0.0 0 0 289 290 304 306 0 0 0 0 0 0 0
car 0.0 0 0 287 285 300 297 0 0 0 0 0 0 0
car 0.0 0 0 281 279 297 291 0 0 0 0 0 0 0
car 0.0 0 0 270 274 292 290 0 0 0 0 0 0 0
car 0.0 0 0 289 265 302 278 0 0 0 0 0 0 0
car 0.0 0 0 295 270 310 282 0 0 0 0 0 0 0
car 0.0 0 0 298 273 315 289 0 0 0 0 0 0 0
car 0.0 0 0 291 111 305 123 0 0 0 0 0 0 0
car 0.0769230769231 0 0 305 0 326 12 0 0 0 0 0 0 0
car 0.260869565217 0 0 119 335 147 352 0 0 0 0 0 0 0
