car 0.888888888889 0 0 325 0 334 2 0 0 0 0 0 0 0
car 0.0 0 0 26 100 34 115 0 0 0 0 0 0 0
car 0.0 0 0 67 294 77 312 0 0 0 0 0 0 0
car 0.0 0 0 207 327 225 342 0 0 0 0 0 0 0
car 0.0 0 0 110 288 119 305 0 0 0 0 0 0 0
car 0.0 0 0 144 284 152 303 0 0 0 0 0 0 0
car 0.0 0 0 171 284 179 296 0 0 0 0 0 0 0
car 0.0 0 0 180 280 190 297 0 0 0 0 0 0 0
car 0.0 0 0 284 263 299 277 0 0 0 0 0 0 0
car 0.0 0 0 244 232 258 244 0 0 0 0 0 0 0
car 0.0 0 0 318 237 332 249 0 0 0 0 0 0 0
car 0.0 0 0 327 190 339 211 0 0 0 0 0 0 0
