car 0.941176470588 0 0 56 351 65 352 0 0 0 0 0 0 0
car 0.0 0 0 55 328 64 347 0 0 0 0 0 0 0
car 0.0 0 0 52 312 64 327 0 0 0 0 0 0 0
car 0.0 0 0 78 267 87 282 0 0 0 0 0 0 0
car 0.0 0 0 52 293 61 310 0 0 0 0 0 0 0
car 0.0 0 0 50 269 59 288 0 0 0 0 0 0 0
car 0.0 0 0 53 219 61 232 0 0 0 0 0 0 0
car 0.0 0 0 48 194 58 210 0 0 0 0 0 0 0
car 0.0 0 0 49 175 57 192 0 0 0 0 0 0 0
car 0.0 0 0 53 106 62 124 0 0 0 0 0 0 0
car 0.0 0 0 46 129 56 143 0 0 0 0 0 0 0
car 0.0 0 0 41 149 52 168 0 0 0 0 0 0 0
car 0.0 0 0 259 234 266 250 0 0 0 0 0 0 0
car 0.714285714286 0 0 350 174 352 192 0 0 0 0 0 0 0
car 0.0 0 0 41 20 48 39 0 0 0 0 0 0 0
car 0.0 0 0 47 237 58 264 0 0 0 0 0 0 0
car 0.0 0 0 273 259 279 268 0 0 0 0 0 0 0
