car 0.294117647059 0 0 305 340 322 352 0 0 0 0 0 0 0
car 0.0 0 0 308 175 328 187 0 0 0 0 0 0 0
car 0.0 0 0 152 260 164 266 0 0 0 0 0 0 0
car 0.0 0 0 58 247 80 256 0 0 0 0 0 0 0
car 0.0 0 0 246 190 262 200 0 0 0 0 0 0 0
car 0.0 0 0 191 204 206 214 0 0 0 0 0 0 0
car 0.0 0 0 92 265 112 274 0 0 0 0 0 0 0
car 0.0 0 0 210 226 250 242 0 0 0 0 0 0 0
car 0.0 0 0 159 247 181 260 0 0 0 0 0 0 0
car 0.0 0 0 33 193 57 202 0 0 0 0 0 0 0
car 0.0 0 0 4 221 27 233 0 0 0 0 0 0 0
car 0.0526315789474 0 0 334 236 352 245 0 0 0 0 0 0 0
car 0.0 0 0 216 243 235 251 0 0 0 0 0 0 0
car 0.0 0 0 157 267 177 278 0 0 0 0 0 0 0
car 0.0 0 0 103 202 119 209 0 0 0 0 0 0 0
car 0.0 0 0 203 254 220 264 0 0 0 0 0 0 0
car 0.0 0 0 27 257 50 269 0 0 0 0 0 0 0
