car 0.0 0 0 77 125 97 134 0 0 0 0 0 0 0
car 0.0 0 0 290 189 309 197 0 0 0 0 0 0 0
car 0.0 0 0 150 181 168 193 0 0 0 0 0 0 0
car 0.0 0 0 127 190 151 205 0 0 0 0 0 0 0
car 0.0 0 0 73 271 119 284 0 0 0 0 0 0 0
car 0.0 0 0 131 148 144 156 0 0 0 0 0 0 0
car 0.0 0 0 275 199 299 212 0 0 0 0 0 0 0
car 0.0 0 0 68 313 120 328 0 0 0 0 0 0 0
car 0.0 0 0 197 176 222 189 0 0 0 0 0 0 0
car 0.0 0 0 283 153 310 161 0 0 0 0 0 0 0
car 0.0 0 0 72 293 119 308 0 0 0 0 0 0 0
car 0.0 0 0 71 305 119 317 0 0 0 0 0 0 0
car 0.0 0 0 67 324 123 340 0 0 0 0 0 0 0
car 0.0 0 0 158 173 184 182 0 0 0 0 0 0 0
car 0.857142857143 0 0 72 350 118 352 0 0 0 0 0 0 0
car 0.0 0 0 72 282 117 295 0 0 0 0 0 0 0
car 0.0 0 0 71 247 118 260 0 0 0 0 0 0 0
car 0.0 0 0 126 128 144 139 0 0 0 0 0 0 0
car 0.0 0 0 213 133 227 139 0 0 0 0 0 0 0
car 0.0 0 0 206 138 231 150 0 0 0 0 0 0 0
car 0.0625 0 0 66 337 119 352 0 0 0 0 0 0 0
car 0.0 0 0 260 130 275 135 0 0 0 0 0 0 0
car 0.0 0 0 71 260 119 274 0 0 0 0 0 0 0
