car 0.0 0 0 242 1 254 14 0 0 0 0 0 0 0
car 0.0 0 0 250 3 261 16 0 0 0 0 0 0 0
car 0.0 0 0 254 6 267 20 0 0 0 0 0 0 0
car 0.0 0 0 261 10 272 22 0 0 0 0 0 0 0
car 0.0 0 0 269 13 280 26 0 0 0 0 0 0 0
car 0.0 0 0 286 4 299 20 0 0 0 0 0 0 0
car 0.0 0 0 294 8 306 22 0 0 0 0 0 0 0
car 0.0 0 0 302 14 314 28 0 0 0 0 0 0 0
car 0.0 0 0 309 16 320 31 0 0 0 0 0 0 0
car 0.0 0 0 316 20 328 35 0 0 0 0 0 0 0
car 0.0 0 0 287 22 300 35 0 0 0 0 0 0 0
car 0.0 0 0 295 25 308 39 0 0 0 0 0 0 0
car 0.0 0 0 303 30 314 44 0 0 0 0 0 0 0
car 0.0 0 0 310 34 320 47 0 0 0 0 0 0 0
car 0.0 0 0 271 20 289 32 0 0 0 0 0 0 0
car 0.0 0 0 244 213 269 225 0 0 0 0 0 0 0
car 0.0 0 0 329 229 350 240 0 0 0 0 0 0 0
car 0.0 0 0 168 136 189 148 0 0 0 0 0 0 0
car 0.0 0 0 33 204 57 217 0 0 0 0 0 0 0
car 0.0 0 0 181 160 205 170 0 0 0 0 0 0 0
car 0.0 0 0 211 198 233 212 0 0 0 0 0 0 0
car 0.0 0 0 293 205 322 215 0 0 0 0 0 0 0
car 0.0 0 0 43 144 69 157 0 0 0 0 0 0 0
car 0.0 0 0 157 188 186 196 0 0 0 0 0 0 0
car 0.0 0 0 149 151 169 161 0 0 0 0 0 0 0
car 0.0 0 0 102 194 124 203 0 0 0 0 0 0 0
car 0.0 0 0 120 157 144 168 0 0 0 0 0 0 0
car 0.0 0 0 105 184 123 193 0 0 0 0 0 0 0
