car 0.375 0 0 342 54 352 79 0 0 0 0 0 0 0
car 0.0 0 0 317 109 326 133 0 0 0 0 0 0 0
car 0.0 0 0 228 123 241 134 0 0 0 0 0 0 0
car 0.0 0 0 239 194 251 205 0 0 0 0 0 0 0
car 0.0 0 0 207 2 220 15 0 0 0 0 0 0 0
car 0.0 0 0 235 171 246 182 0 0 0 0 0 0 0
car 0.0 0 0 307 112 315 132 0 0 0 0 0 0 0
car 0.0 0 0 203 122 215 137 0 0 0 0 0 0 0
car 0.0 0 0 261 275 275 289 0 0 0 0 0 0 0
car 0.0 0 0 102 278 126 290 0 0 0 0 0 0 0
car 1.0 0 0 148 0 157 0 0 0 0 0 0 0 0
car 0.0 0 0 129 286 140 305 0 0 0 0 0 0 0
car 0.0 0 0 252 232 268 249 0 0 0 0 0 0 0
car 0.0 0 0 217 77 234 88 0 0 0 0 0 0 0
car 0.0 0 0 221 62 233 74 0 0 0 0 0 0 0
car 0.0 0 0 186 50 199 72 0 0 0 0 0 0 0
car 0.0 0 0 212 195 223 206 0 0 0 0 0 0 0
car 0.0 0 0 209 23 221 37 0 0 0 0 0 0 0
car 0.0 0 0 213 208 224 219 0 0 0 0 0 0 0
car 0.0 0 0 211 144 224 162 0 0 0 0 0 0 0
car 0.0 0 0 244 206 258 218 0 0 0 0 0 0 0
car 0.0 0 0 238 183 247 194 0 0 0 0 0 0 0
car 0.0 0 0 229 148 241 159 0 0 0 0 0 0 0
car 0.0 0 0 197 90 209 105 0 0 0 0 0 0 0
car 0.0 0 0 145 277 161 283 0 0 0 0 0 0 0
car 0.0 0 0 220 241 232 250 0 0 0 0 0 0 0
car 0.0 0 0 226 91 232 104 0 0 0 0 0 0 0
car 0.0 0 0 216 225 228 237 0 0 0 0 0 0 0
car 0.0 0 0 212 177 220 189 0 0 0 0 0 0 0
car 0.0 0 0 183 35 193 47 0 0 0 0 0 0 0
car 0.928571428571 0 0 133 0 144 1 0 0 0 0 0 0 0
