car 0.0 0 0 107 11 117 46 0 0 0 0 0 0 0
car 0.0 0 0 67 6 76 41 0 0 0 0 0 0 0
car 0.0 0 0 37 8 47 45 0 0 0 0 0 0 0
car 0.0 0 0 16 4 32 41 0 0 0 0 0 0 0
car 0.0 0 0 12 115 32 127 0 0 0 0 0 0 0
car 0.473684210526 0 0 0 178 10 188 0 0 0 0 0 0 0
car 0.0 0 0 147 196 172 211 0 0 0 0 0 0 0
car 0.0 0 0 205 172 237 187 0 0 0 0 0 0 0
car 0.0 0 0 294 240 310 258 0 0 0 0 0 0 0
car 0.565217391304 0 0 316 342 333 352 0 0 0 0 0 0 0
car 0.52 0 0 331 340 349 352 0 0 0 0 0 0 0
car 0.411764705882 0 0 113 342 126 352 0 0 0 0 0 0 0
car 0.0 0 0 128 285 141 302 0 0 0 0 0 0 0
car 0.0 0 0 83 182 103 192 0 0 0 0 0 0 0
car 0.0 0 0 225 127 249 141 0 0 0 0 0 0 0
car 0.0 0 0 105 314 117 326 0 0 0 0 0 0 0
car 0.454545454545 0 0 250 340 262 352 0 0 0 0 0 0 0
car 0.0 0 0 50 119 69 127 0 0 0 0 0 0 0
car 0.0 0 0 150 6 163 55 0 0 0 0 0 0 0
car 0.0 0 0 122 174 145 188 0 0 0 0 0 0 0
car 0.0 0 0 124 165 144 178 0 0 0 0 0 0 0
car 0.0 0 0 167 115 185 124 0 0 0 0 0 0 0
car 0.56 0 0 220 341 234 352 0 0 0 0 0 0 0
car 0.772727272727 0 0 347 166 352 175 0 0 0 0 0 0 0
car 0.0 0 0 119 4 130 54 0 0 0 0 0 0 0
car 0.0 0 0 235 141 252 150 0 0 0 0 0 0 0
car 0.0 0 0 123 112 150 123 0 0 0 0 0 0 0
car 0.0 0 0 275 188 296 194 0 0 0 0 0 0 0
car 0.653846153846 0 0 205 343 219 352 0 0 0 0 0 0 0
car 0.52 0 0 277 340 289 352 0 0 0 0 0 0 0
car 0.333333333333 0 0 338 132 352 143 0 0 0 0 0 0 0
car 0.478260869565 0 0 238 340 249 352 0 0 0 0 0 0 0
car 0.363636363636 0 0 141 345 153 352 0 0 0 0 0 0 0
car 0.0 0 0 223 190 239 199 0 0 0 0 0 0 0
car 0.0 0 0 139 137 160 145 0 0 0 0 0 0 0
car 0.0 0 0 182 160 203 173 0 0 0 0 0 0 0
car 0.0 0 0 53 167 73 175 0 0 0 0 0 0 0
car 0.0 0 0 316 120 338 132 0 0 0 0 0 0 0
car 0.0 0 0 77 6 89 40 0 0 0 0 0 0 0
car 0.458333333333 0 0 263 339 276 352 0 0 0 0 0 0 0
car 0.458333333333 0 0 288 339 301 352 0 0 0 0 0 0 0
car 0.0 0 0 278 177 299 185 0 0 0 0 0 0 0
car 0.0 0 0 46 139 62 145 0 0 0 0 0 0 0
car 0.0 0 0 108 327 123 345 0 0 0 0 0 0 0
car 0.44 0 0 302 338 317 352 0 0 0 0 0 0 0
car 0.0 0 0 164 125 183 135 0 0 0 0 0 0 0
