car 0.0 0 0 316 18 333 41 0 0 0 0 0 0 0
car 0.0 0 0 331 16 349 41 0 0 0 0 0 0 0
car 0.0 0 0 299 57 316 78 0 0 0 0 0 0 0
car 0.1875 0 0 339 58 352 78 0 0 0 0 0 0 0
car 0.0 0 0 328 62 343 80 0 0 0 0 0 0 0
car 0.0 0 0 314 61 329 78 0 0 0 0 0 0 0
car 0.0 0 0 218 80 247 92 0 0 0 0 0 0 0
car 0.0 0 0 156 103 173 120 0 0 0 0 0 0 0
car 0.0 0 0 150 71 163 87 0 0 0 0 0 0 0
car 0.0 0 0 113 18 126 35 0 0 0 0 0 0 0
car 0.0 0 0 116 33 127 43 0 0 0 0 0 0 0
car 0.0 0 0 157 47 175 80 0 0 0 0 0 0 0
car 0.0 0 0 141 32 154 50 0 0 0 0 0 0 0
car 0.0 0 0 149 195 162 212 0 0 0 0 0 0 0
car 0.0 0 0 173 301 183 316 0 0 0 0 0 0 0
car 0.0 0 0 183 256 205 272 0 0 0 0 0 0 0
car 0.0 0 0 144 161 152 173 0 0 0 0 0 0 0
car 0.833333333333 0 0 105 0 117 2 0 0 0 0 0 0 0
car 0.0 0 0 250 16 262 38 0 0 0 0 0 0 0
car 0.0 0 0 143 49 153 62 0 0 0 0 0 0 0
car 0.0 0 0 149 271 173 286 0 0 0 0 0 0 0
car 0.0 0 0 207 326 220 339 0 0 0 0 0 0 0
car 0.0 0 0 124 71 135 85 0 0 0 0 0 0 0
car 0.0 0 0 128 89 140 103 0 0 0 0 0 0 0
car 0.0 0 0 220 17 234 42 0 0 0 0 0 0 0
car 0.0 0 0 169 307 177 319 0 0 0 0 0 0 0
car 0.0 0 0 160 232 169 242 0 0 0 0 0 0 0
car 0.0 0 0 176 189 193 203 0 0 0 0 0 0 0
car 0.0 0 0 161 129 178 143 0 0 0 0 0 0 0
car 0.0 0 0 149 181 158 194 0 0 0 0 0 0 0
car 0.0 0 0 148 302 157 324 0 0 0 0 0 0 0
car 0.0 0 0 119 53 129 68 0 0 0 0 0 0 0
car 0.0 0 0 205 19 219 45 0 0 0 0 0 0 0
car 0.0 0 0 277 16 289 41 0 0 0 0 0 0 0
car 0.0 0 0 238 16 249 39 0 0 0 0 0 0 0
car 0.0 0 0 141 21 153 32 0 0 0 0 0 0 0
car 0.642857142857 0 0 209 347 221 352 0 0 0 0 0 0 0
car 0.0 0 0 154 213 170 227 0 0 0 0 0 0 0
car 0.0 0 0 157 245 171 255 0 0 0 0 0 0 0
car 0.0 0 0 156 310 168 321 0 0 0 0 0 0 0
car 0.0 0 0 183 217 195 229 0 0 0 0 0 0 0
car 0.0 0 0 189 238 198 253 0 0 0 0 0 0 0
car 0.0 0 0 156 154 163 168 0 0 0 0 0 0 0
car 0.0 0 0 166 151 189 168 0 0 0 0 0 0 0
car 0.0 0 0 117 39 128 54 0 0 0 0 0 0 0
car 0.0 0 0 195 282 211 301 0 0 0 0 0 0 0
car 0.0 0 0 170 170 186 185 0 0 0 0 0 0 0
car 0.0 0 0 263 15 276 39 0 0 0 0 0 0 0
car 0.0 0 0 288 15 301 39 0 0 0 0 0 0 0
car 0.0 0 0 164 258 173 270 0 0 0 0 0 0 0
car 0.0 0 0 198 304 214 322 0 0 0 0 0 0 0
car 0.0 0 0 108 3 123 21 0 0 0 0 0 0 0
car 0.0 0 0 302 14 317 39 0 0 0 0 0 0 0
car 0.0 0 0 133 311 144 325 0 0 0 0 0 0 0
