car 0.0 0 0 308 47 325 57 0 0 0 0 0 0 0
car 0.0 0 0 253 48 274 61 0 0 0 0 0 0 0
car 0.0 0 0 197 29 217 43 0 0 0 0 0 0 0
car 0.0 0 0 88 3 105 12 0 0 0 0 0 0 0
car 0.0 0 0 66 7 87 17 0 0 0 0 0 0 0
car 0.0 0 0 84 9 104 18 0 0 0 0 0 0 0
car 0.0 0 0 82 15 100 23 0 0 0 0 0 0 0
car 0.0 0 0 65 13 83 23 0 0 0 0 0 0 0
car 0.0 0 0 62 19 80 28 0 0 0 0 0 0 0
car 0.0 0 0 80 20 99 29 0 0 0 0 0 0 0
car 0.0 0 0 78 26 94 34 0 0 0 0 0 0 0
car 0.0 0 0 59 25 78 36 0 0 0 0 0 0 0
car 0.0 0 0 76 32 95 42 0 0 0 0 0 0 0
car 0.0 0 0 58 32 76 42 0 0 0 0 0 0 0
car 0.0 0 0 53 37 73 47 0 0 0 0 0 0 0
car 0.0 0 0 73 38 91 48 0 0 0 0 0 0 0
car 0.0 0 0 71 45 89 53 0 0 0 0 0 0 0
car 0.0 0 0 53 45 71 55 0 0 0 0 0 0 0
car 0.0 0 0 68 51 87 59 0 0 0 0 0 0 0
car 0.0 0 0 52 51 68 60 0 0 0 0 0 0 0
car 0.0 0 0 68 57 84 65 0 0 0 0 0 0 0
car 0.0 0 0 50 57 65 65 0 0 0 0 0 0 0
car 0.0 0 0 64 63 84 72 0 0 0 0 0 0 0
car 0.0 0 0 64 68 83 77 0 0 0 0 0 0 0
car 0.0 0 0 46 63 62 73 0 0 0 0 0 0 0
car 0.0 0 0 51 8 64 25 0 0 0 0 0 0 0
car 0.666666666667 0 0 0 20 4 35 0 0 0 0 0 0 0
car 0.0 0 0 112 173 137 183 0 0 0 0 0 0 0
car 0.0 0 0 5 229 26 240 0 0 0 0 0 0 0
car 0.0 0 0 250 218 268 226 0 0 0 0 0 0 0
car 0.0 0 0 41 164 60 171 0 0 0 0 0 0 0
car 0.0 0 0 239 170 261 180 0 0 0 0 0 0 0
car 0.0 0 0 227 179 245 191 0 0 0 0 0 0 0
car 0.0 0 0 297 168 314 176 0 0 0 0 0 0 0
car 0.92 0 0 212 348 229 352 0 0 0 0 0 0 0
car 0.0 0 0 86 198 100 207 0 0 0 0 0 0 0
car 0.0 0 0 189 231 214 242 0 0 0 0 0 0 0
car 0.0 0 0 319 240 336 248 0 0 0 0 0 0 0
car 0.0 0 0 280 209 302 216 0 0 0 0 0 0 0
