car 0.0 0 0 176 216 193 226 0 0 0 0 0 0 0
car 0.0 0 0 268 215 289 223 0 0 0 0 0 0 0
car 0.0 0 0 87 288 110 300 0 0 0 0 0 0 0
car 0.0 0 0 232 267 249 276 0 0 0 0 0 0 0
car 0.0 0 0 199 229 224 239 0 0 0 0 0 0 0
car 0.0 0 0 226 256 245 262 0 0 0 0 0 0 0
car 0.0 0 0 42 290 62 301 0 0 0 0 0 0 0
car 0.0 0 0 123 232 144 245 0 0 0 0 0 0 0
car 0.0 0 0 22 248 42 258 0 0 0 0 0 0 0
car 0.0 0 0 143 223 164 232 0 0 0 0 0 0 0
car 0.0 0 0 328 221 351 233 0 0 0 0 0 0 0
car 0.0 0 0 274 225 294 235 0 0 0 0 0 0 0
car 0.0 0 0 224 214 242 226 0 0 0 0 0 0 0
car 0.0 0 0 0 211 59 231 0 0 0 0 0 0 0
car 0.0 0 0 65 232 89 245 0 0 0 0 0 0 0
car 0.0 0 0 132 263 153 275 0 0 0 0 0 0 0
car 0.95652173913 0 0 351 257 352 269 0 0 0 0 0 0 0
car 0.0 0 0 280 263 302 272 0 0 0 0 0 0 0
