car 0.470588235294 0 0 0 18 9 41 0 0 0 0 0 0 0
car 0.0 0 0 7 16 25 41 0 0 0 0 0 0 0
car 0.0 0 0 15 58 31 78 0 0 0 0 0 0 0
car 0.0 0 0 4 62 19 80 0 0 0 0 0 0 0
car 0.666666666667 0 0 0 61 5 78 0 0 0 0 0 0 0
car 0.555555555556 0 0 91 0 105 4 0 0 0 0 0 0 0
car 0.0 0 0 227 59 281 74 0 0 0 0 0 0 0
car 0.0 0 0 234 91 274 105 0 0 0 0 0 0 0
car 0.733333333333 0 0 220 0 272 4 0 0 0 0 0 0 0
car 0.0 0 0 229 80 280 97 0 0 0 0 0 0 0
car 0.0 0 0 230 70 271 87 0 0 0 0 0 0 0
car 0.0 0 0 219 0 275 16 0 0 0 0 0 0 0
car 0.0 0 0 224 26 270 40 0 0 0 0 0 0 0
car 0.0 0 0 218 13 271 29 0 0 0 0 0 0 0
car 0.0 0 0 229 38 285 53 0 0 0 0 0 0 0
car 0.0 0 0 233 48 278 62 0 0 0 0 0 0 0
