car 0.647058823529 0 0 0 195 6 210 0 0 0 0 0 0 0
car 0.0 0 0 56 243 75 260 0 0 0 0 0 0 0
car 0.0 0 0 305 16 322 33 0 0 0 0 0 0 0
car 0.0 0 0 287 62 307 79 0 0 0 0 0 0 0
car 0.0 0 0 271 74 290 91 0 0 0 0 0 0 0
car 0.0 0 0 257 53 274 68 0 0 0 0 0 0 0
car 0.0 0 0 275 31 292 45 0 0 0 0 0 0 0
car 0.0 0 0 225 76 242 89 0 0 0 0 0 0 0
car 0.0 0 0 169 123 187 137 0 0 0 0 0 0 0
car 0.0 0 0 159 132 177 145 0 0 0 0 0 0 0
car 0.0 0 0 149 138 166 153 0 0 0 0 0 0 0
car 0.0 0 0 158 157 174 169 0 0 0 0 0 0 0
car 0.0 0 0 177 119 193 131 0 0 0 0 0 0 0
car 0.0 0 0 198 96 216 109 0 0 0 0 0 0 0
car 0.0 0 0 214 86 226 95 0 0 0 0 0 0 0
car 0.0 0 0 192 101 208 114 0 0 0 0 0 0 0
car 0.0 0 0 171 190 188 204 0 0 0 0 0 0 0
car 0.0 0 0 191 172 209 185 0 0 0 0 0 0 0
car 0.0 0 0 199 164 215 178 0 0 0 0 0 0 0
car 0.0 0 0 207 159 222 173 0 0 0 0 0 0 0
car 0.0 0 0 268 131 287 142 0 0 0 0 0 0 0
car 0.0 0 0 245 116 264 130 0 0 0 0 0 0 0
car 0.0 0 0 186 181 197 190 0 0 0 0 0 0 0
car 0.0 0 0 285 84 299 97 0 0 0 0 0 0 0
car 0.0 0 0 211 92 222 101 0 0 0 0 0 0 0
car 0.0 0 0 182 114 192 122 0 0 0 0 0 0 0
car 0.0 0 0 260 142 276 152 0 0 0 0 0 0 0
car 0.0 0 0 242 161 255 168 0 0 0 0 0 0 0
car 0.0 0 0 233 73 245 81 0 0 0 0 0 0 0
car 0.0 0 0 274 126 289 134 0 0 0 0 0 0 0
car 0.0 0 0 241 64 250 73 0 0 0 0 0 0 0
car 0.0 0 0 142 147 157 156 0 0 0 0 0 0 0
car 0.0 0 0 216 157 225 165 0 0 0 0 0 0 0
car 0.0 0 0 231 170 246 178 0 0 0 0 0 0 0
car 0.0 0 0 217 147 233 156 0 0 0 0 0 0 0
car 0.0 0 0 188 107 200 117 0 0 0 0 0 0 0
car 0.0 0 0 257 111 271 120 0 0 0 0 0 0 0
car 0.0 0 0 182 189 195 197 0 0 0 0 0 0 0
car 0.0 0 0 232 131 247 142 0 0 0 0 0 0 0
