car 0.0 0 0 176 37 197 50 0 0 0 0 0 0 0
car 0.0 0 0 216 169 236 183 0 0 0 0 0 0 0
car 0.0 0 0 186 210 209 227 0 0 0 0 0 0 0
car 0.0 0 0 223 196 241 215 0 0 0 0 0 0 0
car 0.0 0 0 93 137 110 147 0 0 0 0 0 0 0
car 0.0 0 0 285 319 300 328 0 0 0 0 0 0 0
car 0.0 0 0 210 227 222 241 0 0 0 0 0 0 0
car 0.0 0 0 274 279 287 293 0 0 0 0 0 0 0
car 0.0 0 0 229 244 243 256 0 0 0 0 0 0 0
car 0.0 0 0 176 228 197 244 0 0 0 0 0 0 0
car 0.0 0 0 239 268 264 287 0 0 0 0 0 0 0
car 0.0 0 0 129 110 150 124 0 0 0 0 0 0 0
car 0.0 0 0 311 331 328 340 0 0 0 0 0 0 0
car 0.0 0 0 49 184 67 196 0 0 0 0 0 0 0
