car 0.769820971867 0 0 0 342 9 352 0 0 0 0 0 0 0
car 0.52 0 0 7 340 25 352 0 0 0 0 0 0 0
car 0.0 0 0 91 319 105 328 0 0 0 0 0 0 0
car 0.0 0 0 229 125 249 134 0 0 0 0 0 0 0
car 0.0 0 0 117 133 130 141 0 0 0 0 0 0 0
car 0.0 0 0 302 181 320 193 0 0 0 0 0 0 0
car 0.0 0 0 279 190 303 205 0 0 0 0 0 0 0
car 0.0 0 0 225 271 271 284 0 0 0 0 0 0 0
car 0.0 0 0 23 166 45 175 0 0 0 0 0 0 0
car 0.0 0 0 107 168 130 179 0 0 0 0 0 0 0
car 0.0 0 0 283 148 296 156 0 0 0 0 0 0 0
car 0.0 0 0 145 123 161 132 0 0 0 0 0 0 0
car 0.0 0 0 220 313 272 328 0 0 0 0 0 0 0
car 0.0 0 0 14 132 35 143 0 0 0 0 0 0 0
car 0.0 0 0 224 293 271 308 0 0 0 0 0 0 0
car 0.0 0 0 114 142 137 150 0 0 0 0 0 0 0
car 0.363636363636 0 0 0 120 14 132 0 0 0 0 0 0 0
car 0.0 0 0 223 305 271 317 0 0 0 0 0 0 0
car 0.0 0 0 219 324 275 340 0 0 0 0 0 0 0
car 0.0 0 0 310 173 336 182 0 0 0 0 0 0 0
car 0.857142857143 0 0 224 350 270 352 0 0 0 0 0 0 0
car 0.0 0 0 224 282 269 295 0 0 0 0 0 0 0
car 0.0 0 0 125 189 147 201 0 0 0 0 0 0 0
car 0.0 0 0 223 247 270 260 0 0 0 0 0 0 0
car 0.0 0 0 278 128 296 139 0 0 0 0 0 0 0
car 0.0625 0 0 218 337 271 352 0 0 0 0 0 0 0
car 0.0 0 0 223 260 271 274 0 0 0 0 0 0 0
