car 0.25 0 0 0 302 15 313 0 0 0 0 0 0 0
car 0.0 0 0 185 184 202 202 0 0 0 0 0 0 0
car 0.0 0 0 241 258 258 276 0 0 0 0 0 0 0
car 0.0 0 0 127 41 140 58 0 0 0 0 0 0 0
car 0.0 0 0 143 63 159 82 0 0 0 0 0 0 0
car 0.0 0 0 75 85 95 97 0 0 0 0 0 0 0
car 0.0 0 0 83 94 101 106 0 0 0 0 0 0 0
car 0.0 0 0 88 102 105 114 0 0 0 0 0 0 0
car 0.0 0 0 93 107 111 120 0 0 0 0 0 0 0
car 0.0 0 0 5 243 22 251 0 0 0 0 0 0 0
car 0.0 0 0 2 268 18 276 0 0 0 0 0 0 0
car 0.1 0 0 0 276 18 285 0 0 0 0 0 0 0
car 0.0 0 0 3 294 18 303 0 0 0 0 0 0 0
car 0.142857142857 0 0 0 286 18 294 0 0 0 0 0 0 0
car 0.0 0 0 52 133 81 150 0 0 0 0 0 0 0
car 0.0 0 0 45 94 67 103 0 0 0 0 0 0 0
car 0.409090909091 0 0 0 321 13 327 0 0 0 0 0 0 0
car 0.0 0 0 6 258 20 270 0 0 0 0 0 0 0
car 0.0 0 0 287 317 306 334 0 0 0 0 0 0 0
car 0.304347826087 0 0 0 340 16 350 0 0 0 0 0 0 0
car 0.0 0 0 49 116 70 125 0 0 0 0 0 0 0
