car 0.0 0 0 278 63 297 82 0 0 0 0 0 0 0
car 0.0 0 0 239 36 257 49 0 0 0 0 0 0 0
car 0.0 0 0 150 36 168 53 0 0 0 0 0 0 0
car 0.0 0 0 128 23 147 40 0 0 0 0 0 0 0
car 0.0 0 0 105 4 124 20 0 0 0 0 0 0 0
car 0.0 0 0 225 303 237 315 0 0 0 0 0 0 0
car 0.0 0 0 313 244 327 255 0 0 0 0 0 0 0
car 0.0 0 0 291 233 304 244 0 0 0 0 0 0 0
car 0.0 0 0 291 85 310 97 0 0 0 0 0 0 0
car 0.0 0 0 116 276 129 288 0 0 0 0 0 0 0
car 0.0 0 0 260 245 276 259 0 0 0 0 0 0 0
car 0.0 0 0 237 261 247 271 0 0 0 0 0 0 0
car 0.0 0 0 193 77 212 95 0 0 0 0 0 0 0
car 0.0 0 0 204 301 226 316 0 0 0 0 0 0 0
car 0.0 0 0 253 140 274 154 0 0 0 0 0 0 0
car 0.0 0 0 114 262 133 280 0 0 0 0 0 0 0
car 0.0 0 0 312 223 328 231 0 0 0 0 0 0 0
car 0.411764705882 0 0 342 121 352 135 0 0 0 0 0 0 0
car 0.0 0 0 246 253 255 266 0 0 0 0 0 0 0
car 0.0 0 0 243 300 255 310 0 0 0 0 0 0 0
car 0.0 0 0 196 322 209 332 0 0 0 0 0 0 0
car 0.0 0 0 214 280 227 293 0 0 0 0 0 0 0
car 0.0 0 0 170 54 193 71 0 0 0 0 0 0 0
car 0.333333333333 0 0 342 225 352 237 0 0 0 0 0 0 0
car 0.0 0 0 317 100 332 112 0 0 0 0 0 0 0
car 0.0 0 0 271 234 285 249 0 0 0 0 0 0 0
car 0.0 0 0 177 324 194 337 0 0 0 0 0 0 0
car 0.0 0 0 326 110 346 124 0 0 0 0 0 0 0
car 0.0 0 0 186 67 204 80 0 0 0 0 0 0 0
car 0.117647058824 0 0 337 197 352 205 0 0 0 0 0 0 0
car 0.0 0 0 331 205 352 212 0 0 0 0 0 0 0
car 0.0 0 0 299 173 317 188 0 0 0 0 0 0 0
car 0.0 0 0 267 149 288 166 0 0 0 0 0 0 0
car 0.0 0 0 239 127 259 140 0 0 0 0 0 0 0
car 0.0 0 0 196 294 208 305 0 0 0 0 0 0 0
car 0.0 0 0 116 13 133 24 0 0 0 0 0 0 0
car 0.0 0 0 298 243 311 254 0 0 0 0 0 0 0
