car 0.814814814815 0 0 0 109 5 128 0 0 0 0 0 0 0
car 0.0 0 0 322 143 340 154 0 0 0 0 0 0 0
car 0.0 0 0 287 124 309 134 0 0 0 0 0 0 0
car 0.0 0 0 316 240 332 255 0 0 0 0 0 0 0
car 0.0 0 0 19 166 38 183 0 0 0 0 0 0 0
car 0.0 0 0 197 317 222 331 0 0 0 0 0 0 0
car 0.807692307692 0 0 0 302 10 344 0 0 0 0 0 0 0
car 0.0 0 0 36 161 49 176 0 0 0 0 0 0 0
car 0.0 0 0 154 298 170 315 0 0 0 0 0 0 0
car 0.0 0 0 0 135 13 148 0 0 0 0 0 0 0
car 0.0 0 0 225 320 238 331 0 0 0 0 0 0 0
car 0.0 0 0 56 165 72 181 0 0 0 0 0 0 0
car 0.0 0 0 0 18 20 36 0 0 0 0 0 0 0
car 0.0 0 0 116 203 126 220 0 0 0 0 0 0 0
car 0.0 0 0 17 149 36 164 0 0 0 0 0 0 0
