car 0.0 0 0 128 100 144 119 0 0 0 0 0 0 0
car 0.0 0 0 63 141 77 154 0 0 0 0 0 0 0
car 0.0 0 0 68 157 80 171 0 0 0 0 0 0 0
car 0.0 0 0 71 230 87 253 0 0 0 0 0 0 0
car 0.0 0 0 67 195 78 208 0 0 0 0 0 0 0
car 0.0 0 0 29 9 43 25 0 0 0 0 0 0 0
car 0.0 0 0 29 26 42 42 0 0 0 0 0 0 0
car 0.0 0 0 29 41 44 55 0 0 0 0 0 0 0
car 0.0 0 0 147 285 166 294 0 0 0 0 0 0 0
car 0.0 0 0 81 306 92 320 0 0 0 0 0 0 0
car 0.526315789474 0 0 76 343 89 352 0 0 0 0 0 0 0
car 0.0 0 0 52 334 73 343 0 0 0 0 0 0 0
car 0.0 0 0 122 38 141 70 0 0 0 0 0 0 0
car 0.0 0 0 163 180 174 194 0 0 0 0 0 0 0
car 0.0 0 0 133 181 142 196 0 0 0 0 0 0 0
car 0.0 0 0 151 229 158 243 0 0 0 0 0 0 0
car 0.0 0 0 134 206 142 224 0 0 0 0 0 0 0
car 0.428571428571 0 0 169 344 177 352 0 0 0 0 0 0 0
car 0.0 0 0 133 240 148 259 0 0 0 0 0 0 0
car 0.0 0 0 115 101 127 120 0 0 0 0 0 0 0
car 0.0 0 0 132 314 152 327 0 0 0 0 0 0 0
car 0.0 0 0 167 288 183 309 0 0 0 0 0 0 0
car 0.0 0 0 133 133 143 150 0 0 0 0 0 0 0
car 0.0 0 0 173 310 185 329 0 0 0 0 0 0 0
car 0.0 0 0 125 303 137 317 0 0 0 0 0 0 0
car 0.0 0 0 151 206 157 220 0 0 0 0 0 0 0
