car 0.0 0 0 319 302 339 313 0 0 0 0 0 0 0
car 0.0 0 0 223 259 238 273 0 0 0 0 0 0 0
car 0.0 0 0 238 259 249 275 0 0 0 0 0 0 0
car 0.0 0 0 246 257 260 275 0 0 0 0 0 0 0
car 0.0 0 0 260 256 274 270 0 0 0 0 0 0 0
car 0.0 0 0 279 257 292 270 0 0 0 0 0 0 0
car 0.0 0 0 289 258 300 269 0 0 0 0 0 0 0
car 0.0 0 0 329 243 346 251 0 0 0 0 0 0 0
car 0.0 0 0 326 268 342 276 0 0 0 0 0 0 0
car 0.0 0 0 322 276 342 285 0 0 0 0 0 0 0
car 0.0 0 0 327 294 342 303 0 0 0 0 0 0 0
car 0.0 0 0 33 9 49 21 0 0 0 0 0 0 0
car 0.0 0 0 41 14 55 27 0 0 0 0 0 0 0
car 0.0 0 0 64 111 87 128 0 0 0 0 0 0 0
car 0.0 0 0 53 150 67 163 0 0 0 0 0 0 0
car 0.0 0 0 45 144 58 154 0 0 0 0 0 0 0
car 0.0 0 0 321 286 342 294 0 0 0 0 0 0 0
car 0.0 0 0 265 319 287 328 0 0 0 0 0 0 0
car 0.0 0 0 315 321 337 327 0 0 0 0 0 0 0
car 0.0 0 0 21 173 38 190 0 0 0 0 0 0 0
car 0.0 0 0 330 258 344 270 0 0 0 0 0 0 0
car 0.0 0 0 291 181 299 198 0 0 0 0 0 0 0
car 0.0 0 0 317 340 340 350 0 0 0 0 0 0 0
car 0.0 0 0 264 175 277 202 0 0 0 0 0 0 0
