car 0.0 0 0 75 63 110 78 0 0 0 0 0 0 0
car 0.0 0 0 187 50 224 66 0 0 0 0 0 0 0
car 0.0 0 0 224 99 238 111 0 0 0 0 0 0 0
car 0.0 0 0 89 92 114 105 0 0 0 0 0 0 0
car 0.0 0 0 252 78 274 88 0 0 0 0 0 0 0
car 0.434782608696 0 0 0 87 13 98 0 0 0 0 0 0 0
car 0.0 0 0 151 70 174 79 0 0 0 0 0 0 0
car 0.0 0 0 95 54 114 62 0 0 0 0 0 0 0
car 0.0 0 0 209 67 233 76 0 0 0 0 0 0 0
car 0.0 0 0 207 110 224 122 0 0 0 0 0 0 0
car 0.0 0 0 26 101 41 110 0 0 0 0 0 0 0
car 0.0 0 0 306 73 327 82 0 0 0 0 0 0 0
car 0.0 0 0 63 40 84 50 0 0 0 0 0 0 0
car 0.0 0 0 134 107 153 115 0 0 0 0 0 0 0
car 0.0 0 0 286 121 311 131 0 0 0 0 0 0 0
