car 0.0 0 0 249 217 263 238 0 0 0 0 0 0 0
car 0.0 0 0 237 264 254 285 0 0 0 0 0 0 0
car 0.0 0 0 247 243 261 258 0 0 0 0 0 0 0
car 0.0 0 0 241 161 255 180 0 0 0 0 0 0 0
car 0.0 0 0 101 83 133 97 0 0 0 0 0 0 0
car 0.0 0 0 234 306 246 327 0 0 0 0 0 0 0
car 0.0 0 0 17 77 39 87 0 0 0 0 0 0 0
car 0.0 0 0 237 209 248 224 0 0 0 0 0 0 0
car 0.0 0 0 237 290 259 308 0 0 0 0 0 0 0
car 0.0 0 0 288 101 306 112 0 0 0 0 0 0 0
car 0.888888888889 0 0 258 0 275 2 0 0 0 0 0 0 0
car 0.0 0 0 69 67 96 82 0 0 0 0 0 0 0
car 0.0 0 0 314 87 337 98 0 0 0 0 0 0 0
car 0.0 0 0 255 156 270 212 0 0 0 0 0 0 0
car 0.866666666667 0 0 350 101 352 110 0 0 0 0 0 0 0
car 0.0 0 0 156 98 178 106 0 0 0 0 0 0 0
