car 0.0 0 0 34 140 44 157 0 0 0 0 0 0 0
car 0.0 0 0 5 320 22 333 0 0 0 0 0 0 0
car 0.0 0 0 294 335 307 348 0 0 0 0 0 0 0
car 0.0 0 0 42 9 55 21 0 0 0 0 0 0 0
car 0.0 0 0 50 13 63 25 0 0 0 0 0 0 0
car 0.0 0 0 39 24 51 36 0 0 0 0 0 0 0
car 0.0 0 0 278 19 294 35 0 0 0 0 0 0 0
car 0.0 0 0 35 156 46 168 0 0 0 0 0 0 0
car 0.0 0 0 20 3 33 17 0 0 0 0 0 0 0
car 0.0 0 0 12 9 28 22 0 0 0 0 0 0 0
car 0.0 0 0 95 11 110 25 0 0 0 0 0 0 0
car 0.0 0 0 77 51 91 62 0 0 0 0 0 0 0
car 0.0 0 0 137 61 153 73 0 0 0 0 0 0 0
car 0.0 0 0 143 70 159 84 0 0 0 0 0 0 0
car 0.0 0 0 145 80 161 93 0 0 0 0 0 0 0
car 0.0 0 0 37 169 48 183 0 0 0 0 0 0 0
car 0.0 0 0 42 206 53 222 0 0 0 0 0 0 0
car 0.0 0 0 46 223 54 237 0 0 0 0 0 0 0
car 0.0 0 0 14 263 24 277 0 0 0 0 0 0 0
car 0.0 0 0 25 261 34 276 0 0 0 0 0 0 0
car 0.0 0 0 50 254 60 266 0 0 0 0 0 0 0
car 0.0 0 0 52 282 63 299 0 0 0 0 0 0 0
car 0.0 0 0 255 50 271 63 0 0 0 0 0 0 0
car 0.0 0 0 174 69 190 83 0 0 0 0 0 0 0
car 0.0 0 0 36 311 52 323 0 0 0 0 0 0 0
car 0.588235294118 0 0 345 173 352 190 0 0 0 0 0 0 0
