car 0.0 0 0 108 324 123 342 0 0 0 0 0 0 0
car 0.0 0 0 121 297 136 320 0 0 0 0 0 0 0
car 0.0 0 0 139 257 151 276 0 0 0 0 0 0 0
car 0.0 0 0 125 224 138 242 0 0 0 0 0 0 0
car 0.0 0 0 153 97 165 114 0 0 0 0 0 0 0
car 0.0 0 0 154 48 167 66 0 0 0 0 0 0 0
car 0.0 0 0 119 67 130 82 0 0 0 0 0 0 0
car 0.0 0 0 133 113 142 125 0 0 0 0 0 0 0
car 0.3 0 0 132 0 144 14 0 0 0 0 0 0 0
car 0.0 0 0 131 17 141 34 0 0 0 0 0 0 0
car 0.0 0 0 126 274 132 292 0 0 0 0 0 0 0
car 0.0 0 0 128 130 138 152 0 0 0 0 0 0 0
car 0.0 0 0 103 243 127 276 0 0 0 0 0 0 0
car 0.0 0 0 114 226 124 243 0 0 0 0 0 0 0
car 0.0 0 0 109 300 119 320 0 0 0 0 0 0 0
car 0.0 0 0 112 147 127 176 0 0 0 0 0 0 0
car 0.0 0 0 130 48 141 61 0 0 0 0 0 0 0
car 0.0 0 0 114 177 145 209 0 0 0 0 0 0 0
car 0.0 0 0 124 331 131 348 0 0 0 0 0 0 0
car 0.0 0 0 119 115 126 135 0 0 0 0 0 0 0
car 0.0 0 0 128 78 141 107 0 0 0 0 0 0 0
car 0.0 0 0 126 240 135 260 0 0 0 0 0 0 0
car 0.0 0 0 243 300 276 323 0 0 0 0 0 0 0
