car 0.0 0 0 33 316 54 324 0 0 0 0 0 0 0
car 0.0 0 0 144 321 159 331 0 0 0 0 0 0 0
car 0.0 0 0 307 333 321 340 0 0 0 0 0 0 0
car 0.0 0 0 258 256 271 265 0 0 0 0 0 0 0
car 0.0 0 0 87 308 103 315 0 0 0 0 0 0 0
car 0.117647058824 0 0 0 312 15 320 0 0 0 0 0 0 0
car 0.0 0 0 96 321 113 330 0 0 0 0 0 0 0
car 0.0 0 0 58 288 74 297 0 0 0 0 0 0 0
car 0.0 0 0 230 283 250 292 0 0 0 0 0 0 0
car 0.5 0 0 304 348 320 352 0 0 0 0 0 0 0
car 0.0 0 0 11 299 31 310 0 0 0 0 0 0 0
car 0.0 0 0 145 303 161 309 0 0 0 0 0 0 0
car 0.75 0 0 0 333 4 338 0 0 0 0 0 0 0
car 0.0 0 0 150 343 166 351 0 0 0 0 0 0 0
car 0.0 0 0 39 287 57 295 0 0 0 0 0 0 0
car 0.0 0 0 56 299 74 307 0 0 0 0 0 0 0
car 0.0 0 0 177 325 223 337 0 0 0 0 0 0 0
car 0.0 0 0 252 299 272 305 0 0 0 0 0 0 0
