car 0.0 0 0 279 114 291 133 0 0 0 0 0 0 0
car 0.0 0 0 235 279 245 297 0 0 0 0 0 0 0
car 0.0 0 0 229 25 250 33 0 0 0 0 0 0 0
car 0.0 0 0 282 95 293 112 0 0 0 0 0 0 0
car 0.0 0 0 277 191 288 210 0 0 0 0 0 0 0
car 0.4 0 0 132 0 149 6 0 0 0 0 0 0 0
car 0.0 0 0 51 25 70 34 0 0 0 0 0 0 0
car 0.0 0 0 288 148 302 153 0 0 0 0 0 0 0
car 0.0 0 0 126 29 147 39 0 0 0 0 0 0 0
car 0.0 0 0 311 27 331 37 0 0 0 0 0 0 0
car 0.0 0 0 87 26 106 37 0 0 0 0 0 0 0
car 0.0909090909091 0 0 181 0 201 10 0 0 0 0 0 0 0
car 0.0 0 0 326 154 340 160 0 0 0 0 0 0 0
car 0.0 0 0 235 5 254 13 0 0 0 0 0 0 0
