car 0.0 0 0 125 162 131 178 0 0 0 0 0 0 0
car 0.0 0 0 10 280 25 291 0 0 0 0 0 0 0
car 0.0 0 0 48 253 57 273 0 0 0 0 0 0 0
car 0.0 0 0 137 258 146 274 0 0 0 0 0 0 0
car 0.0 0 0 154 219 162 236 0 0 0 0 0 0 0
car 0.0 0 0 88 321 103 332 0 0 0 0 0 0 0
car 0.0 0 0 58 178 66 194 0 0 0 0 0 0 0
car 0.0 0 0 68 169 77 185 0 0 0 0 0 0 0
car 0.0 0 0 173 272 182 286 0 0 0 0 0 0 0
car 0.0 0 0 115 277 123 295 0 0 0 0 0 0 0
car 0.0 0 0 152 201 158 215 0 0 0 0 0 0 0
car 0.0 0 0 157 202 166 218 0 0 0 0 0 0 0
car 0.0 0 0 195 273 209 281 0 0 0 0 0 0 0
car 0.0 0 0 307 30 326 54 0 0 0 0 0 0 0
car 0.0 0 0 76 173 83 189 0 0 0 0 0 0 0
car 0.0 0 0 20 228 35 244 0 0 0 0 0 0 0
car 0.0 0 0 26 212 39 228 0 0 0 0 0 0 0
car 0.0 0 0 13 214 26 231 0 0 0 0 0 0 0
car 0.0 0 0 177 321 194 332 0 0 0 0 0 0 0
car 0.0 0 0 160 297 168 313 0 0 0 0 0 0 0
car 0.0 0 0 117 159 125 175 0 0 0 0 0 0 0
car 0.0 0 0 102 153 110 168 0 0 0 0 0 0 0
car 0.0 0 0 125 236 135 252 0 0 0 0 0 0 0
car 0.0 0 0 146 216 155 233 0 0 0 0 0 0 0
car 0.0 0 0 341 273 349 291 0 0 0 0 0 0 0
car 0.0 0 0 173 219 183 242 0 0 0 0 0 0 0
car 0.0 0 0 87 147 95 163 0 0 0 0 0 0 0
car 0.0 0 0 108 246 115 263 0 0 0 0 0 0 0
car 0.0 0 0 65 215 75 229 0 0 0 0 0 0 0
car 0.0 0 0 158 267 167 282 0 0 0 0 0 0 0
car 0.0 0 0 193 329 207 338 0 0 0 0 0 0 0
car 0.0 0 0 98 182 108 197 0 0 0 0 0 0 0
car 0.0 0 0 143 261 152 276 0 0 0 0 0 0 0
car 0.0 0 0 147 244 156 262 0 0 0 0 0 0 0
car 0.0 0 0 110 229 119 246 0 0 0 0 0 0 0
car 0.0 0 0 331 176 346 220 0 0 0 0 0 0 0
car 0.0 0 0 78 267 87 283 0 0 0 0 0 0 0
car 0.0 0 0 77 233 86 248 0 0 0 0 0 0 0
car 0.0 0 0 50 210 59 225 0 0 0 0 0 0 0
car 0.0 0 0 90 240 103 260 0 0 0 0 0 0 0
car 0.0 0 0 118 233 126 250 0 0 0 0 0 0 0
car 0.0 0 0 193 283 208 290 0 0 0 0 0 0 0
car 0.0 0 0 86 329 100 341 0 0 0 0 0 0 0
car 0.0 0 0 114 249 123 266 0 0 0 0 0 0 0
car 0.0 0 0 171 252 179 268 0 0 0 0 0 0 0
car 0.0 0 0 140 212 146 229 0 0 0 0 0 0 0
car 0.0 0 0 29 162 41 179 0 0 0 0 0 0 0
car 0.0 0 0 95 150 103 166 0 0 0 0 0 0 0
car 0.0 0 0 316 284 339 332 0 0 0 0 0 0 0
car 0.0 0 0 175 181 187 198 0 0 0 0 0 0 0
car 0.0 0 0 96 290 112 301 0 0 0 0 0 0 0
car 0.0 0 0 110 155 117 170 0 0 0 0 0 0 0
car 0.0 0 0 34 249 41 263 0 0 0 0 0 0 0
car 0.0 0 0 156 249 163 265 0 0 0 0 0 0 0
car 0.0 0 0 132 164 140 179 0 0 0 0 0 0 0
car 0.0 0 0 167 268 175 285 0 0 0 0 0 0 0
car 0.833333333333 0 0 337 348 346 352 0 0 0 0 0 0 0
car 0.0 0 0 84 191 96 208 0 0 0 0 0 0 0
car 0.0 0 0 58 213 67 227 0 0 0 0 0 0 0
car 0.0 0 0 129 285 139 300 0 0 0 0 0 0 0
car 0.0 0 0 126 206 132 225 0 0 0 0 0 0 0
car 0.0 0 0 73 142 80 156 0 0 0 0 0 0 0
car 0.0 0 0 95 226 105 241 0 0 0 0 0 0 0
car 0.0 0 0 71 189 82 204 0 0 0 0 0 0 0
car 0.0 0 0 131 242 140 258 0 0 0 0 0 0 0
car 0.0 0 0 309 147 319 167 0 0 0 0 0 0 0
car 0.823529411765 0 0 319 349 328 352 0 0 0 0 0 0 0
car 0.0 0 0 80 145 87 162 0 0 0 0 0 0 0
car 0.0 0 0 67 281 84 291 0 0 0 0 0 0 0
car 0.0 0 0 70 262 79 278 0 0 0 0 0 0 0
car 0.0 0 0 160 316 176 327 0 0 0 0 0 0 0
car 0.0 0 0 137 198 143 212 0 0 0 0 0 0 0
car 0.0 0 0 24 177 35 196 0 0 0 0 0 0 0
car 0.0 0 0 40 252 49 269 0 0 0 0 0 0 0
car 0.0 0 0 87 222 97 241 0 0 0 0 0 0 0
car 0.0 0 0 136 287 146 302 0 0 0 0 0 0 0
car 0.0 0 0 84 340 101 346 0 0 0 0 0 0 0
car 0.0 0 0 300 294 306 302 0 0 0 0 0 0 0
car 0.0 0 0 55 258 65 274 0 0 0 0 0 0 0
car 0.0 0 0 71 228 79 247 0 0 0 0 0 0 0
car 0.0 0 0 121 253 132 269 0 0 0 0 0 0 0
car 0.0 0 0 143 289 154 305 0 0 0 0 0 0 0
car 0.0 0 0 45 227 56 240 0 0 0 0 0 0 0
car 0.0 0 0 128 257 137 272 0 0 0 0 0 0 0
car 0.0 0 0 142 200 152 213 0 0 0 0 0 0 0
car 0.0 0 0 132 212 140 227 0 0 0 0 0 0 0
car 0.0 0 0 61 260 71 274 0 0 0 0 0 0 0
car 0.0 0 0 146 167 154 183 0 0 0 0 0 0 0
car 0.0 0 0 63 186 74 202 0 0 0 0 0 0 0
car 0.0 0 0 152 171 163 186 0 0 0 0 0 0 0
car 0.0 0 0 167 178 177 193 0 0 0 0 0 0 0
car 0.333333333333 0 0 78 344 94 352 0 0 0 0 0 0 0
car 0.0 0 0 82 173 92 189 0 0 0 0 0 0 0
car 0.0 0 0 192 291 208 298 0 0 0 0 0 0 0
car 0.0 0 0 153 292 161 310 0 0 0 0 0 0 0
car 0.0 0 0 113 199 129 225 0 0 0 0 0 0 0
car 0.0 0 0 27 287 43 298 0 0 0 0 0 0 0
car 0.0 0 0 162 252 172 267 0 0 0 0 0 0 0
car 0.0 0 0 336 307 345 325 0 0 0 0 0 0 0
car 0.0 0 0 57 229 67 242 0 0 0 0 0 0 0
car 0.0 0 0 140 242 148 260 0 0 0 0 0 0 0
car 0.0 0 0 308 186 317 201 0 0 0 0 0 0 0
