car 1.0 0 0 33 0 54 0 0 0 0 0 0 0 0
car 0.3 0 0 144 0 159 7 0 0 0 0 0 0 0
car 0.0 0 0 307 9 321 16 0 0 0 0 0 0 0
car 0.0 0 0 0 207 17 215 0 0 0 0 0 0 0
car 0.0 0 0 52 73 59 87 0 0 0 0 0 0 0
car 0.0 0 0 70 75 77 88 0 0 0 0 0 0 0
car 0.0 0 0 28 73 38 86 0 0 0 0 0 0 0
car 0.0 0 0 104 79 119 86 0 0 0 0 0 0 0
car 0.333333333333 0 0 96 0 113 6 0 0 0 0 0 0 0
car 0.0 0 0 304 24 320 32 0 0 0 0 0 0 0
car 0.75 0 0 0 9 4 14 0 0 0 0 0 0 0
car 0.0 0 0 150 19 166 27 0 0 0 0 0 0 0
car 0.0 0 0 177 1 223 13 0 0 0 0 0 0 0
