car 0.0 0 0 284 225 292 240 0 0 0 0 0 0 0
car 0.0 0 0 274 226 282 240 0 0 0 0 0 0 0
car 0.0 0 0 262 158 270 173 0 0 0 0 0 0 0
car 0.0 0 0 280 287 287 302 0 0 0 0 0 0 0
car 0.0 0 0 244 43 259 55 0 0 0 0 0 0 0
car 0.0 0 0 94 301 100 319 0 0 0 0 0 0 0
car 0.0 0 0 310 306 323 320 0 0 0 0 0 0 0
car 0.0 0 0 290 165 300 182 0 0 0 0 0 0 0
car 0.0 0 0 287 201 295 218 0 0 0 0 0 0 0
car 0.0 0 0 264 137 274 157 0 0 0 0 0 0 0
car 0.0 0 0 279 259 289 275 0 0 0 0 0 0 0
car 0.0 0 0 54 71 71 84 0 0 0 0 0 0 0
car 0.0 0 0 277 306 284 322 0 0 0 0 0 0 0
car 0.0 0 0 228 207 240 228 0 0 0 0 0 0 0
car 0.0 0 0 266 323 272 339 0 0 0 0 0 0 0
car 0.0 0 0 174 246 187 262 0 0 0 0 0 0 0
car 0.0 0 0 140 81 173 88 0 0 0 0 0 0 0
car 0.0 0 0 187 176 199 204 0 0 0 0 0 0 0
car 0.0 0 0 327 239 337 254 0 0 0 0 0 0 0
car 0.0 0 0 172 270 179 283 0 0 0 0 0 0 0
car 0.0 0 0 279 135 294 158 0 0 0 0 0 0 0
