car 0.0 0 0 16 296 31 303 0 0 0 0 0 0 0
car 0.0 0 0 169 205 177 220 0 0 0 0 0 0 0
car 0.0 0 0 322 312 339 320 0 0 0 0 0 0 0
car 0.0 0 0 61 277 77 285 0 0 0 0 0 0 0
car 0.0 0 0 282 331 300 337 0 0 0 0 0 0 0
car 0.0 0 0 167 301 188 309 0 0 0 0 0 0 0
car 0.0 0 0 273 192 292 203 0 0 0 0 0 0 0
car 0.0 0 0 306 249 319 267 0 0 0 0 0 0 0
car 0.0 0 0 61 50 70 72 0 0 0 0 0 0 0
car 0.15 0 0 335 299 352 310 0 0 0 0 0 0 0
car 0.0 0 0 266 329 281 335 0 0 0 0 0 0 0
car 0.0 0 0 117 83 130 99 0 0 0 0 0 0 0
car 0.0 0 0 246 199 256 212 0 0 0 0 0 0 0
car 0.0 0 0 301 194 312 207 0 0 0 0 0 0 0
car 0.0 0 0 313 217 321 233 0 0 0 0 0 0 0
car 0.0 0 0 312 333 328 338 0 0 0 0 0 0 0
car 0.0 0 0 309 233 320 249 0 0 0 0 0 0 0
car 0.0 0 0 36 283 65 295 0 0 0 0 0 0 0
car 0.0 0 0 11 113 30 129 0 0 0 0 0 0 0
car 0.0 0 0 137 300 156 307 0 0 0 0 0 0 0
car 0.0 0 0 250 311 271 318 0 0 0 0 0 0 0
car 0.0 0 0 71 284 88 295 0 0 0 0 0 0 0
car 0.0 0 0 242 223 253 239 0 0 0 0 0 0 0
car 0.0 0 0 103 300 125 307 0 0 0 0 0 0 0
