car 0.0 0 0 290 52 304 59 0 0 0 0 0 0 0
car 0.0 0 0 306 62 323 70 0 0 0 0 0 0 0
car 0.0 0 0 305 70 321 78 0 0 0 0 0 0 0
car 0.0 0 0 307 79 323 86 0 0 0 0 0 0 0
car 0.0 0 0 301 107 318 114 0 0 0 0 0 0 0
car 0.0 0 0 299 126 318 133 0 0 0 0 0 0 0
car 0.0 0 0 258 160 273 170 0 0 0 0 0 0 0
car 0.0 0 0 257 176 272 187 0 0 0 0 0 0 0
car 0.0 0 0 254 193 271 204 0 0 0 0 0 0 0
car 0.0 0 0 299 157 316 164 0 0 0 0 0 0 0
car 0.0 0 0 283 173 298 180 0 0 0 0 0 0 0
car 0.0 0 0 297 174 314 181 0 0 0 0 0 0 0
car 0.0 0 0 296 189 314 197 0 0 0 0 0 0 0
car 0.0 0 0 324 207 341 215 0 0 0 0 0 0 0
car 0.0 0 0 282 7 300 13 0 0 0 0 0 0 0
car 0.0 0 0 155 304 163 319 0 0 0 0 0 0 0
car 0.0 0 0 140 303 148 319 0 0 0 0 0 0 0
car 0.0 0 0 266 5 281 11 0 0 0 0 0 0 0
car 0.0 0 0 312 9 328 14 0 0 0 0 0 0 0
car 0.0 0 0 174 272 182 290 0 0 0 0 0 0 0
car 0.0 0 0 131 304 138 320 0 0 0 0 0 0 0
car 0.0 0 0 182 275 191 292 0 0 0 0 0 0 0
car 0.0 0 0 224 223 232 238 0 0 0 0 0 0 0
car 0.0 0 0 149 272 159 289 0 0 0 0 0 0 0
