car 0.0 0 0 255 264 270 271 0 0 0 0 0 0 0
car 0.0 0 0 154 305 174 314 0 0 0 0 0 0 0
car 0.0 0 0 134 299 140 308 0 0 0 0 0 0 0
car 0.0 0 0 144 298 155 310 0 0 0 0 0 0 0
car 0.0 0 0 296 217 305 233 0 0 0 0 0 0 0
car 0.0 0 0 273 277 281 296 0 0 0 0 0 0 0
car 0.625 0 0 229 349 250 352 0 0 0 0 0 0 0
car 0.0 0 0 287 13 297 33 0 0 0 0 0 0 0
car 0.0 0 0 132 320 149 330 0 0 0 0 0 0 0
car 0.666666666667 0 0 51 349 70 352 0 0 0 0 0 0 0
car 0.9 0 0 311 351 331 352 0 0 0 0 0 0 0
car 0.818181818182 0 0 87 350 106 352 0 0 0 0 0 0 0
car 0.0 0 0 272 198 282 221 0 0 0 0 0 0 0
car 0.0 0 0 181 323 201 334 0 0 0 0 0 0 0
car 0.0 0 0 273 176 282 192 0 0 0 0 0 0 0
car 0.0 0 0 209 301 215 315 0 0 0 0 0 0 0
car 0.0 0 0 235 329 254 337 0 0 0 0 0 0 0
