car 0.0 0 0 74 275 94 290 0 0 0 0 0 0 0
car 0.0 0 0 106 233 124 243 0 0 0 0 0 0 0
car 0.0 0 0 193 290 208 306 0 0 0 0 0 0 0
car 0.0 0 0 30 175 47 188 0 0 0 0 0 0 0
car 0.533333333333 0 0 142 0 154 7 0 0 0 0 0 0 0
car 0.0 0 0 173 24 187 39 0 0 0 0 0 0 0
car 0.0 0 0 207 74 220 90 0 0 0 0 0 0 0
car 0.0 0 0 167 341 183 352 0 0 0 0 0 0 0
car 0.0 0 0 209 304 225 315 0 0 0 0 0 0 0
car 0.0 0 0 223 314 241 329 0 0 0 0 0 0 0
car 0.0 0 0 222 90 236 104 0 0 0 0 0 0 0
car 0.0 0 0 18 160 33 174 0 0 0 0 0 0 0
car 0.0 0 0 51 185 64 201 0 0 0 0 0 0 0
car 0.0 0 0 30 237 48 257 0 0 0 0 0 0 0
