car 1.0 0 0 0 330 0 352 0 0 0 0 0 0 0
car 0.0 0 0 342 112 350 125 0 0 0 0 0 0 0
car 0.0 0 0 297 139 315 145 0 0 0 0 0 0 0
car 0.0 0 0 339 195 349 211 0 0 0 0 0 0 0
car 0.0 0 0 342 25 350 36 0 0 0 0 0 0 0
car 0.0 0 0 83 289 98 296 0 0 0 0 0 0 0
car 0.0 0 0 214 259 262 279 0 0 0 0 0 0 0
car 0.4 0 0 147 346 168 352 0 0 0 0 0 0 0
car 0.818181818182 0 0 83 350 100 352 0 0 0 0 0 0 0
car 0.0 0 0 18 321 39 330 0 0 0 0 0 0 0
car 0.0 0 0 292 212 304 223 0 0 0 0 0 0 0
car 0.0 0 0 299 131 315 137 0 0 0 0 0 0 0
car 0.0 0 0 341 163 348 180 0 0 0 0 0 0 0
car 0.466666666667 0 0 48 344 67 352 0 0 0 0 0 0 0
car 0.0 0 0 178 330 204 347 0 0 0 0 0 0 0
car 0.0 0 0 303 187 312 203 0 0 0 0 0 0 0
