car 0.0 0 0 296 193 352 223 0 0 0 0 0 0 0
car 0.0 0 0 122 69 141 80 0 0 0 0 0 0 0
car 0.0 0 0 116 81 132 90 0 0 0 0 0 0 0
car 0.0 0 0 3 26 23 40 0 0 0 0 0 0 0
car 0.306451612903 0 0 309 24 352 64 0 0 0 0 0 0 0
car 0.0 0 0 288 147 311 160 0 0 0 0 0 0 0
car 0.0 0 0 233 169 251 182 0 0 0 0 0 0 0
car 0.0 0 0 206 128 223 141 0 0 0 0 0 0 0
car 0.2 0 0 336 179 352 197 0 0 0 0 0 0 0
car 0.0 0 0 200 153 218 165 0 0 0 0 0 0 0
car 0.0 0 0 52 50 68 63 0 0 0 0 0 0 0
car 0.0 0 0 67 43 80 56 0 0 0 0 0 0 0
car 0.0 0 0 243 137 258 151 0 0 0 0 0 0 0
car 0.0 0 0 151 112 166 123 0 0 0 0 0 0 0
car 0.0 0 0 307 184 323 194 0 0 0 0 0 0 0
car 0.0 0 0 211 111 226 120 0 0 0 0 0 0 0
car 0.0 0 0 272 203 290 217 0 0 0 0 0 0 0
car 0.0 0 0 35 64 52 75 0 0 0 0 0 0 0
car 0.0 0 0 99 83 122 100 0 0 0 0 0 0 0
car 0.0 0 0 29 50 45 63 0 0 0 0 0 0 0
