car 0.0 0 0 167 317 185 331 0 0 0 0 0 0 0
car 0.0 0 0 138 326 160 342 0 0 0 0 0 0 0
car 0.0 0 0 264 130 282 146 0 0 0 0 0 0 0
car 0.0 0 0 246 131 264 142 0 0 0 0 0 0 0
car 0.0 0 0 77 102 87 111 0 0 0 0 0 0 0
car 0.0 0 0 235 145 251 155 0 0 0 0 0 0 0
car 0.0 0 0 117 4 131 19 0 0 0 0 0 0 0
car 0.0 0 0 294 177 308 192 0 0 0 0 0 0 0
car 0.0 0 0 231 211 246 227 0 0 0 0 0 0 0
car 0.0 0 0 2 44 19 54 0 0 0 0 0 0 0
car 0.0 0 0 18 208 36 223 0 0 0 0 0 0 0
car 0.0 0 0 60 34 74 48 0 0 0 0 0 0 0
car 0.0 0 0 107 43 122 54 0 0 0 0 0 0 0
car 0.0 0 0 15 195 43 215 0 0 0 0 0 0 0
car 0.0 0 0 119 52 129 63 0 0 0 0 0 0 0
car 0.0 0 0 284 160 300 174 0 0 0 0 0 0 0
car 0.0 0 0 45 234 61 246 0 0 0 0 0 0 0
car 0.0 0 0 208 195 223 202 0 0 0 0 0 0 0
car 0.0 0 0 248 202 259 215 0 0 0 0 0 0 0
car 0.0 0 0 240 11 253 18 0 0 0 0 0 0 0
car 0.0 0 0 241 137 258 149 0 0 0 0 0 0 0
car 0.0 0 0 77 39 88 48 0 0 0 0 0 0 0
car 0.0 0 0 63 49 76 61 0 0 0 0 0 0 0
car 0.0 0 0 124 146 136 155 0 0 0 0 0 0 0
car 0.0 0 0 43 199 57 213 0 0 0 0 0 0 0
car 0.0 0 0 252 194 266 208 0 0 0 0 0 0 0
car 0.0 0 0 255 212 269 229 0 0 0 0 0 0 0
car 0.0 0 0 303 174 315 185 0 0 0 0 0 0 0
car 0.0 0 0 282 192 295 205 0 0 0 0 0 0 0
car 0.0 0 0 258 209 274 220 0 0 0 0 0 0 0
car 0.0 0 0 287 185 300 197 0 0 0 0 0 0 0
car 0.0 0 0 194 44 209 55 0 0 0 0 0 0 0
car 0.0 0 0 56 268 69 278 0 0 0 0 0 0 0
car 0.0 0 0 26 89 39 99 0 0 0 0 0 0 0
car 0.0 0 0 238 234 249 245 0 0 0 0 0 0 0
car 0.0 0 0 71 85 81 96 0 0 0 0 0 0 0
car 0.0 0 0 78 80 89 89 0 0 0 0 0 0 0
car 0.0 0 0 212 188 228 197 0 0 0 0 0 0 0
car 0.0 0 0 68 92 78 102 0 0 0 0 0 0 0
car 0.0 0 0 124 45 138 55 0 0 0 0 0 0 0
car 0.0 0 0 83 72 96 83 0 0 0 0 0 0 0
car 0.0 0 0 11 216 28 232 0 0 0 0 0 0 0
car 0.0 0 0 34 225 46 235 0 0 0 0 0 0 0
car 0.0 0 0 77 21 92 30 0 0 0 0 0 0 0
car 0.0909090909091 0 0 123 0 140 10 0 0 0 0 0 0 0
car 0.0 0 0 279 174 290 188 0 0 0 0 0 0 0
car 0.0 0 0 61 117 71 125 0 0 0 0 0 0 0
car 0.0 0 0 156 107 168 121 0 0 0 0 0 0 0
car 0.666666666667 0 0 129 0 144 4 0 0 0 0 0 0 0
car 0.0 0 0 53 112 67 121 0 0 0 0 0 0 0
car 0.0 0 0 18 83 32 91 0 0 0 0 0 0 0
car 0.0 0 0 32 56 50 66 0 0 0 0 0 0 0
car 0.0 0 0 32 94 46 103 0 0 0 0 0 0 0
car 0.0 0 0 111 59 119 69 0 0 0 0 0 0 0
car 0.0 0 0 48 47 63 57 0 0 0 0 0 0 0
car 0.0 0 0 236 224 255 238 0 0 0 0 0 0 0
car 0.0 0 0 39 252 53 269 0 0 0 0 0 0 0
car 0.0 0 0 0 204 12 218 0 0 0 0 0 0 0
car 0.0 0 0 37 98 52 109 0 0 0 0 0 0 0
car 0.0 0 0 244 208 253 219 0 0 0 0 0 0 0
car 0.0 0 0 36 31 55 42 0 0 0 0 0 0 0
car 0.0 0 0 93 54 109 68 0 0 0 0 0 0 0
car 0.0 0 0 24 280 40 293 0 0 0 0 0 0 0
car 0.0 0 0 249 220 260 232 0 0 0 0 0 0 0
car 0.0 0 0 264 190 275 201 0 0 0 0 0 0 0
car 0.0 0 0 198 36 216 45 0 0 0 0 0 0 0
car 0.0 0 0 162 331 181 347 0 0 0 0 0 0 0
car 0.0 0 0 58 57 69 67 0 0 0 0 0 0 0
car 0.0 0 0 18 37 36 50 0 0 0 0 0 0 0
car 0.0 0 0 0 64 19 77 0 0 0 0 0 0 0
car 0.0 0 0 270 182 282 194 0 0 0 0 0 0 0
car 0.0 0 0 103 15 118 29 0 0 0 0 0 0 0
car 0.0 0 0 58 17 71 27 0 0 0 0 0 0 0
car 0.0 0 0 142 123 157 132 0 0 0 0 0 0 0
car 0.0 0 0 275 195 287 211 0 0 0 0 0 0 0
car 0.0 0 0 46 105 57 114 0 0 0 0 0 0 0
car 0.0 0 0 263 202 280 216 0 0 0 0 0 0 0
