car 0.0 0 0 153 174 171 188 0 0 0 0 0 0 0
car 0.0 0 0 166 183 183 196 0 0 0 0 0 0 0
car 0.0 0 0 204 255 219 267 0 0 0 0 0 0 0
car 0.0 0 0 304 298 322 311 0 0 0 0 0 0 0
car 0.0 0 0 318 312 334 322 0 0 0 0 0 0 0
car 0.0 0 0 11 55 27 68 0 0 0 0 0 0 0
car 0.0 0 0 145 132 155 142 0 0 0 0 0 0 0
car 0.0 0 0 87 86 101 99 0 0 0 0 0 0 0
car 0.0 0 0 140 75 158 87 0 0 0 0 0 0 0
car 0.0 0 0 150 90 169 101 0 0 0 0 0 0 0
car 0.0 0 0 173 114 188 125 0 0 0 0 0 0 0
car 0.0 0 0 184 124 200 134 0 0 0 0 0 0 0
car 0.0 0 0 146 136 162 146 0 0 0 0 0 0 0
car 0.0 0 0 274 315 288 327 0 0 0 0 0 0 0
car 0.0 0 0 94 93 105 101 0 0 0 0 0 0 0
car 0.0 0 0 41 80 54 90 0 0 0 0 0 0 0
car 0.0 0 0 238 256 251 266 0 0 0 0 0 0 0
car 0.0 0 0 62 96 74 103 0 0 0 0 0 0 0
car 0.0 0 0 29 67 41 77 0 0 0 0 0 0 0
car 0.0 0 0 257 281 273 294 0 0 0 0 0 0 0
car 0.0 0 0 70 105 88 116 0 0 0 0 0 0 0
car 0.0 0 0 109 135 127 147 0 0 0 0 0 0 0
car 0.0 0 0 159 98 171 106 0 0 0 0 0 0 0
car 0.0 0 0 248 292 273 310 0 0 0 0 0 0 0
car 0.0 0 0 170 111 180 121 0 0 0 0 0 0 0
car 0.0 0 0 41 236 53 247 0 0 0 0 0 0 0
car 0.0 0 0 170 212 184 222 0 0 0 0 0 0 0
car 0.0 0 0 187 241 202 253 0 0 0 0 0 0 0
car 0.0 0 0 195 234 207 242 0 0 0 0 0 0 0
car 0.0 0 0 141 97 157 109 0 0 0 0 0 0 0
car 0.0 0 0 222 268 238 281 0 0 0 0 0 0 0
car 0.0 0 0 225 231 236 240 0 0 0 0 0 0 0
car 0.0 0 0 156 190 166 198 0 0 0 0 0 0 0
car 0.0 0 0 129 83 142 97 0 0 0 0 0 0 0
car 0.0 0 0 306 341 320 352 0 0 0 0 0 0 0
car 0.0 0 0 171 228 184 238 0 0 0 0 0 0 0
car 0.0 0 0 219 240 238 256 0 0 0 0 0 0 0
car 0.0 0 0 46 113 59 127 0 0 0 0 0 0 0
car 0.0 0 0 203 227 218 236 0 0 0 0 0 0 0
car 0.0 0 0 101 98 112 106 0 0 0 0 0 0 0
car 0.0 0 0 136 70 148 76 0 0 0 0 0 0 0
car 0.0 0 0 25 247 38 257 0 0 0 0 0 0 0
car 0.0 0 0 182 206 193 218 0 0 0 0 0 0 0
car 0.0909090909091 0 0 0 274 10 282 0 0 0 0 0 0 0
car 0.0 0 0 4 266 14 276 0 0 0 0 0 0 0
car 0.0 0 0 212 248 226 258 0 0 0 0 0 0 0
car 0.0 0 0 109 106 117 112 0 0 0 0 0 0 0
car 0.0 0 0 164 102 178 112 0 0 0 0 0 0 0
car 0.266666666667 0 0 0 56 11 70 0 0 0 0 0 0 0
car 0.0 0 0 141 193 157 205 0 0 0 0 0 0 0
car 0.0 0 0 287 327 301 337 0 0 0 0 0 0 0
car 0.0 0 0 20 93 35 101 0 0 0 0 0 0 0
car 0.0 0 0 339 326 352 336 0 0 0 0 0 0 0
car 0.0 0 0 287 285 301 295 0 0 0 0 0 0 0
car 0.0 0 0 271 270 286 281 0 0 0 0 0 0 0
car 0.0 0 0 130 148 138 160 0 0 0 0 0 0 0
car 0.0 0 0 86 116 97 125 0 0 0 0 0 0 0
car 0.0 0 0 236 271 253 283 0 0 0 0 0 0 0
car 0.272727272727 0 0 0 180 8 188 0 0 0 0 0 0 0
car 0.230769230769 0 0 0 86 10 98 0 0 0 0 0 0 0
