car 0.0 0 0 334 91 351 100 0 0 0 0 0 0 0
car 0.0 0 0 296 175 307 197 0 0 0 0 0 0 0
car 0.0 0 0 265 4 280 9 0 0 0 0 0 0 0
car 0.823529411765 0 0 349 70 352 80 0 0 0 0 0 0 0
car 0.0 0 0 147 17 164 27 0 0 0 0 0 0 0
car 0.230769230769 0 0 342 86 352 92 0 0 0 0 0 0 0
car 0.0 0 0 248 145 263 164 0 0 0 0 0 0 0
car 0.0 0 0 219 100 235 107 0 0 0 0 0 0 0
car 0.0 0 0 267 152 281 173 0 0 0 0 0 0 0
car 0.0 0 0 255 16 272 23 0 0 0 0 0 0 0
car 0.0 0 0 260 149 269 171 0 0 0 0 0 0 0
car 0.0 0 0 266 119 280 128 0 0 0 0 0 0 0
car 0.0 0 0 277 163 290 178 0 0 0 0 0 0 0
car 0.692307692308 0 0 348 79 352 85 0 0 0 0 0 0 0
car 0.0 0 0 248 28 263 37 0 0 0 0 0 0 0
car 0.0 0 0 179 26 193 41 0 0 0 0 0 0 0
car 0.0 0 0 284 168 296 185 0 0 0 0 0 0 0
