car 0.0 0 0 312 340 330 351 0 0 0 0 0 0 0
car 0.0 0 0 200 281 221 293 0 0 0 0 0 0 0
car 0.0 0 0 74 226 93 238 0 0 0 0 0 0 0
car 0.0 0 0 51 231 71 244 0 0 0 0 0 0 0
car 0.0 0 0 49 243 67 255 0 0 0 0 0 0 0
car 0.0 0 0 222 246 252 264 0 0 0 0 0 0 0
car 0.0 0 0 267 311 288 323 0 0 0 0 0 0 0
car 0.0 0 0 22 203 40 215 0 0 0 0 0 0 0
car 0.0 0 0 184 10 204 21 0 0 0 0 0 0 0
car 0.0 0 0 145 246 162 255 0 0 0 0 0 0 0
car 0.0 0 0 6 209 23 225 0 0 0 0 0 0 0
car 0.0 0 0 65 146 81 157 0 0 0 0 0 0 0
car 0.0 0 0 299 309 317 324 0 0 0 0 0 0 0
car 0.0 0 0 105 243 129 257 0 0 0 0 0 0 0
car 0.0 0 0 65 167 86 179 0 0 0 0 0 0 0
car 0.0 0 0 7 181 25 196 0 0 0 0 0 0 0
car 0.0 0 0 85 247 115 263 0 0 0 0 0 0 0
car 0.0 0 0 180 291 219 309 0 0 0 0 0 0 0
car 0.0 0 0 141 173 184 201 0 0 0 0 0 0 0
