car 0.0 0 0 238 147 260 162 0 0 0 0 0 0 0
car 0.0 0 0 238 171 257 185 0 0 0 0 0 0 0
car 0.0 0 0 127 103 144 115 0 0 0 0 0 0 0
car 0.0 0 0 63 48 82 61 0 0 0 0 0 0 0
car 0.0 0 0 59 57 76 70 0 0 0 0 0 0 0
car 0.0 0 0 81 75 99 89 0 0 0 0 0 0 0
car 0.0 0 0 99 70 113 82 0 0 0 0 0 0 0
car 0.0 0 0 123 38 142 51 0 0 0 0 0 0 0
car 0.0 0 0 189 110 209 125 0 0 0 0 0 0 0
car 0.0 0 0 64 78 80 93 0 0 0 0 0 0 0
car 0.0 0 0 37 51 51 65 0 0 0 0 0 0 0
car 0.666666666667 0 0 346 203 352 215 0 0 0 0 0 0 0
car 0.0 0 0 157 91 175 102 0 0 0 0 0 0 0
car 0.0 0 0 100 12 118 25 0 0 0 0 0 0 0
car 0.0 0 0 330 209 347 225 0 0 0 0 0 0 0
car 0.0 0 0 23 13 40 24 0 0 0 0 0 0 0
car 0.0 0 0 64 2 78 16 0 0 0 0 0 0 0
car 0.0 0 0 1 34 20 43 0 0 0 0 0 0 0
car 0.0 0 0 268 177 289 196 0 0 0 0 0 0 0
car 0.0 0 0 259 94 277 109 0 0 0 0 0 0 0
car 0.0 0 0 154 102 172 113 0 0 0 0 0 0 0
car 0.0 0 0 16 18 35 31 0 0 0 0 0 0 0
car 0.0 0 0 280 169 302 186 0 0 0 0 0 0 0
car 0.0 0 0 113 65 131 75 0 0 0 0 0 0 0
car 0.0 0 0 237 160 253 169 0 0 0 0 0 0 0
car 0.0 0 0 292 131 312 147 0 0 0 0 0 0 0
car 0.0 0 0 121 86 138 100 0 0 0 0 0 0 0
car 0.0909090909091 0 0 0 29 20 47 0 0 0 0 0 0 0
car 0.0 0 0 65 38 79 50 0 0 0 0 0 0 0
car 0.0 0 0 33 48 53 67 0 0 0 0 0 0 0
car 0.0 0 0 331 181 349 196 0 0 0 0 0 0 0
car 0.0 0 0 207 144 221 157 0 0 0 0 0 0 0
