car 0.125 0 0 232 0 253 14 0 0 0 0 0 0 0
car 0.0 0 0 220 4 238 17 0 0 0 0 0 0 0
car 0.0 0 0 335 55 351 68 0 0 0 0 0 0 0
car 0.0 0 0 276 179 287 193 0 0 0 0 0 0 0
car 0.0 0 0 287 149 301 160 0 0 0 0 0 0 0
car 0.0 0 0 293 157 307 169 0 0 0 0 0 0 0
car 0.0 0 0 280 144 293 155 0 0 0 0 0 0 0
car 0.0 0 0 176 111 190 124 0 0 0 0 0 0 0
car 0.0 0 0 204 256 219 267 0 0 0 0 0 0 0
car 0.0 0 0 117 328 131 343 0 0 0 0 0 0 0
car 0.818181818182 0 0 34 0 51 2 0 0 0 0 0 0 0
car 0.0 0 0 161 245 174 259 0 0 0 0 0 0 0
car 0.0 0 0 213 251 228 263 0 0 0 0 0 0 0
car 0.0 0 0 138 264 152 272 0 0 0 0 0 0 0
car 0.0 0 0 207 177 226 192 0 0 0 0 0 0 0
car 0.0 0 0 315 281 323 289 0 0 0 0 0 0 0
car 0.0 0 0 194 70 209 87 0 0 0 0 0 0 0
car 0.0 0 0 149 286 166 299 0 0 0 0 0 0 0
car 0.0 0 0 170 57 187 70 0 0 0 0 0 0 0
car 0.0 0 0 190 84 206 97 0 0 0 0 0 0 0
car 0.0 0 0 170 97 188 107 0 0 0 0 0 0 0
car 0.0 0 0 240 335 253 342 0 0 0 0 0 0 0
car 0.0 0 0 257 122 272 140 0 0 0 0 0 0 0
car 0.0 0 0 273 137 286 151 0 0 0 0 0 0 0
car 0.0 0 0 299 56 313 64 0 0 0 0 0 0 0
car 0.0 0 0 175 137 186 146 0 0 0 0 0 0 0
car 0.0 0 0 159 173 170 184 0 0 0 0 0 0 0
car 0.0 0 0 145 259 160 269 0 0 0 0 0 0 0
car 0.0 0 0 250 197 261 208 0 0 0 0 0 0 0
car 0.0 0 0 279 50 292 59 0 0 0 0 0 0 0
car 0.0 0 0 140 307 159 317 0 0 0 0 0 0 0
car 0.0 0 0 209 197 223 214 0 0 0 0 0 0 0
car 0.0 0 0 185 199 198 213 0 0 0 0 0 0 0
car 0.0 0 0 166 69 181 83 0 0 0 0 0 0 0
car 0.0 0 0 202 80 215 94 0 0 0 0 0 0 0
car 0.0 0 0 249 0 263 13 0 0 0 0 0 0 0
car 0.0 0 0 302 163 314 173 0 0 0 0 0 0 0
car 0.0 0 0 269 17 284 28 0 0 0 0 0 0 0
car 0.0 0 0 161 47 175 59 0 0 0 0 0 0 0
car 0.0 0 0 147 301 164 311 0 0 0 0 0 0 0
car 0.0 0 0 150 68 164 79 0 0 0 0 0 0 0
car 0.0 0 0 184 68 197 84 0 0 0 0 0 0 0
car 0.0 0 0 286 28 300 40 0 0 0 0 0 0 0
car 0.0 0 0 185 144 198 152 0 0 0 0 0 0 0
car 0.0 0 0 190 237 203 250 0 0 0 0 0 0 0
car 0.0 0 0 119 87 133 101 0 0 0 0 0 0 0
car 0.0 0 0 264 36 280 52 0 0 0 0 0 0 0
car 0.0 0 0 209 163 225 176 0 0 0 0 0 0 0
car 0.0 0 0 40 21 55 38 0 0 0 0 0 0 0
car 0.0 0 0 203 119 219 128 0 0 0 0 0 0 0
car 0.0 0 0 168 130 180 142 0 0 0 0 0 0 0
car 0.0 0 0 149 159 161 172 0 0 0 0 0 0 0
car 0.0 0 0 237 189 252 199 0 0 0 0 0 0 0
car 0.0 0 0 87 31 100 43 0 0 0 0 0 0 0
car 0.0 0 0 248 120 262 137 0 0 0 0 0 0 0
car 0.0 0 0 238 145 248 154 0 0 0 0 0 0 0
car 0.0 0 0 202 227 218 239 0 0 0 0 0 0 0
car 0.0 0 0 233 213 248 226 0 0 0 0 0 0 0
car 0.0 0 0 69 47 80 62 0 0 0 0 0 0 0
car 0.75 0 0 202 0 217 2 0 0 0 0 0 0 0
car 0.0 0 0 188 105 201 115 0 0 0 0 0 0 0
car 0.0 0 0 100 306 115 318 0 0 0 0 0 0 0
car 0.0 0 0 241 231 257 246 0 0 0 0 0 0 0
car 0.0 0 0 196 270 209 281 0 0 0 0 0 0 0
car 0.0 0 0 228 185 240 194 0 0 0 0 0 0 0
car 0.0 0 0 141 54 156 68 0 0 0 0 0 0 0
car 0.0 0 0 153 95 168 112 0 0 0 0 0 0 0
car 0.0 0 0 231 156 249 169 0 0 0 0 0 0 0
car 0.0 0 0 204 157 219 169 0 0 0 0 0 0 0
car 0.0 0 0 286 298 303 307 0 0 0 0 0 0 0
car 0.769230769231 0 0 349 247 352 257 0 0 0 0 0 0 0
car 0.0 0 0 203 134 217 144 0 0 0 0 0 0 0
car 0.0 0 0 323 274 334 282 0 0 0 0 0 0 0
car 0.0 0 0 328 266 338 276 0 0 0 0 0 0 0
car 0.230769230769 0 0 86 0 109 10 0 0 0 0 0 0 0
car 0.0 0 0 138 71 150 82 0 0 0 0 0 0 0
car 0.0 0 0 177 280 194 289 0 0 0 0 0 0 0
car 0.0 0 0 124 273 138 287 0 0 0 0 0 0 0
car 0.0 0 0 145 145 160 158 0 0 0 0 0 0 0
car 0.0 0 0 149 41 165 57 0 0 0 0 0 0 0
car 0.0 0 0 303 202 316 211 0 0 0 0 0 0 0
car 0.0 0 0 161 126 176 133 0 0 0 0 0 0 0
car 0.222222222222 0 0 77 345 92 352 0 0 0 0 0 0 0
car 0.0 0 0 123 323 140 334 0 0 0 0 0 0 0
car 0.0 0 0 121 56 138 74 0 0 0 0 0 0 0
car 0.0 0 0 320 56 335 70 0 0 0 0 0 0 0
car 0.0 0 0 172 232 189 246 0 0 0 0 0 0 0
car 0.0 0 0 239 164 252 174 0 0 0 0 0 0 0
car 0.0 0 0 209 83 225 98 0 0 0 0 0 0 0
car 0.0 0 0 234 103 245 115 0 0 0 0 0 0 0
car 0.0 0 0 268 5 285 14 0 0 0 0 0 0 0
car 0.0 0 0 129 316 144 328 0 0 0 0 0 0 0
car 0.0 0 0 262 164 279 177 0 0 0 0 0 0 0
car 0.0 0 0 55 36 68 51 0 0 0 0 0 0 0
car 0.0 0 0 301 187 314 197 0 0 0 0 0 0 0
car 0.466666666667 0 0 344 93 352 101 0 0 0 0 0 0 0
car 0.0 0 0 135 296 152 307 0 0 0 0 0 0 0
car 0.0 0 0 151 164 164 181 0 0 0 0 0 0 0
car 0.0 0 0 252 176 267 186 0 0 0 0 0 0 0
car 0.0 0 0 179 67 191 77 0 0 0 0 0 0 0
car 0.0 0 0 166 276 182 288 0 0 0 0 0 0 0
car 0.0 0 0 198 262 212 274 0 0 0 0 0 0 0
car 0.0 0 0 217 92 230 106 0 0 0 0 0 0 0
car 0.0 0 0 239 110 251 123 0 0 0 0 0 0 0
car 0.0 0 0 218 148 227 158 0 0 0 0 0 0 0
car 0.0 0 0 220 168 233 178 0 0 0 0 0 0 0
car 0.0 0 0 256 224 267 233 0 0 0 0 0 0 0
car 0.0 0 0 163 52 184 65 0 0 0 0 0 0 0
car 0.0 0 0 244 117 260 126 0 0 0 0 0 0 0
car 0.0 0 0 234 238 247 246 0 0 0 0 0 0 0
car 0.0 0 0 181 174 198 192 0 0 0 0 0 0 0
car 0.0 0 0 180 265 195 275 0 0 0 0 0 0 0
car 0.0 0 0 249 168 262 177 0 0 0 0 0 0 0
car 0.0714285714286 0 0 103 339 118 352 0 0 0 0 0 0 0
car 0.0 0 0 142 272 155 282 0 0 0 0 0 0 0
car 0.0 0 0 261 25 273 34 0 0 0 0 0 0 0
car 0.0 0 0 58 341 71 351 0 0 0 0 0 0 0
car 0.0 0 0 321 180 332 188 0 0 0 0 0 0 0
car 0.0 0 0 129 267 146 278 0 0 0 0 0 0 0
car 0.0 0 0 153 251 168 264 0 0 0 0 0 0 0
car 0.0 0 0 199 151 214 163 0 0 0 0 0 0 0
car 0.0 0 0 26 11 40 25 0 0 0 0 0 0 0
car 0.0 0 0 321 86 334 98 0 0 0 0 0 0 0
car 0.0 0 0 225 98 239 111 0 0 0 0 0 0 0
