car 0.0 0 0 107 164 127 182 0 0 0 0 0 0 0
car 0.785714285714 0 0 0 64 6 87 0 0 0 0 0 0 0
car 0.933333333333 0 0 351 174 352 184 0 0 0 0 0 0 0
car 0.0 0 0 3 96 18 109 0 0 0 0 0 0 0
car 0.0 0 0 288 313 303 326 0 0 0 0 0 0 0
car 0.0 0 0 323 316 343 334 0 0 0 0 0 0 0
car 0.0 0 0 320 147 335 164 0 0 0 0 0 0 0
car 0.0 0 0 267 306 283 321 0 0 0 0 0 0 0
car 0.5 0 0 344 181 352 189 0 0 0 0 0 0 0
car 0.0 0 0 192 233 205 245 0 0 0 0 0 0 0
car 0.0 0 0 210 258 224 270 0 0 0 0 0 0 0
car 0.0 0 0 41 145 61 162 0 0 0 0 0 0 0
car 0.0 0 0 21 98 39 112 0 0 0 0 0 0 0
car 0.181818181818 0 0 343 169 352 182 0 0 0 0 0 0 0
car 0.0 0 0 245 277 264 291 0 0 0 0 0 0 0
car 0.0 0 0 273 304 293 319 0 0 0 0 0 0 0
car 0.0 0 0 165 211 179 226 0 0 0 0 0 0 0
car 0.0 0 0 338 323 350 332 0 0 0 0 0 0 0
car 0.0 0 0 16 124 33 139 0 0 0 0 0 0 0
car 0.0 0 0 73 172 92 187 0 0 0 0 0 0 0
car 0.0 0 0 92 186 106 198 0 0 0 0 0 0 0
car 0.0 0 0 133 220 148 234 0 0 0 0 0 0 0
car 0.0 0 0 6 86 21 97 0 0 0 0 0 0 0
car 0.948412698413 0 0 351 339 352 352 0 0 0 0 0 0 0
car 0.0 0 0 77 143 93 154 0 0 0 0 0 0 0
car 0.0 0 0 149 200 169 214 0 0 0 0 0 0 0
car 0.0833333333333 0 0 185 341 199 352 0 0 0 0 0 0 0
car 0.0 0 0 32 137 45 149 0 0 0 0 0 0 0
car 0.0 0 0 3 116 18 127 0 0 0 0 0 0 0
car 0.888888888889 0 0 0 98 2 114 0 0 0 0 0 0 0
car 0.0 0 0 289 323 308 340 0 0 0 0 0 0 0
car 0.0 0 0 329 131 346 150 0 0 0 0 0 0 0
car 0.0 0 0 139 189 152 201 0 0 0 0 0 0 0
car 0.166666666667 0 0 342 118 352 133 0 0 0 0 0 0 0
car 0.0 0 0 330 163 344 177 0 0 0 0 0 0 0
car 0.0 0 0 120 208 132 221 0 0 0 0 0 0 0
car 0.0 0 0 226 281 241 294 0 0 0 0 0 0 0
car 0.0625 0 0 337 310 352 322 0 0 0 0 0 0 0
car 0.0 0 0 60 160 72 174 0 0 0 0 0 0 0
car 0.0 0 0 38 111 54 122 0 0 0 0 0 0 0
car 0.0 0 0 252 253 262 272 0 0 0 0 0 0 0
car 0.0 0 0 202 244 220 257 0 0 0 0 0 0 0
car 0.0 0 0 310 164 321 180 0 0 0 0 0 0 0
car 0.32 0 0 335 153 352 170 0 0 0 0 0 0 0
car 0.0 0 0 61 131 79 141 0 0 0 0 0 0 0
car 0.0 0 0 104 197 120 210 0 0 0 0 0 0 0
car 0.0 0 0 177 219 194 237 0 0 0 0 0 0 0
car 0.9375 0 0 351 140 352 152 0 0 0 0 0 0 0
car 0.0 0 0 123 180 141 193 0 0 0 0 0 0 0
car 0.0 0 0 261 294 276 306 0 0 0 0 0 0 0
car 0.0 0 0 92 155 110 166 0 0 0 0 0 0 0
car 0.0 0 0 51 121 63 132 0 0 0 0 0 0 0
car 0.0 0 0 87 319 104 331 0 0 0 0 0 0 0
