car 0.0 0 0 302 64 330 87 0 0 0 0 0 0 0
car 0.0 0 0 189 1 212 18 0 0 0 0 0 0 0
car 0.0 0 0 208 17 228 31 0 0 0 0 0 0 0
car 0.0 0 0 224 30 242 41 0 0 0 0 0 0 0
car 0.0 0 0 327 96 342 109 0 0 0 0 0 0 0
car 0.611111111111 0 0 345 98 352 112 0 0 0 0 0 0 0
car 0.0 0 0 282 62 298 76 0 0 0 0 0 0 0
car 0.0 0 0 252 35 265 45 0 0 0 0 0 0 0
car 0.294117647059 0 0 340 124 352 139 0 0 0 0 0 0 0
car 0.0 0 0 104 14 120 28 0 0 0 0 0 0 0
car 0.0 0 0 279 76 296 89 0 0 0 0 0 0 0
car 0.0 0 0 330 86 345 97 0 0 0 0 0 0 0
car 0.0 0 0 46 83 59 94 0 0 0 0 0 0 0
car 0.0 0 0 327 116 342 127 0 0 0 0 0 0 0
car 0.0 0 0 308 98 326 114 0 0 0 0 0 0 0
car 0.0 0 0 247 19 264 33 0 0 0 0 0 0 0
car 0.0 0 0 297 87 310 103 0 0 0 0 0 0 0
car 0.0 0 0 277 42 289 53 0 0 0 0 0 0 0
car 0.0 0 0 263 31 278 43 0 0 0 0 0 0 0
car 0.0 0 0 237 41 253 55 0 0 0 0 0 0 0
car 0.0 0 0 267 64 282 78 0 0 0 0 0 0 0
car 0.0 0 0 83 40 94 51 0 0 0 0 0 0 0
car 0.0 0 0 291 53 307 65 0 0 0 0 0 0 0
