car 0.0 0 0 121 275 143 296 0 0 0 0 0 0 0
car 0.0 0 0 5 163 15 175 0 0 0 0 0 0 0
car 0.0 0 0 88 308 100 322 0 0 0 0 0 0 0
car 0.0 0 0 132 99 148 110 0 0 0 0 0 0 0
car 0.0 0 0 148 108 165 121 0 0 0 0 0 0 0
car 0.0 0 0 102 80 113 92 0 0 0 0 0 0 0
car 0.0 0 0 148 254 161 265 0 0 0 0 0 0 0
car 0.0 0 0 165 119 181 129 0 0 0 0 0 0 0
car 0.0 0 0 200 201 209 211 0 0 0 0 0 0 0
car 0.0 0 0 178 126 194 133 0 0 0 0 0 0 0
car 0.0 0 0 74 325 86 341 0 0 0 0 0 0 0
car 0.0 0 0 196 134 209 144 0 0 0 0 0 0 0
car 0.0 0 0 13 112 24 129 0 0 0 0 0 0 0
car 0.0 0 0 212 147 227 154 0 0 0 0 0 0 0
car 0.0 0 0 173 221 187 239 0 0 0 0 0 0 0
car 0.0 0 0 4 53 25 67 0 0 0 0 0 0 0
