car 0.0 0 0 144 107 165 122 0 0 0 0 0 0 0
car 0.0 0 0 242 283 268 298 0 0 0 0 0 0 0
car 0.0 0 0 191 292 203 304 0 0 0 0 0 0 0
car 0.0 0 0 0 47 15 60 0 0 0 0 0 0 0
car 0.0 0 0 226 28 235 40 0 0 0 0 0 0 0
car 0.472222222222 0 0 0 0 19 10 0 0 0 0 0 0 0
car 0.0 0 0 190 134 203 147 0 0 0 0 0 0 0
car 0.590909090909 0 0 55 0 71 9 0 0 0 0 0 0 0
car 0.0 0 0 65 60 86 78 0 0 0 0 0 0 0
car 0.0 0 0 328 213 341 226 0 0 0 0 0 0 0
car 0.111111111111 0 0 14 0 26 8 0 0 0 0 0 0 0
car 0.0 0 0 301 222 319 236 0 0 0 0 0 0 0
car 0.0 0 0 128 95 141 107 0 0 0 0 0 0 0
car 0.0 0 0 114 116 135 131 0 0 0 0 0 0 0
car 0.0 0 0 232 157 249 168 0 0 0 0 0 0 0
car 0.0 0 0 94 74 108 90 0 0 0 0 0 0 0
car 0.0 0 0 40 45 54 55 0 0 0 0 0 0 0
car 0.0 0 0 27 15 41 33 0 0 0 0 0 0 0
car 0.0 0 0 170 104 180 121 0 0 0 0 0 0 0
car 0.722222222222 0 0 0 66 5 82 0 0 0 0 0 0 0
car 0.0 0 0 273 180 290 193 0 0 0 0 0 0 0
car 0.0 0 0 174 315 188 325 0 0 0 0 0 0 0
car 0.0 0 0 109 85 123 97 0 0 0 0 0 0 0
car 0.0 0 0 316 233 337 245 0 0 0 0 0 0 0
car 0.0 0 0 19 73 36 87 0 0 0 0 0 0 0
car 0.0 0 0 31 65 45 78 0 0 0 0 0 0 0
car 0.0 0 0 15 57 30 69 0 0 0 0 0 0 0
car 0.0 0 0 280 214 302 227 0 0 0 0 0 0 0
car 0.0 0 0 215 175 232 187 0 0 0 0 0 0 0
car 0.0 0 0 47 7 60 20 0 0 0 0 0 0 0
car 0.0 0 0 291 193 303 204 0 0 0 0 0 0 0
car 0.0 0 0 39 18 49 32 0 0 0 0 0 0 0
