car 0.0 0 0 45 155 59 171 0 0 0 0 0 0 0
car 0.0 0 0 73 121 86 134 0 0 0 0 0 0 0
car 0.0 0 0 104 125 124 138 0 0 0 0 0 0 0
car 0.0 0 0 27 188 37 199 0 0 0 0 0 0 0
car 0.0 0 0 37 173 49 184 0 0 0 0 0 0 0
car 0.0 0 0 122 136 139 146 0 0 0 0 0 0 0
car 0.0 0 0 194 263 209 283 0 0 0 0 0 0 0
car 0.5 0 0 81 0 91 9 0 0 0 0 0 0 0
car 0.588235294118 0 0 165 0 184 7 0 0 0 0 0 0 0
car 0.0 0 0 14 20 28 31 0 0 0 0 0 0 0
car 0.0 0 0 236 206 247 227 0 0 0 0 0 0 0
car 0.230769230769 0 0 62 0 71 10 0 0 0 0 0 0 0
car 0.65 0 0 45 0 52 7 0 0 0 0 0 0 0
car 0.642857142857 0 0 52 0 59 5 0 0 0 0 0 0 0
car 0.0 0 0 144 333 157 347 0 0 0 0 0 0 0
car 0.0 0 0 212 180 232 194 0 0 0 0 0 0 0
car 0.0 0 0 66 133 77 149 0 0 0 0 0 0 0
car 0.772727272727 0 0 73 0 83 5 0 0 0 0 0 0 0
car 0.0 0 0 13 199 25 213 0 0 0 0 0 0 0
car 0.0 0 0 148 148 167 160 0 0 0 0 0 0 0
car 0.0 0 0 112 60 126 78 0 0 0 0 0 0 0
car 0.0 0 0 258 210 269 232 0 0 0 0 0 0 0
car 0.0 0 0 86 12 97 26 0 0 0 0 0 0 0
car 0.0 0 0 149 8 165 28 0 0 0 0 0 0 0
car 0.0 0 0 140 29 149 46 0 0 0 0 0 0 0
car 0.0 0 0 278 184 292 203 0 0 0 0 0 0 0
car 0.0 0 0 131 141 148 156 0 0 0 0 0 0 0
car 0.0 0 0 269 169 280 185 0 0 0 0 0 0 0
car 0.444444444444 0 0 88 0 100 10 0 0 0 0 0 0 0
car 0.0 0 0 95 54 114 74 0 0 0 0 0 0 0
car 0.0 0 0 36 29 44 46 0 0 0 0 0 0 0
car 0.0 0 0 223 227 233 247 0 0 0 0 0 0 0
car 0.0 0 0 88 45 98 59 0 0 0 0 0 0 0
car 0.0 0 0 79 35 90 53 0 0 0 0 0 0 0
car 0.470588235294 0 0 343 110 352 116 0 0 0 0 0 0 0
car 0.466666666667 0 0 140 0 151 8 0 0 0 0 0 0 0
car 0.0 0 0 163 156 179 167 0 0 0 0 0 0 0
