car 0.3125 0 0 255 330 324 352 0 0 0 0 0 0 0
car 0.0 0 0 290 323 313 337 0 0 0 0 0 0 0
car 0.5 0 0 0 193 28 223 0 0 0 0 0 0 0
car 0.241935483871 0 0 0 24 47 64 0 0 0 0 0 0 0
car 0.0 0 0 65 135 96 154 0 0 0 0 0 0 0
car 0.0 0 0 116 243 136 257 0 0 0 0 0 0 0
car 0.0 0 0 133 236 150 250 0 0 0 0 0 0 0
car 0.0 0 0 268 299 284 312 0 0 0 0 0 0 0
car 0.0 0 0 202 120 218 133 0 0 0 0 0 0 0
car 0.0 0 0 230 237 248 250 0 0 0 0 0 0 0
car 0.0 0 0 205 270 231 286 0 0 0 0 0 0 0
car 0.0 0 0 305 307 318 314 0 0 0 0 0 0 0
car 0.0 0 0 57 203 87 223 0 0 0 0 0 0 0
car 0.0 0 0 127 193 145 202 0 0 0 0 0 0 0
car 0.0 0 0 49 185 66 198 0 0 0 0 0 0 0
car 0.0 0 0 272 247 295 263 0 0 0 0 0 0 0
car 0.0 0 0 170 199 185 209 0 0 0 0 0 0 0
car 0.0 0 0 12 179 32 197 0 0 0 0 0 0 0
car 0.0 0 0 46 212 60 224 0 0 0 0 0 0 0
car 0.0 0 0 111 174 127 185 0 0 0 0 0 0 0
car 0.52380952381 0 0 342 321 352 330 0 0 0 0 0 0 0
car 0.0 0 0 215 213 249 231 0 0 0 0 0 0 0
car 0.0 0 0 305 319 319 327 0 0 0 0 0 0 0
car 0.0 0 0 208 305 225 316 0 0 0 0 0 0 0
car 0.0 0 0 149 231 168 245 0 0 0 0 0 0 0
car 0.0 0 0 167 253 184 266 0 0 0 0 0 0 0
car 0.0 0 0 216 112 237 126 0 0 0 0 0 0 0
car 0.0 0 0 210 261 230 272 0 0 0 0 0 0 0
car 0.0 0 0 146 264 164 275 0 0 0 0 0 0 0
car 0.0 0 0 99 208 112 218 0 0 0 0 0 0 0
car 0.0 0 0 208 286 228 297 0 0 0 0 0 0 0
car 0.0 0 0 131 161 146 171 0 0 0 0 0 0 0
car 0.0 0 0 121 190 147 206 0 0 0 0 0 0 0
car 0.0 0 0 145 178 159 188 0 0 0 0 0 0 0
