car 0.0 0 0 232 322 253 338 0 0 0 0 0 0 0
car 0.0 0 0 220 328 238 341 0 0 0 0 0 0 0
car 0.0 0 0 139 221 157 235 0 0 0 0 0 0 0
car 0.0 0 0 185 256 201 270 0 0 0 0 0 0 0
car 0.0 0 0 125 211 142 223 0 0 0 0 0 0 0
car 0.0 0 0 34 315 51 326 0 0 0 0 0 0 0
car 0.0 0 0 76 198 89 209 0 0 0 0 0 0 0
car 0.0 0 0 187 269 202 284 0 0 0 0 0 0 0
car 0.0 0 0 217 280 231 294 0 0 0 0 0 0 0
car 0.0 0 0 180 257 202 269 0 0 0 0 0 0 0
car 0.0 0 0 60 149 75 165 0 0 0 0 0 0 0
car 0.0 0 0 116 233 131 242 0 0 0 0 0 0 0
car 0.0 0 0 170 286 182 300 0 0 0 0 0 0 0
car 0.0 0 0 289 1 305 14 0 0 0 0 0 0 0
car 0.0 0 0 134 248 149 261 0 0 0 0 0 0 0
car 0.0 0 0 21 149 38 165 0 0 0 0 0 0 0
car 0.0 0 0 4 269 20 282 0 0 0 0 0 0 0
car 0.0 0 0 28 168 50 184 0 0 0 0 0 0 0
car 0.705882352941 0 0 347 13 352 24 0 0 0 0 0 0 0
car 0.0 0 0 100 186 114 199 0 0 0 0 0 0 0
car 0.0 0 0 325 34 344 43 0 0 0 0 0 0 0
car 0.0 0 0 249 324 263 337 0 0 0 0 0 0 0
car 0.0 0 0 269 341 284 352 0 0 0 0 0 0 0
car 0.0 0 0 205 287 221 298 0 0 0 0 0 0 0
car 0.588235294118 0 0 40 345 55 352 0 0 0 0 0 0 0
car 0.0 0 0 243 305 254 315 0 0 0 0 0 0 0
car 0.0 0 0 0 239 22 256 0 0 0 0 0 0 0
car 0.0 0 0 101 231 113 246 0 0 0 0 0 0 0
car 0.0 0 0 202 318 217 326 0 0 0 0 0 0 0
car 0.368421052632 0 0 340 18 352 31 0 0 0 0 0 0 0
car 0.0 0 0 126 224 142 239 0 0 0 0 0 0 0
car 0.0 0 0 86 321 109 334 0 0 0 0 0 0 0
car 0.0 0 0 111 197 129 214 0 0 0 0 0 0 0
car 0.0 0 0 12 129 31 143 0 0 0 0 0 0 0
car 0.0 0 0 90 193 103 207 0 0 0 0 0 0 0
car 0.0 0 0 156 233 170 246 0 0 0 0 0 0 0
car 0.0 0 0 149 248 165 262 0 0 0 0 0 0 0
car 0.0 0 0 11 250 25 258 0 0 0 0 0 0 0
car 0.0 0 0 268 329 285 338 0 0 0 0 0 0 0
car 0.0 0 0 84 174 100 188 0 0 0 0 0 0 0
car 0.0 0 0 9 295 23 308 0 0 0 0 0 0 0
car 0.0 0 0 114 243 129 253 0 0 0 0 0 0 0
car 0.0 0 0 156 263 171 274 0 0 0 0 0 0 0
car 0.0 0 0 322 29 344 47 0 0 0 0 0 0 0
car 0.0 0 0 19 262 35 276 0 0 0 0 0 0 0
car 0.0 0 0 224 305 240 319 0 0 0 0 0 0 0
car 0.0 0 0 23 304 39 316 0 0 0 0 0 0 0
car 0.0 0 0 185 290 202 301 0 0 0 0 0 0 0
car 0.666666666667 0 0 261 349 273 352 0 0 0 0 0 0 0
car 0.0 0 0 42 161 66 173 0 0 0 0 0 0 0
car 0.0 0 0 26 335 40 349 0 0 0 0 0 0 0
car 0.0 0 0 92 212 112 225 0 0 0 0 0 0 0
car 0.0 0 0 230 291 243 305 0 0 0 0 0 0 0
car 0.0 0 0 3 115 20 130 0 0 0 0 0 0 0
car 0.0 0 0 67 173 80 188 0 0 0 0 0 0 0
