car 0.0 0 0 22 150 31 167 0 0 0 0 0 0 0
car 0.0 0 0 55 180 66 198 0 0 0 0 0 0 0
car 0.0 0 0 81 315 91 333 0 0 0 0 0 0 0
car 0.0 0 0 31 115 52 135 0 0 0 0 0 0 0
car 0.0 0 0 11 145 23 168 0 0 0 0 0 0 0
car 0.0 0 0 6 213 15 228 0 0 0 0 0 0 0
car 0.0 0 0 165 314 184 331 0 0 0 0 0 0 0
car 0.0 0 0 24 203 36 221 0 0 0 0 0 0 0
car 0.0 0 0 34 310 45 323 0 0 0 0 0 0 0
car 0.272727272727 0 0 14 344 28 352 0 0 0 0 0 0 0
car 0.0 0 0 90 189 107 198 0 0 0 0 0 0 0
car 0.0 0 0 52 123 73 144 0 0 0 0 0 0 0
car 0.0 0 0 240 216 257 226 0 0 0 0 0 0 0
car 0.0 0 0 69 132 88 150 0 0 0 0 0 0 0
car 0.0 0 0 13 219 22 232 0 0 0 0 0 0 0
car 0.0 0 0 18 201 28 219 0 0 0 0 0 0 0
car 0.0 0 0 12 283 22 297 0 0 0 0 0 0 0
car 0.0 0 0 46 178 55 194 0 0 0 0 0 0 0
car 0.0 0 0 62 321 71 334 0 0 0 0 0 0 0
car 0.0 0 0 198 170 209 181 0 0 0 0 0 0 0
car 0.0 0 0 93 144 118 165 0 0 0 0 0 0 0
car 0.0 0 0 28 156 39 176 0 0 0 0 0 0 0
car 0.0 0 0 58 168 67 182 0 0 0 0 0 0 0
car 0.0 0 0 3 164 12 178 0 0 0 0 0 0 0
car 0.0 0 0 45 311 52 331 0 0 0 0 0 0 0
car 0.0 0 0 18 299 28 314 0 0 0 0 0 0 0
car 0.0 0 0 52 315 59 329 0 0 0 0 0 0 0
car 0.0 0 0 23 220 32 236 0 0 0 0 0 0 0
car 0.0 0 0 73 307 83 329 0 0 0 0 0 0 0
car 0.0 0 0 26 306 36 322 0 0 0 0 0 0 0
car 0.0 0 0 74 211 89 219 0 0 0 0 0 0 0
car 0.0 0 0 48 237 66 250 0 0 0 0 0 0 0
car 0.0 0 0 77 203 96 210 0 0 0 0 0 0 0
car 0.0 0 0 62 225 80 232 0 0 0 0 0 0 0
car 0.0 0 0 78 134 97 152 0 0 0 0 0 0 0
car 0.0 0 0 59 274 71 288 0 0 0 0 0 0 0
car 0.0 0 0 92 182 114 188 0 0 0 0 0 0 0
car 0.0 0 0 25 174 37 188 0 0 0 0 0 0 0
car 0.0 0 0 8 197 21 215 0 0 0 0 0 0 0
car 0.0 0 0 86 336 97 350 0 0 0 0 0 0 0
car 0.0 0 0 149 332 165 352 0 0 0 0 0 0 0
car 0.0 0 0 67 217 82 227 0 0 0 0 0 0 0
car 0.0 0 0 52 301 60 311 0 0 0 0 0 0 0
car 0.0 0 0 105 301 114 312 0 0 0 0 0 0 0
car 0.0 0 0 207 264 217 277 0 0 0 0 0 0 0
car 0.0 0 0 302 134 313 144 0 0 0 0 0 0 0
car 0.0 0 0 37 178 46 196 0 0 0 0 0 0 0
car 0.0 0 0 88 316 100 334 0 0 0 0 0 0 0
car 0.0 0 0 65 306 75 322 0 0 0 0 0 0 0
car 0.0 0 0 28 289 37 304 0 0 0 0 0 0 0
car 0.0 0 0 98 296 107 306 0 0 0 0 0 0 0
car 0.0 0 0 84 139 110 160 0 0 0 0 0 0 0
car 0.0 0 0 2 195 12 207 0 0 0 0 0 0 0
car 0.0 0 0 46 164 58 182 0 0 0 0 0 0 0
car 0.0 0 0 4 295 16 306 0 0 0 0 0 0 0
car 0.0 0 0 41 119 62 141 0 0 0 0 0 0 0
car 0.0 0 0 195 281 206 294 0 0 0 0 0 0 0
car 0.0 0 0 321 106 336 126 0 0 0 0 0 0 0
car 0.0 0 0 140 317 151 332 0 0 0 0 0 0 0
car 0.0 0 0 36 161 47 180 0 0 0 0 0 0 0
car 0.0 0 0 63 169 74 187 0 0 0 0 0 0 0
car 0.0 0 0 113 303 122 314 0 0 0 0 0 0 0
