car 0.0 0 0 85 97 100 114 0 0 0 0 0 0 0
car 0.0 0 0 83 194 95 209 0 0 0 0 0 0 0
car 0.0 0 0 27 174 42 184 0 0 0 0 0 0 0
car 0.0 0 0 68 102 84 112 0 0 0 0 0 0 0
car 0.0 0 0 61 80 85 95 0 0 0 0 0 0 0
car 0.0 0 0 149 168 163 183 0 0 0 0 0 0 0
car 0.0 0 0 40 113 55 123 0 0 0 0 0 0 0
car 0.0 0 0 57 59 70 73 0 0 0 0 0 0 0
car 0.05 0 0 0 316 19 334 0 0 0 0 0 0 0
car 0.266666666667 0 0 0 147 11 164 0 0 0 0 0 0 0
car 0.0 0 0 114 116 131 125 0 0 0 0 0 0 0
car 0.0 0 0 125 168 138 184 0 0 0 0 0 0 0
car 0.0 0 0 116 59 126 69 0 0 0 0 0 0 0
car 0.0 0 0 94 180 104 194 0 0 0 0 0 0 0
car 0.0 0 0 55 311 71 333 0 0 0 0 0 0 0
car 0.0 0 0 80 169 99 180 0 0 0 0 0 0 0
car 0.0 0 0 20 181 36 189 0 0 0 0 0 0 0
car 0.0 0 0 108 155 118 170 0 0 0 0 0 0 0
car 0.0 0 0 19 169 30 182 0 0 0 0 0 0 0
car 0.0 0 0 99 81 108 97 0 0 0 0 0 0 0
car 0.0 0 0 32 134 44 138 0 0 0 0 0 0 0
car 0.0 0 0 141 152 156 176 0 0 0 0 0 0 0
car 0.0 0 0 123 104 139 113 0 0 0 0 0 0 0
car 0.0 0 0 67 183 87 194 0 0 0 0 0 0 0
car 0.0 0 0 46 128 65 142 0 0 0 0 0 0 0
car 0.0 0 0 98 144 116 154 0 0 0 0 0 0 0
car 0.0 0 0 14 323 26 332 0 0 0 0 0 0 0
car 0.0 0 0 62 136 73 148 0 0 0 0 0 0 0
car 0.0 0 0 174 99 192 127 0 0 0 0 0 0 0
car 0.0 0 0 111 123 126 130 0 0 0 0 0 0 0
car 0.0 0 0 118 139 130 157 0 0 0 0 0 0 0
car 0.0 0 0 137 120 146 136 0 0 0 0 0 0 0
car 0.0 0 0 115 146 124 163 0 0 0 0 0 0 0
car 0.277777777778 0 0 27 339 41 352 0 0 0 0 0 0 0
car 0.0 0 0 154 135 169 157 0 0 0 0 0 0 0
car 0.0 0 0 115 191 133 215 0 0 0 0 0 0 0
car 0.0 0 0 123 110 138 120 0 0 0 0 0 0 0
car 0.0 0 0 100 171 108 189 0 0 0 0 0 0 0
car 0.0 0 0 108 130 125 139 0 0 0 0 0 0 0
car 0.0 0 0 5 131 22 150 0 0 0 0 0 0 0
car 0.0 0 0 43 289 57 301 0 0 0 0 0 0 0
car 0.0 0 0 119 94 128 104 0 0 0 0 0 0 0
car 0.0 0 0 92 157 107 166 0 0 0 0 0 0 0
car 0.0 0 0 49 293 61 305 0 0 0 0 0 0 0
car 0.0 0 0 18 118 30 133 0 0 0 0 0 0 0
car 0.0 0 0 6 163 20 177 0 0 0 0 0 0 0
car 0.0 0 0 139 86 153 98 0 0 0 0 0 0 0
car 0.0 0 0 13 310 29 322 0 0 0 0 0 0 0
car 0.0 0 0 92 151 108 159 0 0 0 0 0 0 0
car 0.0 0 0 65 162 79 174 0 0 0 0 0 0 0
car 0.0 0 0 97 126 111 139 0 0 0 0 0 0 0
car 0.0 0 0 48 139 60 148 0 0 0 0 0 0 0
car 0.0 0 0 11 153 36 170 0 0 0 0 0 0 0
car 0.0 0 0 37 120 50 129 0 0 0 0 0 0 0
car 0.0 0 0 83 164 100 176 0 0 0 0 0 0 0
car 0.0 0 0 108 250 119 262 0 0 0 0 0 0 0
car 0.0 0 0 135 52 144 66 0 0 0 0 0 0 0
car 0.0 0 0 131 127 140 143 0 0 0 0 0 0 0
car 0.0 0 0 47 331 60 344 0 0 0 0 0 0 0
car 0.0 0 0 89 274 99 285 0 0 0 0 0 0 0
car 0.0 0 0 118 66 138 84 0 0 0 0 0 0 0
car 0.0 0 0 27 140 43 152 0 0 0 0 0 0 0
car 0.0 0 0 123 129 136 149 0 0 0 0 0 0 0
car 0.285714285714 0 0 39 342 49 352 0 0 0 0 0 0 0
car 0.0 0 0 78 117 89 125 0 0 0 0 0 0 0
car 0.0 0 0 94 70 108 79 0 0 0 0 0 0 0
car 0.0 0 0 103 165 113 180 0 0 0 0 0 0 0
car 0.0 0 0 28 297 43 314 0 0 0 0 0 0 0
car 0.0 0 0 100 138 119 152 0 0 0 0 0 0 0
car 0.0 0 0 128 97 144 106 0 0 0 0 0 0 0
