car 0.0 0 0 147 230 160 246 0 0 0 0 0 0 0
car 0.0 0 0 229 60 240 74 0 0 0 0 0 0 0
car 0.0 0 0 236 64 249 78 0 0 0 0 0 0 0
car 0.0 0 0 246 67 258 81 0 0 0 0 0 0 0
car 0.0 0 0 254 72 266 86 0 0 0 0 0 0 0
car 0.0 0 0 261 77 273 89 0 0 0 0 0 0 0
car 0.0 0 0 273 80 284 92 0 0 0 0 0 0 0
car 0.0 0 0 113 275 132 286 0 0 0 0 0 0 0
car 0.0 0 0 148 256 156 272 0 0 0 0 0 0 0
car 0.0 0 0 122 292 137 306 0 0 0 0 0 0 0
car 0.0 0 0 85 210 95 221 0 0 0 0 0 0 0
car 0.0 0 0 10 91 27 100 0 0 0 0 0 0 0
car 0.0 0 0 67 199 82 207 0 0 0 0 0 0 0
car 0.0 0 0 137 180 152 189 0 0 0 0 0 0 0
car 0.0 0 0 172 170 191 180 0 0 0 0 0 0 0
car 0.0 0 0 210 312 218 328 0 0 0 0 0 0 0
car 0.0 0 0 207 52 216 70 0 0 0 0 0 0 0
car 0.0 0 0 103 202 113 217 0 0 0 0 0 0 0
car 0.0 0 0 196 50 206 66 0 0 0 0 0 0 0
car 0.0 0 0 231 319 238 334 0 0 0 0 0 0 0
car 0.0 0 0 103 266 117 275 0 0 0 0 0 0 0
car 0.0 0 0 25 70 42 80 0 0 0 0 0 0 0
car 0.0 0 0 95 205 104 218 0 0 0 0 0 0 0
car 0.0 0 0 113 199 124 214 0 0 0 0 0 0 0
car 0.0 0 0 84 4 90 20 0 0 0 0 0 0 0
car 0.0 0 0 134 314 147 324 0 0 0 0 0 0 0
car 0.0 0 0 98 258 106 269 0 0 0 0 0 0 0
car 0.0 0 0 18 86 31 92 0 0 0 0 0 0 0
car 0.0 0 0 90 11 100 25 0 0 0 0 0 0 0
car 0.2 0 0 287 340 296 352 0 0 0 0 0 0 0
car 0.818181818182 0 0 184 350 195 352 0 0 0 0 0 0 0
car 0.0 0 0 198 309 208 324 0 0 0 0 0 0 0
car 0.0 0 0 309 329 317 343 0 0 0 0 0 0 0
car 0.0 0 0 60 224 75 232 0 0 0 0 0 0 0
car 0.0 0 0 256 329 268 346 0 0 0 0 0 0 0
car 0.0 0 0 181 294 194 306 0 0 0 0 0 0 0
car 0.0 0 0 187 303 197 321 0 0 0 0 0 0 0
car 0.125 0 0 277 338 285 352 0 0 0 0 0 0 0
car 0.0 0 0 268 334 277 348 0 0 0 0 0 0 0
car 0.0 0 0 330 327 339 346 0 0 0 0 0 0 0
car 0.0 0 0 256 147 270 154 0 0 0 0 0 0 0
car 0.777777777778 0 0 350 334 352 351 0 0 0 0 0 0 0
car 0.0 0 0 239 322 246 338 0 0 0 0 0 0 0
car 0.0 0 0 120 187 132 195 0 0 0 0 0 0 0
car 0.0 0 0 66 232 83 243 0 0 0 0 0 0 0
car 0.0 0 0 340 329 348 346 0 0 0 0 0 0 0
car 0.0 0 0 140 227 153 244 0 0 0 0 0 0 0
car 0.0 0 0 220 316 229 333 0 0 0 0 0 0 0
car 0.0 0 0 198 164 211 171 0 0 0 0 0 0 0
car 0.0 0 0 137 333 159 349 0 0 0 0 0 0 0
car 0.0769230769231 0 0 300 340 304 352 0 0 0 0 0 0 0
car 0.0 0 0 130 227 139 243 0 0 0 0 0 0 0
car 0.0 0 0 123 198 132 210 0 0 0 0 0 0 0
car 0.0 0 0 134 326 149 333 0 0 0 0 0 0 0
car 0.0 0 0 108 271 126 283 0 0 0 0 0 0 0
car 0.0 0 0 77 246 96 254 0 0 0 0 0 0 0
car 0.0 0 0 24 79 37 85 0 0 0 0 0 0 0
car 0.0 0 0 306 329 318 345 0 0 0 0 0 0 0
car 0.633333333333 0 0 156 341 168 352 0 0 0 0 0 0 0
car 0.0 0 0 82 255 97 267 0 0 0 0 0 0 0
car 0.0 0 0 114 286 132 298 0 0 0 0 0 0 0
car 0.0 0 0 46 104 59 119 0 0 0 0 0 0 0
car 0.0 0 0 54 95 75 111 0 0 0 0 0 0 0
car 0.0 0 0 185 267 191 280 0 0 0 0 0 0 0
