car 0.0 0 0 64 307 81 316 0 0 0 0 0 0 0
car 0.0 0 0 113 342 129 352 0 0 0 0 0 0 0
car 0.375 0 0 202 347 216 352 0 0 0 0 0 0 0
car 0.0 0 0 153 333 167 340 0 0 0 0 0 0 0
car 0.0 0 0 138 329 153 340 0 0 0 0 0 0 0
car 0.0 0 0 29 299 42 307 0 0 0 0 0 0 0
car 0.0 0 0 45 304 59 312 0 0 0 0 0 0 0
car 0.0 0 0 20 275 30 291 0 0 0 0 0 0 0
car 0.0 0 0 54 84 69 95 0 0 0 0 0 0 0
car 0.0 0 0 153 106 169 114 0 0 0 0 0 0 0
car 0.0 0 0 169 108 185 117 0 0 0 0 0 0 0
car 0.0 0 0 216 122 228 130 0 0 0 0 0 0 0
car 0.0 0 0 263 215 277 227 0 0 0 0 0 0 0
car 0.0 0 0 304 163 332 179 0 0 0 0 0 0 0
car 0.0 0 0 222 191 237 201 0 0 0 0 0 0 0
car 0.333333333333 0 0 56 340 64 352 0 0 0 0 0 0 0
car 0.0 0 0 196 185 210 194 0 0 0 0 0 0 0
car 0.0666666666667 0 0 39 338 48 352 0 0 0 0 0 0 0
car 0.0 0 0 28 336 38 350 0 0 0 0 0 0 0
car 0.176470588235 0 0 47 338 56 352 0 0 0 0 0 0 0
