car 0.0 0 0 109 154 117 169 0 0 0 0 0 0 0
car 0.0 0 0 119 156 129 173 0 0 0 0 0 0 0
car 0.0 0 0 134 160 148 179 0 0 0 0 0 0 0
car 0.0 0 0 102 118 112 133 0 0 0 0 0 0 0
car 0.0 0 0 113 122 123 136 0 0 0 0 0 0 0
car 0.0 0 0 205 129 216 145 0 0 0 0 0 0 0
car 0.0 0 0 139 129 151 143 0 0 0 0 0 0 0
car 0.0 0 0 158 134 167 149 0 0 0 0 0 0 0
car 0.0 0 0 196 87 206 103 0 0 0 0 0 0 0
car 0.0 0 0 279 158 295 170 0 0 0 0 0 0 0
car 0.0 0 0 265 193 279 202 0 0 0 0 0 0 0
car 0.0 0 0 198 31 206 44 0 0 0 0 0 0 0
car 0.0 0 0 164 21 173 36 0 0 0 0 0 0 0
car 0.0 0 0 111 98 122 113 0 0 0 0 0 0 0
car 0.0 0 0 127 102 139 119 0 0 0 0 0 0 0
car 0.0 0 0 137 104 150 120 0 0 0 0 0 0 0
car 0.0 0 0 146 107 156 123 0 0 0 0 0 0 0
car 0.0 0 0 157 110 167 125 0 0 0 0 0 0 0
car 0.0 0 0 164 114 172 128 0 0 0 0 0 0 0
car 0.0 0 0 172 117 181 132 0 0 0 0 0 0 0
car 0.0 0 0 181 119 192 137 0 0 0 0 0 0 0
car 0.0 0 0 178 83 185 97 0 0 0 0 0 0 0
car 0.176470588235 0 0 323 0 334 14 0 0 0 0 0 0 0
car 0.0 0 0 334 1 343 16 0 0 0 0 0 0 0
car 0.0 0 0 183 84 195 101 0 0 0 0 0 0 0
car 0.0 0 0 117 39 129 54 0 0 0 0 0 0 0
car 0.0 0 0 107 60 120 77 0 0 0 0 0 0 0
car 0.315789473684 0 0 313 0 325 13 0 0 0 0 0 0 0
car 0.0 0 0 124 67 137 82 0 0 0 0 0 0 0
car 0.0 0 0 158 78 171 94 0 0 0 0 0 0 0
car 0.0 0 0 151 75 161 88 0 0 0 0 0 0 0
car 0.0 0 0 177 59 187 75 0 0 0 0 0 0 0
car 0.0 0 0 133 68 146 82 0 0 0 0 0 0 0
car 0.0 0 0 123 42 136 56 0 0 0 0 0 0 0
car 0.0 0 0 144 293 161 324 0 0 0 0 0 0 0
car 0.0 0 0 129 46 141 58 0 0 0 0 0 0 0
car 0.0 0 0 143 49 154 63 0 0 0 0 0 0 0
car 0.0 0 0 151 52 162 66 0 0 0 0 0 0 0
car 0.0 0 0 171 22 182 38 0 0 0 0 0 0 0
car 0.0 0 0 192 64 203 81 0 0 0 0 0 0 0
car 0.0 0 0 183 63 195 77 0 0 0 0 0 0 0
