car 0.0 0 0 113 18 129 28 0 0 0 0 0 0 0
car 0.0 0 0 202 23 216 31 0 0 0 0 0 0 0
car 0.0 0 0 244 63 255 79 0 0 0 0 0 0 0
car 0.0 0 0 153 9 167 16 0 0 0 0 0 0 0
car 0.0 0 0 138 5 153 16 0 0 0 0 0 0 0
car 0.0 0 0 188 38 203 47 0 0 0 0 0 0 0
car 0.0 0 0 282 300 292 312 0 0 0 0 0 0 0
car 0.0 0 0 324 278 340 287 0 0 0 0 0 0 0
car 0.0 0 0 301 304 311 317 0 0 0 0 0 0 0
car 0.0 0 0 310 309 321 323 0 0 0 0 0 0 0
car 0.0 0 0 0 165 10 183 0 0 0 0 0 0 0
car 0.0 0 0 18 221 28 236 0 0 0 0 0 0 0
car 0.916666666667 0 0 0 283 1 299 0 0 0 0 0 0 0
car 0.454545454545 0 0 0 266 6 283 0 0 0 0 0 0 0
car 0.1 0 0 0 283 9 300 0 0 0 0 0 0 0
car 0.0 0 0 5 270 14 283 0 0 0 0 0 0 0
car 0.0 0 0 22 237 32 251 0 0 0 0 0 0 0
car 0.0 0 0 27 223 36 237 0 0 0 0 0 0 0
car 0.0 0 0 31 239 40 254 0 0 0 0 0 0 0
car 0.0 0 0 35 226 45 238 0 0 0 0 0 0 0
car 0.0 0 0 8 285 17 301 0 0 0 0 0 0 0
car 0.0 0 0 18 272 28 288 0 0 0 0 0 0 0
car 0.0 0 0 17 287 26 304 0 0 0 0 0 0 0
car 0.0 0 0 23 294 32 310 0 0 0 0 0 0 0
car 0.0 0 0 25 278 35 292 0 0 0 0 0 0 0
car 0.0 0 0 47 246 57 261 0 0 0 0 0 0 0
car 0.0 0 0 51 233 60 246 0 0 0 0 0 0 0
car 0.0 0 0 56 247 65 263 0 0 0 0 0 0 0
car 0.0 0 0 59 233 69 249 0 0 0 0 0 0 0
car 0.0 0 0 35 282 44 297 0 0 0 0 0 0 0
car 0.0 0 0 32 296 42 312 0 0 0 0 0 0 0
car 0.0 0 0 44 284 53 299 0 0 0 0 0 0 0
car 0.0 0 0 42 299 52 314 0 0 0 0 0 0 0
car 0.0 0 0 52 288 60 300 0 0 0 0 0 0 0
car 0.0 0 0 50 304 58 318 0 0 0 0 0 0 0
car 0.0 0 0 61 289 71 305 0 0 0 0 0 0 0
car 0.0 0 0 59 306 69 321 0 0 0 0 0 0 0
car 0.0 0 0 65 252 75 266 0 0 0 0 0 0 0
car 0.0 0 0 70 236 79 251 0 0 0 0 0 0 0
car 0.0 0 0 75 254 84 267 0 0 0 0 0 0 0
car 0.0 0 0 78 240 86 253 0 0 0 0 0 0 0
car 0.0 0 0 67 307 76 321 0 0 0 0 0 0 0
car 0.0 0 0 72 294 81 306 0 0 0 0 0 0 0
car 0.0 0 0 86 241 93 255 0 0 0 0 0 0 0
car 0.0 0 0 92 243 100 257 0 0 0 0 0 0 0
car 0.0 0 0 98 245 107 258 0 0 0 0 0 0 0
car 0.0 0 0 93 258 104 272 0 0 0 0 0 0 0
car 0.0 0 0 101 263 111 276 0 0 0 0 0 0 0
car 0.0 0 0 104 248 114 263 0 0 0 0 0 0 0
car 0.0 0 0 112 248 122 263 0 0 0 0 0 0 0
car 0.0 0 0 114 264 124 277 0 0 0 0 0 0 0
car 0.0 0 0 120 251 129 265 0 0 0 0 0 0 0
car 0.0 0 0 122 265 130 279 0 0 0 0 0 0 0
car 0.0 0 0 126 252 133 265 0 0 0 0 0 0 0
car 0.0 0 0 135 269 144 282 0 0 0 0 0 0 0
car 0.0 0 0 137 254 147 269 0 0 0 0 0 0 0
car 0.0 0 0 147 257 155 272 0 0 0 0 0 0 0
car 0.0 0 0 155 263 164 274 0 0 0 0 0 0 0
car 0.0 0 0 74 308 84 324 0 0 0 0 0 0 0
car 0.0 0 0 81 292 90 309 0 0 0 0 0 0 0
car 0.0 0 0 84 310 93 326 0 0 0 0 0 0 0
car 0.0 0 0 88 297 96 310 0 0 0 0 0 0 0
car 0.0 0 0 94 314 101 327 0 0 0 0 0 0 0
car 0.0 0 0 98 300 106 315 0 0 0 0 0 0 0
car 0.0 0 0 106 302 113 317 0 0 0 0 0 0 0
car 0.0 0 0 114 303 122 319 0 0 0 0 0 0 0
car 0.0 0 0 101 316 109 330 0 0 0 0 0 0 0
car 0.0 0 0 126 320 135 333 0 0 0 0 0 0 0
car 0.0 0 0 129 306 138 321 0 0 0 0 0 0 0
car 0.0 0 0 134 324 142 338 0 0 0 0 0 0 0
car 0.0 0 0 137 307 146 322 0 0 0 0 0 0 0
car 0.0 0 0 146 309 154 325 0 0 0 0 0 0 0
car 0.0 0 0 141 323 150 340 0 0 0 0 0 0 0
car 0.0 0 0 153 309 162 326 0 0 0 0 0 0 0
car 0.0 0 0 150 327 158 342 0 0 0 0 0 0 0
car 0.0 0 0 160 328 169 345 0 0 0 0 0 0 0
car 0.0 0 0 162 312 171 328 0 0 0 0 0 0 0
car 0.0 0 0 168 329 177 346 0 0 0 0 0 0 0
car 0.0 0 0 172 312 182 329 0 0 0 0 0 0 0
car 0.0 0 0 175 331 184 349 0 0 0 0 0 0 0
car 0.0 0 0 179 316 189 331 0 0 0 0 0 0 0
car 0.0 0 0 185 334 194 349 0 0 0 0 0 0 0
car 0.0 0 0 194 333 203 348 0 0 0 0 0 0 0
car 0.0 0 0 194 318 205 335 0 0 0 0 0 0 0
car 0.0 0 0 204 321 214 338 0 0 0 0 0 0 0
car 0.0 0 0 259 38 280 51 0 0 0 0 0 0 0
car 0.0 0 0 29 175 44 195 0 0 0 0 0 0 0
car 0.0 0 0 320 89 328 103 0 0 0 0 0 0 0
car 0.0 0 0 56 16 64 34 0 0 0 0 0 0 0
car 0.0 0 0 303 51 322 61 0 0 0 0 0 0 0
car 0.0 0 0 39 14 48 29 0 0 0 0 0 0 0
car 0.0 0 0 38 178 52 197 0 0 0 0 0 0 0
car 0.0 0 0 279 76 287 95 0 0 0 0 0 0 0
car 0.0 0 0 28 12 38 26 0 0 0 0 0 0 0
car 0.0 0 0 47 14 56 31 0 0 0 0 0 0 0
