car 0.0 0 0 104 279 119 290 0 0 0 0 0 0 0
car 0.0 0 0 98 288 112 297 0 0 0 0 0 0 0
car 0.0 0 0 95 291 109 301 0 0 0 0 0 0 0
car 0.0 0 0 136 34 150 45 0 0 0 0 0 0 0
car 0.0 0 0 237 135 251 148 0 0 0 0 0 0 0
car 0.0 0 0 231 157 244 168 0 0 0 0 0 0 0
car 0.0 0 0 185 59 201 70 0 0 0 0 0 0 0
car 0.0 0 0 180 92 194 105 0 0 0 0 0 0 0
car 0.0 0 0 159 92 176 107 0 0 0 0 0 0 0
car 0.0 0 0 162 108 179 121 0 0 0 0 0 0 0
car 0.0 0 0 123 13 141 25 0 0 0 0 0 0 0
car 0.444444444444 0 0 58 342 82 352 0 0 0 0 0 0 0
car 0.0 0 0 294 174 310 185 0 0 0 0 0 0 0
car 0.0 0 0 84 299 105 311 0 0 0 0 0 0 0
car 0.0 0 0 69 326 85 338 0 0 0 0 0 0 0
car 0.0 0 0 65 336 80 345 0 0 0 0 0 0 0
car 0.0 0 0 34 23 53 39 0 0 0 0 0 0 0
car 0.0 0 0 74 310 99 329 0 0 0 0 0 0 0
