car 0.0 0 0 122 164 133 178 0 0 0 0 0 0 0
car 0.0 0 0 136 171 148 188 0 0 0 0 0 0 0
car 0.0 0 0 161 206 177 217 0 0 0 0 0 0 0
car 0.0 0 0 166 199 184 213 0 0 0 0 0 0 0
car 0.0 0 0 171 195 187 211 0 0 0 0 0 0 0
car 0.0 0 0 174 171 189 185 0 0 0 0 0 0 0
car 0.0 0 0 296 108 312 123 0 0 0 0 0 0 0
car 0.0769230769231 0 0 0 26 12 41 0 0 0 0 0 0 0
car 0.555555555556 0 0 0 333 8 349 0 0 0 0 0 0 0
car 0.0 0 0 4 331 16 345 0 0 0 0 0 0 0
car 0.0 0 0 13 328 27 342 0 0 0 0 0 0 0
car 0.0 0 0 18 324 35 335 0 0 0 0 0 0 0
car 0.0 0 0 173 95 186 108 0 0 0 0 0 0 0
car 0.0 0 0 33 248 46 267 0 0 0 0 0 0 0
car 0.0 0 0 45 209 63 225 0 0 0 0 0 0 0
car 0.0 0 0 50 226 69 240 0 0 0 0 0 0 0
car 0.0 0 0 5 50 20 68 0 0 0 0 0 0 0
car 0.0 0 0 25 214 43 236 0 0 0 0 0 0 0
car 0.0 0 0 18 40 36 57 0 0 0 0 0 0 0
car 0.0 0 0 84 101 99 117 0 0 0 0 0 0 0
car 0.0 0 0 93 26 106 43 0 0 0 0 0 0 0
car 0.0 0 0 51 236 72 251 0 0 0 0 0 0 0
car 0.0 0 0 34 173 60 191 0 0 0 0 0 0 0
car 0.0 0 0 159 73 174 86 0 0 0 0 0 0 0
car 0.117647058824 0 0 0 46 15 64 0 0 0 0 0 0 0
car 0.0 0 0 111 98 131 114 0 0 0 0 0 0 0
car 0.0 0 0 44 198 64 213 0 0 0 0 0 0 0
car 0.0 0 0 22 200 37 218 0 0 0 0 0 0 0
car 0.0 0 0 46 220 66 233 0 0 0 0 0 0 0
car 0.0 0 0 164 28 179 48 0 0 0 0 0 0 0
car 0.0 0 0 122 43 139 65 0 0 0 0 0 0 0
car 0.0 0 0 175 37 191 57 0 0 0 0 0 0 0
car 0.0 0 0 16 55 35 75 0 0 0 0 0 0 0
car 0.0 0 0 51 81 67 100 0 0 0 0 0 0 0
car 0.0 0 0 96 106 111 123 0 0 0 0 0 0 0
car 0.0 0 0 111 36 126 56 0 0 0 0 0 0 0
car 0.0 0 0 194 48 210 68 0 0 0 0 0 0 0
car 0.0 0 0 193 91 211 105 0 0 0 0 0 0 0
car 0.0 0 0 186 84 200 102 0 0 0 0 0 0 0
car 0.0 0 0 116 122 131 137 0 0 0 0 0 0 0
car 0.0 0 0 73 74 91 92 0 0 0 0 0 0 0
car 0.0 0 0 82 41 96 57 0 0 0 0 0 0 0
car 0.0 0 0 200 55 216 72 0 0 0 0 0 0 0
car 0.0 0 0 178 79 192 98 0 0 0 0 0 0 0
car 0.0 0 0 135 53 151 72 0 0 0 0 0 0 0
car 0.0 0 0 69 93 87 112 0 0 0 0 0 0 0
car 0.0 0 0 60 83 74 100 0 0 0 0 0 0 0
car 0.0 0 0 9 34 24 49 0 0 0 0 0 0 0
car 0.533333333333 0 0 0 41 7 59 0 0 0 0 0 0 0
