car 0.0 0 0 96 112 109 130 0 0 0 0 0 0 0
car 0.0 0 0 154 154 168 170 0 0 0 0 0 0 0
car 0.0 0 0 164 160 175 175 0 0 0 0 0 0 0
car 0.0 0 0 177 169 192 184 0 0 0 0 0 0 0
car 0.0 0 0 185 176 198 189 0 0 0 0 0 0 0
car 0.0 0 0 99 86 112 96 0 0 0 0 0 0 0
car 0.0 0 0 113 94 127 106 0 0 0 0 0 0 0
car 0.0 0 0 129 88 142 102 0 0 0 0 0 0 0
car 0.0 0 0 278 186 291 199 0 0 0 0 0 0 0
car 0.0 0 0 286 190 296 203 0 0 0 0 0 0 0
car 0.0 0 0 186 126 199 142 0 0 0 0 0 0 0
car 0.0 0 0 217 147 230 162 0 0 0 0 0 0 0
car 0.0 0 0 194 133 208 147 0 0 0 0 0 0 0
car 0.0 0 0 260 169 267 183 0 0 0 0 0 0 0
car 0.0 0 0 273 231 287 247 0 0 0 0 0 0 0
car 0.0 0 0 283 233 297 250 0 0 0 0 0 0 0
car 0.0 0 0 20 56 30 69 0 0 0 0 0 0 0
car 0.0 0 0 21 62 34 78 0 0 0 0 0 0 0
car 0.0 0 0 29 68 44 85 0 0 0 0 0 0 0
car 0.0 0 0 72 13 84 28 0 0 0 0 0 0 0
car 0.0 0 0 81 2 93 16 0 0 0 0 0 0 0
car 0.0 0 0 94 21 106 35 0 0 0 0 0 0 0
car 0.0 0 0 106 6 117 21 0 0 0 0 0 0 0
car 0.785714285714 0 0 149 0 160 3 0 0 0 0 0 0 0
car 0.230769230769 0 0 163 0 174 10 0 0 0 0 0 0 0
car 0.0 0 0 170 1 180 14 0 0 0 0 0 0 0
car 0.0 0 0 181 6 190 18 0 0 0 0 0 0 0
car 0.0 0 0 188 10 199 24 0 0 0 0 0 0 0
car 0.0 0 0 194 13 207 30 0 0 0 0 0 0 0
car 0.0 0 0 244 19 258 31 0 0 0 0 0 0 0
car 0.0 0 0 262 30 276 41 0 0 0 0 0 0 0
car 0.0 0 0 222 31 236 46 0 0 0 0 0 0 0
car 0.0 0 0 231 39 242 54 0 0 0 0 0 0 0
car 0.0 0 0 240 43 252 59 0 0 0 0 0 0 0
car 0.0 0 0 249 49 262 63 0 0 0 0 0 0 0
car 0.0 0 0 267 60 279 76 0 0 0 0 0 0 0
car 0.0 0 0 282 15 298 29 0 0 0 0 0 0 0
car 0.0 0 0 314 9 332 25 0 0 0 0 0 0 0
car 0.0 0 0 328 7 340 21 0 0 0 0 0 0 0
car 0.0 0 0 337 4 351 18 0 0 0 0 0 0 0
car 0.411764705882 0 0 342 0 352 11 0 0 0 0 0 0 0
car 0.0 0 0 20 36 37 51 0 0 0 0 0 0 0
car 0.0 0 0 7 4 19 17 0 0 0 0 0 0 0
car 0.0 0 0 14 9 26 23 0 0 0 0 0 0 0
car 0.0 0 0 28 17 41 32 0 0 0 0 0 0 0
car 0.0 0 0 38 22 50 38 0 0 0 0 0 0 0
car 0.0 0 0 45 26 57 41 0 0 0 0 0 0 0
car 0.0 0 0 51 33 62 46 0 0 0 0 0 0 0
car 0.0 0 0 207 189 220 204 0 0 0 0 0 0 0
car 0.0 0 0 21 11 34 28 0 0 0 0 0 0 0
car 0.0 0 0 213 191 228 207 0 0 0 0 0 0 0
car 0.0 0 0 159 106 170 121 0 0 0 0 0 0 0
car 0.0 0 0 306 202 319 217 0 0 0 0 0 0 0
car 0.0 0 0 108 122 123 141 0 0 0 0 0 0 0
car 0.0 0 0 292 228 309 240 0 0 0 0 0 0 0
car 0.0 0 0 199 183 215 199 0 0 0 0 0 0 0
car 0.0 0 0 125 133 140 150 0 0 0 0 0 0 0
car 0.0 0 0 140 143 154 160 0 0 0 0 0 0 0
car 0.0 0 0 212 139 223 156 0 0 0 0 0 0 0
car 0.0 0 0 329 213 340 230 0 0 0 0 0 0 0
car 0.0 0 0 138 90 150 107 0 0 0 0 0 0 0
car 0.0 0 0 131 106 147 119 0 0 0 0 0 0 0
car 0.0 0 0 300 198 313 211 0 0 0 0 0 0 0
car 0.0 0 0 144 115 160 130 0 0 0 0 0 0 0
car 0.466666666667 0 0 344 224 352 241 0 0 0 0 0 0 0
car 0.0 0 0 190 179 204 193 0 0 0 0 0 0 0
car 0.0 0 0 321 208 333 225 0 0 0 0 0 0 0
car 0.0 0 0 259 223 273 235 0 0 0 0 0 0 0
car 0.0 0 0 251 219 266 232 0 0 0 0 0 0 0
car 0.0 0 0 132 140 145 155 0 0 0 0 0 0 0
car 0.0 0 0 291 192 306 208 0 0 0 0 0 0 0
car 0.0 0 0 160 127 178 141 0 0 0 0 0 0 0
car 0.0 0 0 267 227 282 240 0 0 0 0 0 0 0
car 0.0 0 0 117 129 130 149 0 0 0 0 0 0 0
car 0.0 0 0 179 118 193 135 0 0 0 0 0 0 0
car 0.0 0 0 144 95 156 112 0 0 0 0 0 0 0
car 0.0 0 0 242 212 257 228 0 0 0 0 0 0 0
car 0.0 0 0 152 98 165 116 0 0 0 0 0 0 0
car 0.0 0 0 222 200 235 214 0 0 0 0 0 0 0
car 0.0 0 0 291 238 305 255 0 0 0 0 0 0 0
car 0.0 0 0 298 244 310 264 0 0 0 0 0 0 0
car 0.0 0 0 7 51 22 70 0 0 0 0 0 0 0
car 0.0 0 0 338 268 351 281 0 0 0 0 0 0 0
car 0.0 0 0 313 253 326 270 0 0 0 0 0 0 0
car 0.0 0 0 305 247 319 266 0 0 0 0 0 0 0
car 0.0 0 0 166 110 178 129 0 0 0 0 0 0 0
car 0.0 0 0 104 119 116 135 0 0 0 0 0 0 0
car 0.0 0 0 236 207 251 224 0 0 0 0 0 0 0
car 0.5 0 0 345 272 352 288 0 0 0 0 0 0 0
car 0.0 0 0 202 133 218 152 0 0 0 0 0 0 0
car 0.0 0 0 330 261 345 279 0 0 0 0 0 0 0
car 0.857142857143 0 0 350 230 352 248 0 0 0 0 0 0 0
car 0.0 0 0 169 161 184 181 0 0 0 0 0 0 0
car 0.0 0 0 337 218 352 235 0 0 0 0 0 0 0
car 0.0 0 0 312 205 326 221 0 0 0 0 0 0 0
car 0.0 0 0 1 48 14 64 0 0 0 0 0 0 0
car 0.0 0 0 229 202 243 218 0 0 0 0 0 0 0
car 0.0 0 0 322 258 334 276 0 0 0 0 0 0 0
car 0.0 0 0 146 146 161 163 0 0 0 0 0 0 0
