car 0.2 0 0 344 275 352 291 0 0 0 0 0 0 0
car 0.555555555556 0 0 211 0 226 16 0 0 0 0 0 0 0
car 0.428571428571 0 0 287 0 298 8 0 0 0 0 0 0 0
car 0.0 0 0 253 49 268 57 0 0 0 0 0 0 0
car 0.0 0 0 294 61 310 69 0 0 0 0 0 0 0
car 0.0 0 0 155 244 179 258 0 0 0 0 0 0 0
car 0.0 0 0 187 268 210 285 0 0 0 0 0 0 0
car 0.0 0 0 277 261 289 280 0 0 0 0 0 0 0
car 0.0 0 0 284 263 296 284 0 0 0 0 0 0 0
car 0.0 0 0 137 263 150 281 0 0 0 0 0 0 0
car 0.0 0 0 167 264 193 280 0 0 0 0 0 0 0
car 0.0 0 0 51 235 76 250 0 0 0 0 0 0 0
