car 0.0 0 0 87 317 102 331 0 0 0 0 0 0 0
car 0.0 0 0 95 265 112 287 0 0 0 0 0 0 0
car 0.0 0 0 74 258 87 272 0 0 0 0 0 0 0
car 0.0 0 0 181 321 192 335 0 0 0 0 0 0 0
car 0.0 0 0 198 324 210 342 0 0 0 0 0 0 0
car 0.555555555556 0 0 0 9 8 25 0 0 0 0 0 0 0
car 0.0 0 0 4 7 16 21 0 0 0 0 0 0 0
car 0.0 0 0 13 4 27 18 0 0 0 0 0 0 0
car 0.0 0 0 18 0 35 11 0 0 0 0 0 0 0
car 0.0 0 0 315 208 342 236 0 0 0 0 0 0 0
car 0.0 0 0 63 252 79 269 0 0 0 0 0 0 0
car 0.0 0 0 52 290 66 308 0 0 0 0 0 0 0
car 0.0 0 0 5 213 16 230 0 0 0 0 0 0 0
car 0.0 0 0 35 234 48 250 0 0 0 0 0 0 0
car 0.0 0 0 20 224 35 241 0 0 0 0 0 0 0
car 0.25 0 0 0 208 9 225 0 0 0 0 0 0 0
car 0.0 0 0 28 278 42 290 0 0 0 0 0 0 0
car 0.0 0 0 43 237 56 256 0 0 0 0 0 0 0
car 0.0 0 0 14 268 27 281 0 0 0 0 0 0 0
car 0.846153846154 0 0 0 253 2 270 0 0 0 0 0 0 0
car 0.0 0 0 60 248 71 265 0 0 0 0 0 0 0
car 0.0 0 0 21 272 35 288 0 0 0 0 0 0 0
car 0.0 0 0 57 297 73 311 0 0 0 0 0 0 0
car 0.0 0 0 37 281 50 296 0 0 0 0 0 0 0
car 0.0 0 0 6 261 21 279 0 0 0 0 0 0 0
car 0.0 0 0 26 230 40 248 0 0 0 0 0 0 0
car 0.0 0 0 13 218 28 235 0 0 0 0 0 0 0
car 0.857142857143 0 0 0 205 2 221 0 0 0 0 0 0 0
car 0.0 0 0 51 241 65 260 0 0 0 0 0 0 0
car 0.759259259259 0 0 339 304 352 332 0 0 0 0 0 0 0
car 0.166666666667 0 0 0 258 10 276 0 0 0 0 0 0 0
