car 0.0 0 0 99 288 120 307 0 0 0 0 0 0 0
car 0.0 0 0 49 90 63 102 0 0 0 0 0 0 0
car 0.533333333333 0 0 164 345 173 352 0 0 0 0 0 0 0
car 0.0 0 0 84 72 101 88 0 0 0 0 0 0 0
car 0.0 0 0 268 24 284 32 0 0 0 0 0 0 0
car 0.0 0 0 271 82 283 94 0 0 0 0 0 0 0
car 0.0 0 0 108 147 119 162 0 0 0 0 0 0 0
car 0.0 0 0 278 77 291 87 0 0 0 0 0 0 0
car 0.0 0 0 268 37 283 48 0 0 0 0 0 0 0
car 0.0 0 0 282 68 295 77 0 0 0 0 0 0 0
car 0.0 0 0 283 59 296 68 0 0 0 0 0 0 0
car 0.0 0 0 286 49 301 58 0 0 0 0 0 0 0
car 0.935897435897 0 0 0 0 10 1 0 0 0 0 0 0 0
car 0.0 0 0 323 321 334 338 0 0 0 0 0 0 0
car 0.0 0 0 334 325 343 340 0 0 0 0 0 0 0
car 0.0 0 0 265 301 285 321 0 0 0 0 0 0 0
car 0.0 0 0 313 318 325 337 0 0 0 0 0 0 0
car 0.0 0 0 30 62 52 74 0 0 0 0 0 0 0
car 0.0 0 0 224 288 240 312 0 0 0 0 0 0 0
car 0.625 0 0 171 346 182 352 0 0 0 0 0 0 0
car 0.0 0 0 36 85 61 95 0 0 0 0 0 0 0
car 0.0 0 0 33 69 54 81 0 0 0 0 0 0 0
