car 0.0 0 0 4 154 17 162 0 0 0 0 0 0 0
car 0.0 0 0 6 172 24 183 0 0 0 0 0 0 0
car 0.0 0 0 70 51 80 66 0 0 0 0 0 0 0
car 0.0 0 0 281 20 292 33 0 0 0 0 0 0 0
car 0.0 0 0 292 27 306 40 0 0 0 0 0 0 0
car 0.0 0 0 286 24 297 37 0 0 0 0 0 0 0
car 0.0 0 0 8 224 20 238 0 0 0 0 0 0 0
car 0.0 0 0 17 229 28 244 0 0 0 0 0 0 0
car 0.0 0 0 44 201 60 214 0 0 0 0 0 0 0
car 0.0 0 0 131 274 145 288 0 0 0 0 0 0 0
car 0.0 0 0 94 308 103 322 0 0 0 0 0 0 0
car 0.0 0 0 72 337 84 352 0 0 0 0 0 0 0
car 0.0 0 0 81 326 93 340 0 0 0 0 0 0 0
car 0.5 0 0 94 345 106 352 0 0 0 0 0 0 0
car 0.0 0 0 106 330 117 345 0 0 0 0 0 0 0
car 0.0 0 0 149 313 160 327 0 0 0 0 0 0 0
car 0.0 0 0 163 321 174 334 0 0 0 0 0 0 0
car 0.0 0 0 170 325 180 338 0 0 0 0 0 0 0
car 0.0 0 0 181 330 190 342 0 0 0 0 0 0 0
car 0.0 0 0 188 334 199 348 0 0 0 0 0 0 0
car 0.117647058824 0 0 194 337 207 352 0 0 0 0 0 0 0
car 0.25 0 0 244 343 258 352 0 0 0 0 0 0 0
car 0.0 0 0 323 26 336 41 0 0 0 0 0 0 0
car 0.0714285714286 0 0 282 339 298 352 0 0 0 0 0 0 0
car 0.0 0 0 314 333 332 349 0 0 0 0 0 0 0
car 0.0 0 0 328 331 340 345 0 0 0 0 0 0 0
car 0.0 0 0 337 328 351 342 0 0 0 0 0 0 0
car 0.411764705882 0 0 342 324 352 335 0 0 0 0 0 0 0
car 0.0 0 0 7 328 19 341 0 0 0 0 0 0 0
car 0.0 0 0 14 333 26 347 0 0 0 0 0 0 0
car 0.266666666667 0 0 28 341 41 352 0 0 0 0 0 0 0
car 0.625 0 0 38 346 50 352 0 0 0 0 0 0 0
car 0.866666666667 0 0 45 350 57 352 0 0 0 0 0 0 0
car 0.0 0 0 21 335 34 352 0 0 0 0 0 0 0
car 0.0 0 0 329 50 344 68 0 0 0 0 0 0 0
car 0.833333333333 0 0 349 214 352 236 0 0 0 0 0 0 0
car 0.444444444444 0 0 342 40 352 57 0 0 0 0 0 0 0
car 0.0 0 0 322 46 339 64 0 0 0 0 0 0 0
car 0.0 0 0 59 55 68 67 0 0 0 0 0 0 0
car 0.0 0 0 31 55 39 74 0 0 0 0 0 0 0
car 0.0 0 0 297 27 314 47 0 0 0 0 0 0 0
car 0.6 0 0 346 200 352 218 0 0 0 0 0 0 0
car 0.0 0 0 58 255 72 273 0 0 0 0 0 0 0
car 0.368421052632 0 0 340 55 352 75 0 0 0 0 0 0 0
car 0.0 0 0 310 36 323 54 0 0 0 0 0 0 0
car 0.0 0 0 53 55 59 69 0 0 0 0 0 0 0
car 0.0 0 0 50 250 64 267 0 0 0 0 0 0 0
car 0.0 0 0 305 32 318 50 0 0 0 0 0 0 0
car 0.0 0 0 40 244 55 261 0 0 0 0 0 0 0
car 0.0 0 0 68 259 85 276 0 0 0 0 0 0 0
car 0.0 0 0 333 34 348 49 0 0 0 0 0 0 0
car 0.0 0 0 316 41 331 59 0 0 0 0 0 0 0
