car 0.0 0 0 177 2 234 14 0 0 0 0 0 0 0
car 0.0 0 0 44 231 63 241 0 0 0 0 0 0 0
car 0.6 0 0 50 348 67 352 0 0 0 0 0 0 0
car 0.0 0 0 3 233 18 242 0 0 0 0 0 0 0
car 0.0 0 0 221 116 229 129 0 0 0 0 0 0 0
car 0.0 0 0 158 130 223 158 0 0 0 0 0 0 0
car 0.0 0 0 40 217 58 224 0 0 0 0 0 0 0
car 0.0 0 0 49 19 56 31 0 0 0 0 0 0 0
car 0.6470588235294117 0 0 93 346 102 352 0 0 0 0 0 0 0
car 0.15000000000000002 0 0 0 320 17 335 0 0 0 0 0 0 0
car 0.0 0 0 42 201 59 211 0 0 0 0 0 0 0
car 0.0 0 0 23 84 86 118 0 0 0 0 0 0 0
car 0.0 0 0 34 331 50 346 0 0 0 0 0 0 0
car 0.0 0 0 27 179 43 189 0 0 0 0 0 0 0
car 0.0 0 0 60 18 68 32 0 0 0 0 0 0 0
car 0.7833333333333333 0 0 0 62 13 91 0 0 0 0 0 0 0
car 0.0 0 0 45 324 62 334 0 0 0 0 0 0 0
car 0.0 0 0 276 311 293 322 0 0 0 0 0 0 0
car 0.0 0 0 269 162 331 193 0 0 0 0 0 0 0
car 0.0 0 0 84 327 96 347 0 0 0 0 0 0 0
car 0.631578947368421 0 0 0 309 7 326 0 0 0 0 0 0 0
car 0.0 0 0 27 165 39 172 0 0 0 0 0 0 0
car 0.0 0 0 25 171 42 179 0 0 0 0 0 0 0
car 0.0 0 0 259 311 278 321 0 0 0 0 0 0 0
car 0.0 0 0 28 18 34 31 0 0 0 0 0 0 0
car 0.2859504132231405 0 0 334 304 352 352 0 0 0 0 0 0 0
car 0.0 0 0 14 331 29 345 0 0 0 0 0 0 0
car 0.0 0 0 15 163 27 182 0 0 0 0 0 0 0
car 0.0 0 0 293 311 316 318 0 0 0 0 0 0 0
car 0.4666666666666667 0 0 0 20 8 33 0 0 0 0 0 0 0
car 0.0 0 0 36 18 45 32 0 0 0 0 0 0 0
car 0.0 0 0 4 161 18 181 0 0 0 0 0 0 0
car 0.3846153846153846 0 0 0 156 8 175 0 0 0 0 0 0 0
car 0.0 0 0 30 198 47 205 0 0 0 0 0 0 0
car 0.0 0 0 16 21 27 32 0 0 0 0 0 0 0
car 0.953125 0 0 0 26 3 61 0 0 0 0 0 0 0
car 0.0 0 0 227 148 265 173 0 0 0 0 0 0 0
