car 0.0 0 0 185 282 200 306 0 0 0 0 0 0 0
car 0.0 0 0 334 331 345 346 0 0 0 0 0 0 0
car 0.0 0 0 33 288 53 295 0 0 0 0 0 0 0
car 0.0 0 0 264 279 319 314 0 0 0 0 0 0 0
car 0.1428571428571429 0 0 139 340 150 352 0 0 0 0 0 0 0
car 0.0 0 0 325 330 333 341 0 0 0 0 0 0 0
car 0.0 0 0 121 265 131 280 0 0 0 0 0 0 0
car 0.0 0 0 166 277 179 296 0 0 0 0 0 0 0
car 0.0 0 0 255 231 306 250 0 0 0 0 0 0 0
car 0.0 0 0 193 267 247 292 0 0 0 0 0 0 0
car 0.0 0 0 323 90 340 150 0 0 0 0 0 0 0
car 0.0 0 0 33 280 48 288 0 0 0 0 0 0 0
car 0.0 0 0 158 275 167 288 0 0 0 0 0 0 0
car 0.0 0 0 139 215 197 242 0 0 0 0 0 0 0
car 0.0 0 0 323 41 339 83 0 0 0 0 0 0 0
car 0.0 0 0 30 259 47 269 0 0 0 0 0 0 0
car 0.0 0 0 244 254 260 263 0 0 0 0 0 0 0
car 0.8870967741935484 0 0 0 162 7 193 0 0 0 0 0 0 0
car 0.0 0 0 34 336 52 344 0 0 0 0 0 0 0
car 0.0 0 0 192 217 255 250 0 0 0 0 0 0 0
car 0.0 0 0 176 279 189 297 0 0 0 0 0 0 0
car 0.0 0 0 30 269 47 277 0 0 0 0 0 0 0
car 0.0 0 0 28 254 45 260 0 0 0 0 0 0 0
car 0.1333333333333333 0 0 117 339 129 352 0 0 0 0 0 0 0
car 0.0 0 0 71 189 133 218 0 0 0 0 0 0 0
car 0.12727272727272732 0 0 10 304 32 352 0 0 0 0 0 0 0
car 0.0 0 0 324 299 335 312 0 0 0 0 0 0 0
car 0.0 0 0 263 309 278 328 0 0 0 0 0 0 0
car 0.0 0 0 31 311 52 321 0 0 0 0 0 0 0
car 0.0 0 0 36 320 56 328 0 0 0 0 0 0 0
car 0.0 0 0 273 272 289 283 0 0 0 0 0 0 0
car 0.6 0 0 33 348 50 352 0 0 0 0 0 0 0
car 0.0 0 0 29 244 47 251 0 0 0 0 0 0 0
car 0.0 0 0 34 328 56 338 0 0 0 0 0 0 0
car 0.0 0 0 253 304 270 325 0 0 0 0 0 0 0
car 0.0 0 0 123 195 185 225 0 0 0 0 0 0 0
car 0.0 0 0 113 241 179 272 0 0 0 0 0 0 0
