car 0.0 0 0 169 4 185 12 0 0 0 0 0 0 0
car 0.0 0 0 180 34 189 45 0 0 0 0 0 0 0
car 0.0 0 0 188 34 196 43 0 0 0 0 0 0 0
car 0.0 0 0 142 61 163 67 0 0 0 0 0 0 0
car 0.0 0 0 276 311 306 324 0 0 0 0 0 0 0
car 0.0 0 0 302 294 316 300 0 0 0 0 0 0 0
car 0.0 0 0 268 275 290 285 0 0 0 0 0 0 0
car 0.0 0 0 187 6 201 14 0 0 0 0 0 0 0
car 0.0 0 0 186 0 200 8 0 0 0 0 0 0 0
car 0.0 0 0 173 21 191 28 0 0 0 0 0 0 0
car 0.0 0 0 223 59 233 74 0 0 0 0 0 0 0
car 0.0 0 0 264 49 275 64 0 0 0 0 0 0 0
car 0.0 0 0 320 83 338 92 0 0 0 0 0 0 0
car 0.0 0 0 330 92 348 103 0 0 0 0 0 0 0
car 0.0 0 0 236 148 246 167 0 0 0 0 0 0 0
car 0.0 0 0 208 200 229 208 0 0 0 0 0 0 0
car 0.0 0 0 188 196 209 204 0 0 0 0 0 0 0
car 0.0 0 0 208 208 229 217 0 0 0 0 0 0 0
car 0.0 0 0 145 220 165 228 0 0 0 0 0 0 0
car 0.0 0 0 165 222 181 231 0 0 0 0 0 0 0
car 0.0 0 0 304 186 320 199 0 0 0 0 0 0 0
car 0.0 0 0 33 3 46 18 0 0 0 0 0 0 0
car 0.0 0 0 37 17 49 31 0 0 0 0 0 0 0
car 0.0 0 0 41 30 51 43 0 0 0 0 0 0 0
car 0.0 0 0 44 41 54 53 0 0 0 0 0 0 0
car 0.0 0 0 48 55 59 69 0 0 0 0 0 0 0
car 0.0 0 0 195 34 222 47 0 0 0 0 0 0 0
car 0.7894736842105263 0 0 0 296 4 306 0 0 0 0 0 0 0
car 0.0 0 0 96 214 109 224 0 0 0 0 0 0 0
car 0.0 0 0 108 220 122 230 0 0 0 0 0 0 0
car 0.0 0 0 132 229 148 240 0 0 0 0 0 0 0
car 0.0 0 0 133 239 151 248 0 0 0 0 0 0 0
car 0.0 0 0 79 271 98 281 0 0 0 0 0 0 0
car 0.0 0 0 296 332 315 343 0 0 0 0 0 0 0
car 0.0 0 0 45 322 61 333 0 0 0 0 0 0 0
car 0.0 0 0 107 245 130 257 0 0 0 0 0 0 0
car 0.0 0 0 195 215 212 224 0 0 0 0 0 0 0
car 0.0 0 0 137 315 152 324 0 0 0 0 0 0 0
car 0.0 0 0 165 71 182 82 0 0 0 0 0 0 0
car 0.0 0 0 175 10 188 19 0 0 0 0 0 0 0
car 0.0 0 0 32 238 49 248 0 0 0 0 0 0 0
car 0.0 0 0 222 155 230 168 0 0 0 0 0 0 0
car 0.0 0 0 330 133 349 147 0 0 0 0 0 0 0
car 0.0 0 0 98 235 121 243 0 0 0 0 0 0 0
car 0.0 0 0 317 173 329 187 0 0 0 0 0 0 0
car 0.0 0 0 51 74 67 86 0 0 0 0 0 0 0
car 0.0 0 0 311 93 331 102 0 0 0 0 0 0 0
car 0.0 0 0 146 253 166 262 0 0 0 0 0 0 0
car 0.0 0 0 254 287 274 299 0 0 0 0 0 0 0
car 0.0 0 0 186 186 198 196 0 0 0 0 0 0 0
car 0.0 0 0 246 309 272 321 0 0 0 0 0 0 0
car 0.0 0 0 326 169 337 180 0 0 0 0 0 0 0
car 0.0 0 0 59 102 71 116 0 0 0 0 0 0 0
car 0.0 0 0 279 114 291 132 0 0 0 0 0 0 0
car 0.0 0 0 198 160 209 169 0 0 0 0 0 0 0
car 0.0 0 0 329 196 344 206 0 0 0 0 0 0 0
car 0.0 0 0 291 65 312 76 0 0 0 0 0 0 0
car 0.0 0 0 204 251 221 261 0 0 0 0 0 0 0
car 0.0 0 0 189 204 206 210 0 0 0 0 0 0 0
car 0.09090909090909094 0 0 88 342 112 352 0 0 0 0 0 0 0
car 0.0 0 0 177 28 193 35 0 0 0 0 0 0 0
car 0.0 0 0 83 190 96 200 0 0 0 0 0 0 0
car 0.0 0 0 317 208 334 220 0 0 0 0 0 0 0
car 0.0 0 0 151 282 167 293 0 0 0 0 0 0 0
car 0.0 0 0 72 282 93 293 0 0 0 0 0 0 0
car 0.0 0 0 194 282 206 291 0 0 0 0 0 0 0
car 0.0 0 0 212 157 221 172 0 0 0 0 0 0 0
car 0.0 0 0 32 266 55 277 0 0 0 0 0 0 0
car 0.0 0 0 322 118 339 127 0 0 0 0 0 0 0
car 0.0 0 0 90 285 119 295 0 0 0 0 0 0 0
car 0.0 0 0 49 336 67 347 0 0 0 0 0 0 0
car 0.0 0 0 27 336 41 342 0 0 0 0 0 0 0
car 0.0 0 0 73 249 90 255 0 0 0 0 0 0 0
car 0.0 0 0 311 103 328 113 0 0 0 0 0 0 0
car 0.0 0 0 290 303 306 311 0 0 0 0 0 0 0
car 0.0 0 0 210 60 224 75 0 0 0 0 0 0 0
car 0.0 0 0 131 259 155 270 0 0 0 0 0 0 0
car 0.0 0 0 176 282 188 290 0 0 0 0 0 0 0
car 0.0 0 0 68 239 90 247 0 0 0 0 0 0 0
car 0.0 0 0 206 229 223 237 0 0 0 0 0 0 0
car 0.8 0 0 331 349 350 352 0 0 0 0 0 0 0
car 0.0 0 0 69 129 78 142 0 0 0 0 0 0 0
car 0.0 0 0 324 129 345 139 0 0 0 0 0 0 0
car 0.0 0 0 20 230 39 241 0 0 0 0 0 0 0
car 0.0 0 0 197 299 219 312 0 0 0 0 0 0 0
car 0.9230769230769231 0 0 0 272 2 283 0 0 0 0 0 0 0
car 0.0 0 0 116 278 139 287 0 0 0 0 0 0 0
car 0.0 0 0 234 232 254 251 0 0 0 0 0 0 0
car 0.0 0 0 303 279 325 289 0 0 0 0 0 0 0
car 0.0 0 0 139 338 156 347 0 0 0 0 0 0 0
car 0.0 0 0 173 160 187 172 0 0 0 0 0 0 0
car 0.0 0 0 296 71 319 83 0 0 0 0 0 0 0
car 0.0 0 0 230 328 250 341 0 0 0 0 0 0 0
car 0.0 0 0 65 118 77 128 0 0 0 0 0 0 0
car 0.0 0 0 34 223 48 233 0 0 0 0 0 0 0
car 0.0 0 0 330 162 349 176 0 0 0 0 0 0 0
car 0.0 0 0 203 269 222 280 0 0 0 0 0 0 0
car 0.0 0 0 212 292 230 307 0 0 0 0 0 0 0
car 0.0 0 0 289 201 306 219 0 0 0 0 0 0 0
car 0.0 0 0 19 327 37 334 0 0 0 0 0 0 0
car 0.0 0 0 227 307 239 318 0 0 0 0 0 0 0
car 0.0 0 0 50 243 71 256 0 0 0 0 0 0 0
car 0.0 0 0 78 176 92 187 0 0 0 0 0 0 0
car 0.0 0 0 209 191 226 198 0 0 0 0 0 0 0
car 0.0 0 0 311 110 333 122 0 0 0 0 0 0 0
car 0.3571428571428571 0 0 217 343 234 352 0 0 0 0 0 0 0
car 0.0 0 0 77 156 86 174 0 0 0 0 0 0 0
