car 0.0 0 0 11 28 21 45 0 0 0 0 0 0 0
car 0.0 0 0 4 42 13 62 0 0 0 0 0 0 0
car 0.0 0 0 136 284 154 300 0 0 0 0 0 0 0
car 0.0 0 0 223 214 240 224 0 0 0 0 0 0 0
car 0.0 0 0 162 314 180 328 0 0 0 0 0 0 0
car 0.0 0 0 229 263 248 272 0 0 0 0 0 0 0
car 0.0 0 0 309 296 328 306 0 0 0 0 0 0 0
car 0.0 0 0 22 199 37 207 0 0 0 0 0 0 0
car 0.0 0 0 179 182 201 200 0 0 0 0 0 0 0
car 0.0 0 0 150 304 171 322 0 0 0 0 0 0 0
car 0.0 0 0 72 317 91 325 0 0 0 0 0 0 0
car 0.0 0 0 9 300 28 317 0 0 0 0 0 0 0
car 0.0 0 0 81 198 105 213 0 0 0 0 0 0 0
car 0.0 0 0 162 202 187 213 0 0 0 0 0 0 0
car 0.0 0 0 197 51 207 62 0 0 0 0 0 0 0
car 0.0 0 0 41 184 59 191 0 0 0 0 0 0 0
car 0.0 0 0 188 80 208 90 0 0 0 0 0 0 0
car 0.7 0 0 0 280 6 295 0 0 0 0 0 0 0
car 0.0 0 0 22 172 45 182 0 0 0 0 0 0 0
car 0.0 0 0 101 192 125 203 0 0 0 0 0 0 0
car 0.0 0 0 136 197 150 210 0 0 0 0 0 0 0
car 0.0 0 0 31 164 47 174 0 0 0 0 0 0 0
car 0.0 0 0 134 213 151 230 0 0 0 0 0 0 0
car 0.0 0 0 20 45 37 63 0 0 0 0 0 0 0
car 1.0 0 0 0 150 0 162 0 0 0 0 0 0 0
car 0.0 0 0 161 243 178 259 0 0 0 0 0 0 0
car 0.55 0 0 0 125 9 142 0 0 0 0 0 0 0
car 0.0 0 0 271 257 288 265 0 0 0 0 0 0 0
car 0.0 0 0 126 314 144 325 0 0 0 0 0 0 0
car 0.0 0 0 240 313 268 320 0 0 0 0 0 0 0
car 0.0 0 0 135 335 148 351 0 0 0 0 0 0 0
car 0.0 0 0 148 265 161 277 0 0 0 0 0 0 0
car 0.0 0 0 21 188 42 201 0 0 0 0 0 0 0
car 0.0 0 0 259 268 285 276 0 0 0 0 0 0 0
car 0.0 0 0 121 307 135 314 0 0 0 0 0 0 0
car 0.0 0 0 2 152 15 166 0 0 0 0 0 0 0
car 0.0 0 0 104 183 128 197 0 0 0 0 0 0 0
car 0.0 0 0 161 189 184 204 0 0 0 0 0 0 0
car 0.0 0 0 211 199 233 213 0 0 0 0 0 0 0
car 0.3571428571428571 0 0 0 169 9 185 0 0 0 0 0 0 0
car 0.0 0 0 181 301 196 309 0 0 0 0 0 0 0
car 0.0 0 0 150 223 168 239 0 0 0 0 0 0 0
car 0.9285714285714286 0 0 351 336 352 342 0 0 0 0 0 0 0
car 0.0 0 0 39 106 52 116 0 0 0 0 0 0 0
car 0.0 0 0 224 319 244 332 0 0 0 0 0 0 0
car 0.9090909090909091 0 0 0 187 2 205 0 0 0 0 0 0 0
car 0.5789473684210527 0 0 344 230 352 241 0 0 0 0 0 0 0
car 0.0 0 0 300 272 326 283 0 0 0 0 0 0 0
car 0.0 0 0 126 198 139 214 0 0 0 0 0 0 0
car 0.0 0 0 191 206 210 215 0 0 0 0 0 0 0
car 0.0 0 0 280 208 306 221 0 0 0 0 0 0 0
car 0.0 0 0 27 69 39 87 0 0 0 0 0 0 0
car 0.0 0 0 265 322 288 332 0 0 0 0 0 0 0
car 0.0 0 0 178 48 192 57 0 0 0 0 0 0 0
car 0.0 0 0 76 192 104 203 0 0 0 0 0 0 0
car 0.0 0 0 18 2 30 21 0 0 0 0 0 0 0
car 0.0 0 0 7 131 18 145 0 0 0 0 0 0 0
car 0.0 0 0 88 153 112 167 0 0 0 0 0 0 0
car 0.0 0 0 5 64 16 79 0 0 0 0 0 0 0
car 0.0 0 0 163 226 182 244 0 0 0 0 0 0 0
car 0.0 0 0 145 242 164 261 0 0 0 0 0 0 0
car 0.5 0 0 343 327 352 334 0 0 0 0 0 0 0
car 0.7 0 0 0 203 6 219 0 0 0 0 0 0 0
car 0.0 0 0 120 331 130 349 0 0 0 0 0 0 0
car 0.0 0 0 298 228 320 239 0 0 0 0 0 0 0
car 0.0 0 0 231 21 251 34 0 0 0 0 0 0 0
car 0.5625 0 0 240 345 249 352 0 0 0 0 0 0 0
car 0.0 0 0 8 89 18 101 0 0 0 0 0 0 0
car 0.0 0 0 211 307 236 317 0 0 0 0 0 0 0
car 0.0 0 0 142 167 166 184 0 0 0 0 0 0 0
car 0.0 0 0 302 316 322 325 0 0 0 0 0 0 0
car 0.0 0 0 142 323 153 332 0 0 0 0 0 0 0
