car 0.0 0 0 28 142 45 151 0 0 0 0 0 0 0
car 0.0 0 0 18 160 37 170 0 0 0 0 0 0 0
car 0.0 0 0 83 183 100 192 0 0 0 0 0 0 0
car 0.0 0 0 335 28 345 45 0 0 0 0 0 0 0
car 0.0 0 0 328 42 337 62 0 0 0 0 0 0 0
car 0.6 0 0 346 199 352 207 0 0 0 0 0 0 0
car 0.0 0 0 277 144 294 164 0 0 0 0 0 0 0
car 0.0 0 0 208 320 225 332 0 0 0 0 0 0 0
car 0.0 0 0 303 209 312 224 0 0 0 0 0 0 0
car 0.0 0 0 311 232 323 247 0 0 0 0 0 0 0
car 0.0 0 0 64 295 87 304 0 0 0 0 0 0 0
car 0.0 0 0 126 10 138 18 0 0 0 0 0 0 0
car 0.0 0 0 333 300 352 317 0 0 0 0 0 0 0
car 0.0 0 0 261 290 279 309 0 0 0 0 0 0 0
car 0.0 0 0 206 335 227 346 0 0 0 0 0 0 0
car 0.0 0 0 310 280 330 295 0 0 0 0 0 0 0
car 0.7391304347826086 0 0 346 172 352 182 0 0 0 0 0 0 0
car 0.0 0 0 57 288 82 297 0 0 0 0 0 0 0
car 0.0 0 0 42 190 56 199 0 0 0 0 0 0 0
car 0.0 0 0 88 288 110 300 0 0 0 0 0 0 0
car 0.5294117647058824 0 0 344 45 352 63 0 0 0 0 0 0 0
car 0.0 0 0 162 189 179 201 0 0 0 0 0 0 0
car 0.0 0 0 303 262 317 275 0 0 0 0 0 0 0
car 0.0 0 0 20 314 36 326 0 0 0 0 0 0 0
car 0.0 0 0 178 115 194 127 0 0 0 0 0 0 0
car 0.0 0 0 281 285 291 302 0 0 0 0 0 0 0
car 0.0 0 0 310 150 324 162 0 0 0 0 0 0 0
car 0.0 0 0 56 181 74 189 0 0 0 0 0 0 0
car 0.0 0 0 18 209 30 218 0 0 0 0 0 0 0
car 0.0 0 0 313 125 333 142 0 0 0 0 0 0 0
car 0.0 0 0 292 297 304 314 0 0 0 0 0 0 0
car 0.0 0 0 102 221 119 234 0 0 0 0 0 0 0
car 0.0 0 0 25 297 44 309 0 0 0 0 0 0 0
car 0.0 0 0 148 197 161 209 0 0 0 0 0 0 0
car 0.6666666666666667 0 0 345 188 352 201 0 0 0 0 0 0 0
car 0.0 0 0 326 152 339 166 0 0 0 0 0 0 0
car 0.0 0 0 57 251 74 260 0 0 0 0 0 0 0
car 0.0 0 0 54 240 72 251 0 0 0 0 0 0 0
car 0.0 0 0 14 256 34 267 0 0 0 0 0 0 0
car 0.0 0 0 319 169 333 185 0 0 0 0 0 0 0
car 0.0 0 0 37 245 57 259 0 0 0 0 0 0 0
car 0.0 0 0 119 280 138 291 0 0 0 0 0 0 0
car 0.0 0 0 159 338 182 351 0 0 0 0 0 0 0
car 0.0 0 0 68 189 82 197 0 0 0 0 0 0 0
car 0.0 0 0 32 203 49 215 0 0 0 0 0 0 0
car 0.0 0 0 32 259 55 268 0 0 0 0 0 0 0
car 0.8 0 0 72 350 93 352 0 0 0 0 0 0 0
car 0.0 0 0 1 217 17 228 0 0 0 0 0 0 0
car 0.0 0 0 304 187 326 205 0 0 0 0 0 0 0
car 0.0 0 0 189 186 210 200 0 0 0 0 0 0 0
car 0.0 0 0 293 203 304 218 0 0 0 0 0 0 0
car 0.0 0 0 254 157 278 168 0 0 0 0 0 0 0
car 0.9166666666666666 0 0 351 69 352 87 0 0 0 0 0 0 0
car 0.16666666666666663 0 0 342 2 352 21 0 0 0 0 0 0 0
car 0.0 0 0 331 131 342 145 0 0 0 0 0 0 0
car 0.0 0 0 329 64 340 79 0 0 0 0 0 0 0
car 0.1428571428571429 0 0 98 340 121 352 0 0 0 0 0 0 0
car 0.0 0 0 93 276 112 287 0 0 0 0 0 0 0
car 0.0 0 0 296 241 313 258 0 0 0 0 0 0 0
car 0.0 0 0 310 203 330 219 0 0 0 0 0 0 0
car 0.0 0 0 284 316 302 335 0 0 0 0 0 0 0
car 0.0 0 0 296 178 311 192 0 0 0 0 0 0 0
car 0.0 0 0 332 89 342 101 0 0 0 0 0 0 0
car 0.0 0 0 13 198 31 210 0 0 0 0 0 0 0
