car 0.0 0 0 279 328 294 336 0 0 0 0 0 0 0
car 0.4736842105263158 0 0 247 342 265 352 0 0 0 0 0 0 0
car 0.0 0 0 142 289 162 313 0 0 0 0 0 0 0
car 0.0 0 0 151 311 177 346 0 0 0 0 0 0 0
car 0.0 0 0 106 224 133 264 0 0 0 0 0 0 0
car 0.0 0 0 123 222 147 260 0 0 0 0 0 0 0
car 0.0 0 0 140 226 154 242 0 0 0 0 0 0 0
car 0.0 0 0 174 192 186 208 0 0 0 0 0 0 0
car 0.0 0 0 112 160 139 201 0 0 0 0 0 0 0
car 0.0 0 0 70 176 88 184 0 0 0 0 0 0 0
car 0.0 0 0 182 162 194 181 0 0 0 0 0 0 0
car 0.0 0 0 195 167 205 184 0 0 0 0 0 0 0
car 0.0 0 0 205 173 215 188 0 0 0 0 0 0 0
car 0.0 0 0 269 195 289 205 0 0 0 0 0 0 0
car 0.0 0 0 255 230 276 240 0 0 0 0 0 0 0
car 0.0 0 0 260 237 283 249 0 0 0 0 0 0 0
car 0.0 0 0 259 178 277 188 0 0 0 0 0 0 0
car 0.0 0 0 278 150 297 158 0 0 0 0 0 0 0
car 0.0 0 0 308 94 325 99 0 0 0 0 0 0 0
car 0.0 0 0 305 100 322 108 0 0 0 0 0 0 0
car 0.0 0 0 324 104 339 112 0 0 0 0 0 0 0
car 0.0 0 0 301 127 311 140 0 0 0 0 0 0 0
car 0.0 0 0 86 293 95 306 0 0 0 0 0 0 0
car 0.0 0 0 55 261 73 269 0 0 0 0 0 0 0
car 0.0 0 0 61 241 80 253 0 0 0 0 0 0 0
car 0.0 0 0 86 264 104 273 0 0 0 0 0 0 0
car 0.7333333333333334 0 0 348 321 352 333 0 0 0 0 0 0 0
car 0.7142857142857143 0 0 162 0 180 4 0 0 0 0 0 0 0
car 0.875 0 0 72 0 91 1 0 0 0 0 0 0 0
car 0.0 0 0 272 118 280 133 0 0 0 0 0 0 0
car 0.0 0 0 234 182 249 190 0 0 0 0 0 0 0
car 0.0 0 0 192 198 203 216 0 0 0 0 0 0 0
car 0.0 0 0 140 127 153 144 0 0 0 0 0 0 0
car 0.0 0 0 119 33 133 47 0 0 0 0 0 0 0
car 0.5 0 0 299 348 316 352 0 0 0 0 0 0 0
car 0.0 0 0 262 171 277 179 0 0 0 0 0 0 0
car 0.9090909090909091 0 0 126 0 144 1 0 0 0 0 0 0 0
car 0.0 0 0 248 126 264 136 0 0 0 0 0 0 0
car 0.0 0 0 135 11 148 27 0 0 0 0 0 0 0
car 0.0 0 0 198 245 211 264 0 0 0 0 0 0 0
car 0.0 0 0 139 91 152 113 0 0 0 0 0 0 0
car 0.0 0 0 90 114 106 127 0 0 0 0 0 0 0
car 0.0 0 0 208 243 224 261 0 0 0 0 0 0 0
car 0.9285714285714286 0 0 351 12 352 18 0 0 0 0 0 0 0
car 0.3846153846153846 0 0 224 0 244 8 0 0 0 0 0 0 0
car 0.0 0 0 275 182 295 191 0 0 0 0 0 0 0
car 0.9411764705882353 0 0 351 304 352 315 0 0 0 0 0 0 0
car 0.0 0 0 234 190 253 198 0 0 0 0 0 0 0
car 0.19999999999999996 0 0 265 0 288 8 0 0 0 0 0 0 0
car 0.0 0 0 80 135 93 154 0 0 0 0 0 0 0
car 0.5 0 0 343 3 352 10 0 0 0 0 0 0 0
car 0.0 0 0 120 7 130 25 0 0 0 0 0 0 0
car 0.0 0 0 240 21 249 37 0 0 0 0 0 0 0
car 0.8888888888888888 0 0 302 0 322 1 0 0 0 0 0 0 0
car 0.0 0 0 226 169 245 179 0 0 0 0 0 0 0
car 0.11111111111111116 0 0 142 0 153 8 0 0 0 0 0 0 0
