car 0.33333333333333337 0 0 208 0 225 8 0 0 0 0 0 0 0
car 0.0 0 0 206 11 227 22 0 0 0 0 0 0 0
car 0.0 0 0 193 199 210 210 0 0 0 0 0 0 0
car 0.8333333333333334 0 0 20 0 36 2 0 0 0 0 0 0 0
car 0.0 0 0 93 31 110 41 0 0 0 0 0 0 0
car 0.85 0 0 121 349 130 352 0 0 0 0 0 0 0
car 0.0 0 0 52 32 71 42 0 0 0 0 0 0 0
car 0.0 0 0 159 14 182 27 0 0 0 0 0 0 0
car 0.0 0 0 125 30 143 38 0 0 0 0 0 0 0
car 0.0 0 0 72 26 93 36 0 0 0 0 0 0 0
car 0.0 0 0 171 203 186 214 0 0 0 0 0 0 0
car 0.0 0 0 98 16 121 30 0 0 0 0 0 0 0
car 0.42105263157894735 0 0 284 0 302 11 0 0 0 0 0 0 0
