car 0.0 0 0 150 41 168 54 0 0 0 0 0 0 0
car 0.0 0 0 116 79 133 97 0 0 0 0 0 0 0
car 0.0 0 0 173 134 186 152 0 0 0 0 0 0 0
car 0.0 0 0 152 112 171 126 0 0 0 0 0 0 0
car 0.5333333333333333 0 0 258 0 281 7 0 0 0 0 0 0 0
car 0.2666666666666667 0 0 321 0 341 11 0 0 0 0 0 0 0
car 0.0 0 0 27 298 41 309 0 0 0 0 0 0 0
car 0.0 0 0 336 41 343 57 0 0 0 0 0 0 0
car 0.0 0 0 150 316 169 332 0 0 0 0 0 0 0
car 0.0 0 0 199 208 208 222 0 0 0 0 0 0 0
car 0.0 0 0 208 213 218 230 0 0 0 0 0 0 0
car 0.2222222222222222 0 0 136 0 155 14 0 0 0 0 0 0 0
car 0.0 0 0 191 168 204 189 0 0 0 0 0 0 0
car 0.8823529411764706 0 0 312 0 331 2 0 0 0 0 0 0 0
car 0.6470588235294117 0 0 346 92 352 109 0 0 0 0 0 0 0
car 0.0 0 0 183 279 198 294 0 0 0 0 0 0 0
car 0.0 0 0 201 263 217 273 0 0 0 0 0 0 0
car 0.0 0 0 303 26 320 40 0 0 0 0 0 0 0
car 0.06666666666666665 0 0 338 7 352 21 0 0 0 0 0 0 0
car 0.0 0 0 204 228 212 244 0 0 0 0 0 0 0
car 0.0 0 0 54 328 69 345 0 0 0 0 0 0 0
car 0.0 0 0 329 330 351 342 0 0 0 0 0 0 0
car 0.0 0 0 194 187 206 206 0 0 0 0 0 0 0
car 0.0 0 0 26 326 42 338 0 0 0 0 0 0 0
car 0.0 0 0 186 156 199 171 0 0 0 0 0 0 0
car 0.0 0 0 152 285 168 300 0 0 0 0 0 0 0
