car 0.8108108108108107 0 0 0 195 7 208 0 0 0 0 0 0 0
car 0.0 0 0 33 260 50 277 0 0 0 0 0 0 0
car 0.0 0 0 44 290 57 305 0 0 0 0 0 0 0
car 0.0 0 0 68 274 79 287 0 0 0 0 0 0 0
car 0.0 0 0 86 259 94 271 0 0 0 0 0 0 0
car 0.0 0 0 99 271 118 280 0 0 0 0 0 0 0
car 0.0 0 0 99 278 115 287 0 0 0 0 0 0 0
car 0.0 0 0 14 317 28 330 0 0 0 0 0 0 0
car 0.0 0 0 39 315 54 326 0 0 0 0 0 0 0
car 0.0 0 0 59 309 71 320 0 0 0 0 0 0 0
car 0.0 0 0 60 322 76 329 0 0 0 0 0 0 0
car 0.0 0 0 59 329 76 335 0 0 0 0 0 0 0
car 0.0 0 0 55 335 72 344 0 0 0 0 0 0 0
car 0.0 0 0 145 150 159 162 0 0 0 0 0 0 0
car 0.0 0 0 134 123 145 137 0 0 0 0 0 0 0
car 0.0 0 0 279 4 294 12 0 0 0 0 0 0 0
car 0.0 0 0 247 18 265 37 0 0 0 0 0 0 0
car 0.37142857142857144 0 0 151 0 177 22 0 0 0 0 0 0 0
car 0.92 0 0 0 66 4 83 0 0 0 0 0 0 0
car 0.0 0 0 31 68 79 81 0 0 0 0 0 0 0
car 0.0 0 0 5 75 40 90 0 0 0 0 0 0 0
car 0.0 0 0 36 83 77 99 0 0 0 0 0 0 0
car 0.0 0 0 9 100 58 118 0 0 0 0 0 0 0
car 0.8 0 0 348 0 352 9 0 0 0 0 0 0 0
car 0.0 0 0 337 87 350 103 0 0 0 0 0 0 0
car 0.0 0 0 293 75 310 94 0 0 0 0 0 0 0
car 0.0 0 0 134 167 154 181 0 0 0 0 0 0 0
car 0.0 0 0 209 47 231 59 0 0 0 0 0 0 0
car 0.0 0 0 3 301 18 310 0 0 0 0 0 0 0
car 0.0 0 0 14 330 29 345 0 0 0 0 0 0 0
car 0.0 0 0 265 141 284 154 0 0 0 0 0 0 0
car 0.0 0 0 33 232 48 245 0 0 0 0 0 0 0
car 0.0 0 0 98 81 141 101 0 0 0 0 0 0 0
car 0.0 0 0 299 24 316 32 0 0 0 0 0 0 0
car 0.0 0 0 297 153 314 163 0 0 0 0 0 0 0
car 0.0 0 0 233 139 257 152 0 0 0 0 0 0 0
car 0.0 0 0 24 248 44 262 0 0 0 0 0 0 0
car 0.0 0 0 331 145 340 158 0 0 0 0 0 0 0
car 0.0 0 0 205 128 226 146 0 0 0 0 0 0 0
car 0.0 0 0 304 32 317 53 0 0 0 0 0 0 0
car 0.0 0 0 303 99 315 118 0 0 0 0 0 0 0
car 0.0 0 0 342 105 349 117 0 0 0 0 0 0 0
car 0.0 0 0 152 37 175 79 0 0 0 0 0 0 0
car 0.8 0 0 350 106 352 120 0 0 0 0 0 0 0
car 0.0 0 0 139 183 158 189 0 0 0 0 0 0 0
car 0.34090909090909094 0 0 0 155 29 175 0 0 0 0 0 0 0
car 0.0 0 0 102 256 122 269 0 0 0 0 0 0 0
car 0.0 0 0 336 68 346 83 0 0 0 0 0 0 0
car 0.0 0 0 186 60 208 71 0 0 0 0 0 0 0
car 0.0 0 0 223 150 243 165 0 0 0 0 0 0 0
car 0.0 0 0 131 209 143 225 0 0 0 0 0 0 0
car 0.0 0 0 7 264 26 278 0 0 0 0 0 0 0
car 0.0 0 0 180 93 189 108 0 0 0 0 0 0 0
car 0.0 0 0 15 287 33 300 0 0 0 0 0 0 0
car 0.0 0 0 42 321 49 344 0 0 0 0 0 0 0
car 0.0 0 0 162 187 172 207 0 0 0 0 0 0 0
car 0.0 0 0 260 49 277 60 0 0 0 0 0 0 0
car 0.0 0 0 63 254 74 264 0 0 0 0 0 0 0
car 0.0 0 0 244 204 253 218 0 0 0 0 0 0 0
car 0.0 0 0 111 88 155 115 0 0 0 0 0 0 0
car 0.0 0 0 87 65 132 90 0 0 0 0 0 0 0
