car 0.0 0 0 35 109 54 121 0 0 0 0 0 0 0
car 0.0 0 0 83 151 100 159 0 0 0 0 0 0 0
car 0.0 0 0 14 130 29 143 0 0 0 0 0 0 0
car 0.0 0 0 0 118 15 129 0 0 0 0 0 0 0
car 0.0 0 0 40 169 55 182 0 0 0 0 0 0 0
car 0.0 0 0 58 170 71 179 0 0 0 0 0 0 0
car 0.0 0 0 54 163 68 172 0 0 0 0 0 0 0
car 0.0 0 0 47 157 59 167 0 0 0 0 0 0 0
car 0.0 0 0 40 152 51 161 0 0 0 0 0 0 0
car 0.0 0 0 33 146 45 155 0 0 0 0 0 0 0
car 0.0 0 0 229 313 245 326 0 0 0 0 0 0 0
car 0.0 0 0 122 225 137 237 0 0 0 0 0 0 0
car 0.0 0 0 93 323 102 332 0 0 0 0 0 0 0
car 0.0 0 0 318 197 335 214 0 0 0 0 0 0 0
car 0.0 0 0 72 263 89 278 0 0 0 0 0 0 0
car 0.0 0 0 52 318 77 334 0 0 0 0 0 0 0
car 0.0 0 0 33 336 51 349 0 0 0 0 0 0 0
car 0.0 0 0 264 153 282 168 0 0 0 0 0 0 0
car 0.0 0 0 34 291 51 303 0 0 0 0 0 0 0
car 0.8333333333333334 0 0 349 256 352 271 0 0 0 0 0 0 0
car 0.0 0 0 276 162 295 180 0 0 0 0 0 0 0
car 0.0 0 0 187 171 207 184 0 0 0 0 0 0 0
car 0.0 0 0 134 260 151 271 0 0 0 0 0 0 0
car 0.0 0 0 52 120 67 132 0 0 0 0 0 0 0
car 0.0 0 0 108 53 128 69 0 0 0 0 0 0 0
car 0.0 0 0 315 226 327 251 0 0 0 0 0 0 0
car 0.0 0 0 29 180 41 195 0 0 0 0 0 0 0
car 0.0 0 0 98 319 108 327 0 0 0 0 0 0 0
car 0.0 0 0 106 237 121 250 0 0 0 0 0 0 0
car 0.5 0 0 150 0 169 8 0 0 0 0 0 0 0
car 0.0 0 0 169 236 198 244 0 0 0 0 0 0 0
car 0.0 0 0 118 269 132 281 0 0 0 0 0 0 0
car 0.0 0 0 56 125 71 141 0 0 0 0 0 0 0
car 0.0 0 0 138 212 151 224 0 0 0 0 0 0 0
car 0.0 0 0 16 186 32 197 0 0 0 0 0 0 0
car 0.0 0 0 101 265 119 275 0 0 0 0 0 0 0
car 0.0 0 0 305 183 319 200 0 0 0 0 0 0 0
car 0.0 0 0 140 248 164 258 0 0 0 0 0 0 0
car 0.0 0 0 49 279 63 295 0 0 0 0 0 0 0
car 0.0 0 0 71 288 91 298 0 0 0 0 0 0 0
car 0.0 0 0 91 158 109 168 0 0 0 0 0 0 0
car 0.0 0 0 154 209 170 221 0 0 0 0 0 0 0
car 0.0 0 0 140 256 153 264 0 0 0 0 0 0 0
car 0.0 0 0 54 4 69 21 0 0 0 0 0 0 0
car 0.0 0 0 329 6 351 18 0 0 0 0 0 0 0
car 0.0 0 0 296 204 318 220 0 0 0 0 0 0 0
car 0.0 0 0 155 226 180 237 0 0 0 0 0 0 0
car 0.0 0 0 98 297 123 315 0 0 0 0 0 0 0
car 0.0 0 0 291 175 309 188 0 0 0 0 0 0 0
car 0.0 0 0 1 306 18 322 0 0 0 0 0 0 0
car 0.0 0 0 179 252 192 262 0 0 0 0 0 0 0
car 0.0 0 0 26 2 42 14 0 0 0 0 0 0 0
car 0.0 0 0 43 114 62 126 0 0 0 0 0 0 0
car 0.0 0 0 211 117 223 134 0 0 0 0 0 0 0
car 0.0 0 0 161 189 181 206 0 0 0 0 0 0 0
