car 0.0 0 0 80 195 131 240 0 0 0 0 0 0 0
car 0.0 0 0 41 161 88 198 0 0 0 0 0 0 0
car 0.0 0 0 334 7 345 22 0 0 0 0 0 0 0
car 0.0 0 0 329 158 342 179 0 0 0 0 0 0 0
car 0.0 0 0 115 271 153 302 0 0 0 0 0 0 0
car 0.0 0 0 314 37 332 111 0 0 0 0 0 0 0
car 0.0 0 0 311 94 331 172 0 0 0 0 0 0 0
car 0.0 0 0 32 35 52 42 0 0 0 0 0 0 0
car 0.0 0 0 139 16 150 30 0 0 0 0 0 0 0
car 0.0 0 0 325 6 333 17 0 0 0 0 0 0 0
car 0.0 0 0 181 66 200 119 0 0 0 0 0 0 0
car 0.0 0 0 194 66 211 116 0 0 0 0 0 0 0
car 0.0 0 0 127 119 148 170 0 0 0 0 0 0 0
car 0.0 0 0 100 65 124 118 0 0 0 0 0 0 0
car 0.0 0 0 184 118 205 171 0 0 0 0 0 0 0
car 0.0 0 0 141 120 160 174 0 0 0 0 0 0 0
car 0.0 0 0 30 45 55 53 0 0 0 0 0 0 0
car 0.0 0 0 164 60 183 114 0 0 0 0 0 0 0
car 0.9473684210526316 0 0 30 351 51 352 0 0 0 0 0 0 0
car 0.0 0 0 130 61 153 113 0 0 0 0 0 0 0
car 0.0 0 0 34 12 52 20 0 0 0 0 0 0 0
car 0.10526315789473684 0 0 0 108 17 147 0 0 0 0 0 0 0
car 0.0 0 0 18 114 39 146 0 0 0 0 0 0 0
car 0.0 0 0 325 206 341 253 0 0 0 0 0 0 0
car 0.0 0 0 333 115 343 129 0 0 0 0 0 0 0
car 0.0 0 0 199 119 218 171 0 0 0 0 0 0 0
car 0.0 0 0 117 15 129 30 0 0 0 0 0 0 0
car 0.0 0 0 166 117 189 172 0 0 0 0 0 0 0
car 0.36363636363636365 0 0 10 0 32 35 0 0 0 0 0 0 0
car 0.0 0 0 329 32 342 46 0 0 0 0 0 0 0
car 0.7894736842105263 0 0 263 0 278 4 0 0 0 0 0 0 0
car 0.5 0 0 36 0 56 4 0 0 0 0 0 0 0
car 0.6607142857142857 0 0 314 333 327 352 0 0 0 0 0 0 0
car 0.0 0 0 115 61 138 115 0 0 0 0 0 0 0
car 0.0 0 0 33 24 50 34 0 0 0 0 0 0 0
car 0.0 0 0 333 142 342 155 0 0 0 0 0 0 0
car 0.0 0 0 34 4 56 14 0 0 0 0 0 0 0
car 0.0 0 0 248 235 312 260 0 0 0 0 0 0 0
car 0.9523809523809523 0 0 253 0 270 1 0 0 0 0 0 0 0
car 0.0 0 0 154 120 174 174 0 0 0 0 0 0 0
car 0.0 0 0 339 271 348 284 0 0 0 0 0 0 0
car 0.0 0 0 154 66 167 121 0 0 0 0 0 0 0
