car 0.0 0 0 162 76 185 92 0 0 0 0 0 0 0
car 0.0 0 0 102 287 119 301 0 0 0 0 0 0 0
car 0.0 0 0 106 316 124 334 0 0 0 0 0 0 0
car 0.3529411764705882 0 0 0 197 11 214 0 0 0 0 0 0 0
car 0.0 0 0 298 15 310 25 0 0 0 0 0 0 0
car 0.0 0 0 213 1 229 19 0 0 0 0 0 0 0
car 0.0 0 0 25 256 43 271 0 0 0 0 0 0 0
car 0.0 0 0 233 135 254 149 0 0 0 0 0 0 0
car 0.0 0 0 334 140 350 152 0 0 0 0 0 0 0
car 0.0 0 0 92 292 109 309 0 0 0 0 0 0 0
car 0.0 0 0 80 297 98 311 0 0 0 0 0 0 0
car 0.0 0 0 83 273 98 287 0 0 0 0 0 0 0
car 0.875 0 0 350 231 352 243 0 0 0 0 0 0 0
car 0.0 0 0 316 135 333 153 0 0 0 0 0 0 0
car 0.0 0 0 242 60 261 75 0 0 0 0 0 0 0
car 0.75 0 0 0 226 3 251 0 0 0 0 0 0 0
car 0.1875 0 0 260 0 278 13 0 0 0 0 0 0 0
car 0.0 0 0 32 230 53 242 0 0 0 0 0 0 0
car 0.0 0 0 144 322 164 340 0 0 0 0 0 0 0
car 0.0 0 0 255 92 269 111 0 0 0 0 0 0 0
car 0.0 0 0 287 174 300 191 0 0 0 0 0 0 0
car 0.0 0 0 320 47 336 65 0 0 0 0 0 0 0
car 0.0 0 0 325 118 341 135 0 0 0 0 0 0 0
car 0.0 0 0 44 249 64 263 0 0 0 0 0 0 0
car 0.868421052631579 0 0 347 242 352 276 0 0 0 0 0 0 0
car 0.0 0 0 195 106 211 115 0 0 0 0 0 0 0
car 0.0 0 0 126 308 147 324 0 0 0 0 0 0 0
car 0.0 0 0 5 6 27 18 0 0 0 0 0 0 0
car 0.5 0 0 344 53 352 70 0 0 0 0 0 0 0
car 0.0 0 0 276 68 295 84 0 0 0 0 0 0 0
car 0.0 0 0 72 259 87 278 0 0 0 0 0 0 0
