car 0.0 0 0 294 195 331 208 0 0 0 0 0 0 0
car 0.0 0 0 238 174 274 193 0 0 0 0 0 0 0
car 0.0 0 0 269 189 302 206 0 0 0 0 0 0 0
car 0.0 0 0 299 246 313 257 0 0 0 0 0 0 0
car 0.0 0 0 61 305 73 319 0 0 0 0 0 0 0
car 0.0 0 0 0 305 13 323 0 0 0 0 0 0 0
car 0.0 0 0 17 319 27 331 0 0 0 0 0 0 0
car 0.0 0 0 68 247 79 265 0 0 0 0 0 0 0
car 0.0 0 0 141 121 171 141 0 0 0 0 0 0 0
car 0.0 0 0 338 317 352 330 0 0 0 0 0 0 0
car 0.0 0 0 264 302 285 320 0 0 0 0 0 0 0
car 0.0 0 0 227 322 244 334 0 0 0 0 0 0 0
car 0.0 0 0 108 32 120 46 0 0 0 0 0 0 0
car 0.0 0 0 257 137 308 162 0 0 0 0 0 0 0
car 0.0 0 0 265 121 319 141 0 0 0 0 0 0 0
car 0.0 0 0 267 103 312 121 0 0 0 0 0 0 0
car 0.0 0 0 273 84 323 103 0 0 0 0 0 0 0
car 0.0 0 0 278 66 328 83 0 0 0 0 0 0 0
car 0.34285714285714286 0 0 329 75 352 90 0 0 0 0 0 0 0
car 0.6122448979591837 0 0 333 100 352 118 0 0 0 0 0 0 0
car 0.0 0 0 238 329 253 341 0 0 0 0 0 0 0
car 0.0 0 0 211 174 226 188 0 0 0 0 0 0 0
car 0.0 0 0 327 301 342 310 0 0 0 0 0 0 0
car 0.06666666666666665 0 0 338 330 352 345 0 0 0 0 0 0 0
car 0.0 0 0 237 197 250 208 0 0 0 0 0 0 0
car 0.0 0 0 70 322 78 335 0 0 0 0 0 0 0
car 0.0 0 0 240 212 259 222 0 0 0 0 0 0 0
car 0.0 0 0 121 25 130 45 0 0 0 0 0 0 0
car 0.0 0 0 26 231 38 248 0 0 0 0 0 0 0
car 0.0 0 0 251 206 272 223 0 0 0 0 0 0 0
car 0.8 0 0 348 248 352 262 0 0 0 0 0 0 0
car 0.0 0 0 171 141 184 151 0 0 0 0 0 0 0
car 0.0 0 0 297 282 311 292 0 0 0 0 0 0 0
car 0.0 0 0 56 167 66 183 0 0 0 0 0 0 0
car 0.0 0 0 60 286 69 303 0 0 0 0 0 0 0
car 0.022727272727272707 0 0 309 155 352 175 0 0 0 0 0 0 0
car 0.0 0 0 43 186 57 206 0 0 0 0 0 0 0
car 0.0 0 0 212 138 224 156 0 0 0 0 0 0 0
car 0.0 0 0 224 185 238 197 0 0 0 0 0 0 0
car 0.0 0 0 25 291 35 307 0 0 0 0 0 0 0
car 0.0 0 0 297 307 312 321 0 0 0 0 0 0 0
car 0.0 0 0 331 264 350 278 0 0 0 0 0 0 0
car 0.2777777777777778 0 0 339 287 352 300 0 0 0 0 0 0 0
car 0.0 0 0 279 232 298 244 0 0 0 0 0 0 0
car 0.0 0 0 78 125 87 146 0 0 0 0 0 0 0
