car 0.0 0 0 137 326 154 344 0 0 0 0 0 0 0
car 0.0 0 0 271 274 292 291 0 0 0 0 0 0 0
car 0.0 0 0 265 159 284 171 0 0 0 0 0 0 0
car 0.0 0 0 56 33 70 45 0 0 0 0 0 0 0
car 0.0 0 0 134 118 153 139 0 0 0 0 0 0 0
car 0.0 0 0 245 124 270 135 0 0 0 0 0 0 0
car 0.0 0 0 10 140 26 152 0 0 0 0 0 0 0
car 0.0 0 0 26 231 42 243 0 0 0 0 0 0 0
car 0.47058823529411764 0 0 0 135 9 153 0 0 0 0 0 0 0
car 0.0 0 0 53 160 68 178 0 0 0 0 0 0 0
car 0.0 0 0 198 309 219 324 0 0 0 0 0 0 0
car 0.0 0 0 30 27 51 46 0 0 0 0 0 0 0
car 0.0 0 0 34 76 47 91 0 0 0 0 0 0 0
car 0.0 0 0 53 183 77 198 0 0 0 0 0 0 0
car 0.0 0 0 123 143 141 159 0 0 0 0 0 0 0
car 0.0 0 0 65 66 80 83 0 0 0 0 0 0 0
car 0.0 0 0 270 148 284 158 0 0 0 0 0 0 0
car 0.25 0 0 0 47 12 65 0 0 0 0 0 0 0
car 0.0 0 0 1 118 17 135 0 0 0 0 0 0 0
car 0.0 0 0 23 242 61 276 0 0 0 0 0 0 0
car 0.0 0 0 173 275 194 291 0 0 0 0 0 0 0
car 0.0 0 0 269 122 288 133 0 0 0 0 0 0 0
car 0.0 0 0 63 90 77 106 0 0 0 0 0 0 0
car 0.0 0 0 32 135 50 149 0 0 0 0 0 0 0
car 0.0 0 0 103 189 117 208 0 0 0 0 0 0 0
car 0.0 0 0 314 9 327 65 0 0 0 0 0 0 0
car 0.0 0 0 20 53 36 70 0 0 0 0 0 0 0
car 0.0 0 0 216 230 237 245 0 0 0 0 0 0 0
car 0.0 0 0 52 252 79 269 0 0 0 0 0 0 0
car 0.0 0 0 154 238 173 254 0 0 0 0 0 0 0
car 0.0 0 0 263 132 283 145 0 0 0 0 0 0 0
