car 0.0 0 0 144 48 151 62 0 0 0 0 0 0 0
car 0.0 0 0 308 196 328 213 0 0 0 0 0 0 0
car 0.9 0 0 11 0 42 2 0 0 0 0 0 0 0
car 0.884615384615 0 0 0 0 3 12 0 0 0 0 0 0 0
car 0.992424242424 0 0 0 0 1 4 0 0 0 0 0 0 0
car 0.921052631579 0 0 0 22 3 41 0 0 0 0 0 0 0
car 0.0 0 0 12 14 47 31 0 0 0 0 0 0 0
car 0.0909090909091 0 0 81 0 116 30 0 0 0 0 0 0 0
car 0.0 0 0 191 3 220 18 0 0 0 0 0 0 0
car 0.0 0 0 129 22 170 41 0 0 0 0 0 0 0
car 0.0 0 0 172 16 212 33 0 0 0 0 0 0 0
car 0.0 0 0 175 41 207 58 0 0 0 0 0 0 0
car 0.0 0 0 184 67 215 84 0 0 0 0 0 0 0
car 0.0 0 0 217 61 246 78 0 0 0 0 0 0 0
car 0.571428571429 0 0 0 50 18 71 0 0 0 0 0 0 0
car 0.0 0 0 22 47 33 71 0 0 0 0 0 0 0
car 0.0 0 0 22 71 30 88 0 0 0 0 0 0 0
car 0.0 0 0 2 76 15 93 0 0 0 0 0 0 0
car 0.0 0 0 226 7 237 24 0 0 0 0 0 0 0
car 0.5 0 0 0 115 6 132 0 0 0 0 0 0 0
car 0.0 0 0 2 113 14 131 0 0 0 0 0 0 0
car 0.0 0 0 11 112 22 126 0 0 0 0 0 0 0
car 0.0 0 0 22 107 32 124 0 0 0 0 0 0 0
car 0.0 0 0 29 108 40 125 0 0 0 0 0 0 0
car 0.0 0 0 36 105 48 122 0 0 0 0 0 0 0
car 0.0 0 0 43 102 57 122 0 0 0 0 0 0 0
car 0.0 0 0 52 99 64 121 0 0 0 0 0 0 0
car 0.0 0 0 61 98 73 118 0 0 0 0 0 0 0
car 0.923076923077 0 0 296 0 315 1 0 0 0 0 0 0 0
car 0.0 0 0 302 1 319 14 0 0 0 0 0 0 0
car 0.0 0 0 10 137 20 152 0 0 0 0 0 0 0
car 0.0 0 0 58 124 69 141 0 0 0 0 0 0 0
car 0.0 0 0 69 124 75 140 0 0 0 0 0 0 0
car 0.0 0 0 41 129 55 147 0 0 0 0 0 0 0
car 0.0 0 0 51 166 62 184 0 0 0 0 0 0 0
car 0.84375 0 0 0 77 5 97 0 0 0 0 0 0 0
car 0.0 0 0 30 68 62 86 0 0 0 0 0 0 0
car 0.0 0 0 75 160 86 179 0 0 0 0 0 0 0
car 0.636363636364 0 0 0 178 4 196 0 0 0 0 0 0 0
car 0.0 0 0 12 68 24 94 0 0 0 0 0 0 0
car 0.0 0 0 35 172 45 189 0 0 0 0 0 0 0
car 0.428571428571 0 0 348 7 352 20 0 0 0 0 0 0 0
