car 0.0 0 0 37 121 53 129 0 0 0 0 0 0 0
car 0.0 0 0 63 118 79 126 0 0 0 0 0 0 0
car 0.0 0 0 137 93 153 102 0 0 0 0 0 0 0
car 0.0 0 0 132 75 143 90 0 0 0 0 0 0 0
car 0.0 0 0 158 70 166 85 0 0 0 0 0 0 0
car 0.0 0 0 149 109 159 124 0 0 0 0 0 0 0
car 0.0 0 0 97 144 105 158 0 0 0 0 0 0 0
car 0.0 0 0 105 143 114 157 0 0 0 0 0 0 0
car 0.0 0 0 138 137 148 152 0 0 0 0 0 0 0
car 0.0 0 0 163 130 172 143 0 0 0 0 0 0 0
car 0.0 0 0 171 128 181 143 0 0 0 0 0 0 0
car 0.0 0 0 122 177 131 192 0 0 0 0 0 0 0
car 0.0 0 0 138 173 147 188 0 0 0 0 0 0 0
car 0.0 0 0 146 171 155 184 0 0 0 0 0 0 0
car 0.0 0 0 156 171 165 186 0 0 0 0 0 0 0
car 0.0 0 0 164 169 173 183 0 0 0 0 0 0 0
car 0.0 0 0 172 167 181 180 0 0 0 0 0 0 0
car 0.0 0 0 181 165 190 179 0 0 0 0 0 0 0
car 0.0 0 0 186 187 195 201 0 0 0 0 0 0 0
car 0.0 0 0 169 192 179 205 0 0 0 0 0 0 0
car 0.0 0 0 161 193 171 208 0 0 0 0 0 0 0
car 0.0 0 0 145 230 153 241 0 0 0 0 0 0 0
car 0.0 0 0 153 229 160 240 0 0 0 0 0 0 0
car 0.0 0 0 161 229 168 239 0 0 0 0 0 0 0
car 0.0 0 0 169 226 177 236 0 0 0 0 0 0 0
car 0.0 0 0 178 224 185 236 0 0 0 0 0 0 0
car 0.0 0 0 185 221 194 235 0 0 0 0 0 0 0
car 0.0 0 0 193 221 201 233 0 0 0 0 0 0 0
car 0.0 0 0 254 150 263 164 0 0 0 0 0 0 0
car 0.0 0 0 263 146 272 162 0 0 0 0 0 0 0
car 0.0 0 0 279 145 290 160 0 0 0 0 0 0 0
car 0.0 0 0 287 143 298 158 0 0 0 0 0 0 0
car 0.0 0 0 296 142 306 158 0 0 0 0 0 0 0
car 0.0 0 0 304 140 315 155 0 0 0 0 0 0 0
car 0.0 0 0 312 137 323 153 0 0 0 0 0 0 0
car 0.0 0 0 260 172 270 187 0 0 0 0 0 0 0
car 0.0 0 0 268 170 277 185 0 0 0 0 0 0 0
car 0.0 0 0 276 169 286 183 0 0 0 0 0 0 0
car 0.0 0 0 284 167 293 181 0 0 0 0 0 0 0
car 0.0 0 0 292 166 301 179 0 0 0 0 0 0 0
car 0.0 0 0 300 165 309 178 0 0 0 0 0 0 0
car 0.0 0 0 309 162 319 177 0 0 0 0 0 0 0
car 0.0 0 0 246 115 255 128 0 0 0 0 0 0 0
car 0.0 0 0 253 111 263 126 0 0 0 0 0 0 0
car 0.0 0 0 262 111 272 126 0 0 0 0 0 0 0
car 0.0 0 0 271 110 280 123 0 0 0 0 0 0 0
car 0.0 0 0 266 85 282 96 0 0 0 0 0 0 0
car 0.0 0 0 298 82 307 95 0 0 0 0 0 0 0
car 0.0 0 0 306 78 316 94 0 0 0 0 0 0 0
car 0.0 0 0 323 75 332 90 0 0 0 0 0 0 0
car 0.0 0 0 340 73 349 87 0 0 0 0 0 0 0
car 0.0 0 0 287 62 301 72 0 0 0 0 0 0 0
car 0.454545454545 0 0 346 34 352 50 0 0 0 0 0 0 0
car 0.0 0 0 329 53 347 64 0 0 0 0 0 0 0
car 0.0 0 0 289 42 300 59 0 0 0 0 0 0 0
car 0.0 0 0 272 48 281 63 0 0 0 0 0 0 0
car 0.0 0 0 256 49 267 64 0 0 0 0 0 0 0
car 0.0 0 0 240 53 250 68 0 0 0 0 0 0 0
car 0.0 0 0 232 55 241 70 0 0 0 0 0 0 0
car 0.0 0 0 226 33 236 48 0 0 0 0 0 0 0
car 0.0 0 0 244 29 252 44 0 0 0 0 0 0 0
car 0.0 0 0 260 27 270 42 0 0 0 0 0 0 0
car 0.0 0 0 294 21 303 35 0 0 0 0 0 0 0
car 0.0 0 0 333 10 343 27 0 0 0 0 0 0 0
car 0.1 0 0 343 9 352 24 0 0 0 0 0 0 0
car 0.8 0 0 350 8 352 22 0 0 0 0 0 0 0
car 0.142857142857 0 0 218 0 228 12 0 0 0 0 0 0 0
car 0.615384615385 0 0 244 0 252 5 0 0 0 0 0 0 0
car 0.6875 0 0 249 0 261 5 0 0 0 0 0 0 0
car 0.705882352941 0 0 259 0 270 5 0 0 0 0 0 0 0
car 0.9375 0 0 276 0 287 1 0 0 0 0 0 0 0
car 1.0 0 0 351 0 352 0 0 0 0 0 0 0 0
car 0.0 0 0 153 47 163 61 0 0 0 0 0 0 0
car 0.0 0 0 135 30 153 42 0 0 0 0 0 0 0
car 0.0 0 0 101 18 112 35 0 0 0 0 0 0 0
car 0.0 0 0 5 44 14 57 0 0 0 0 0 0 0
car 0.0 0 0 13 79 22 93 0 0 0 0 0 0 0
car 0.0 0 0 22 77 30 89 0 0 0 0 0 0 0
car 0.0 0 0 276 203 286 218 0 0 0 0 0 0 0
