car 0.0 0 0 5 116 19 123 0 0 0 0 0 0 0
car 0.0 0 0 30 111 45 119 0 0 0 0 0 0 0
car 0.0 0 0 47 111 62 122 0 0 0 0 0 0 0
car 0.0 0 0 69 116 84 123 0 0 0 0 0 0 0
car 0.0 0 0 85 105 96 120 0 0 0 0 0 0 0
car 0.0 0 0 89 87 99 104 0 0 0 0 0 0 0
car 0.0 0 0 87 71 96 88 0 0 0 0 0 0 0
car 0.0 0 0 101 58 116 67 0 0 0 0 0 0 0
car 0.0 0 0 125 51 141 60 0 0 0 0 0 0 0
car 0.0 0 0 143 48 160 57 0 0 0 0 0 0 0
car 0.0 0 0 163 44 179 53 0 0 0 0 0 0 0
car 0.0 0 0 182 40 198 49 0 0 0 0 0 0 0
car 0.0 0 0 199 37 215 46 0 0 0 0 0 0 0
car 0.0 0 0 266 40 279 53 0 0 0 0 0 0 0
car 0.0 0 0 278 52 286 67 0 0 0 0 0 0 0
car 0.0 0 0 282 70 290 86 0 0 0 0 0 0 0
car 0.0 0 0 285 89 294 104 0 0 0 0 0 0 0
car 0.0 0 0 291 107 299 123 0 0 0 0 0 0 0
car 0.0 0 0 296 125 303 140 0 0 0 0 0 0 0
car 0.0 0 0 300 143 309 159 0 0 0 0 0 0 0
car 0.0 0 0 303 162 311 177 0 0 0 0 0 0 0
car 0.0 0 0 308 180 316 197 0 0 0 0 0 0 0
car 0.0 0 0 311 199 320 214 0 0 0 0 0 0 0
car 0.0 0 0 315 216 324 230 0 0 0 0 0 0 0
car 0.0 0 0 316 233 324 248 0 0 0 0 0 0 0
car 0.0 0 0 292 262 307 272 0 0 0 0 0 0 0
car 0.0 0 0 274 268 289 277 0 0 0 0 0 0 0
car 0.0 0 0 257 272 272 280 0 0 0 0 0 0 0
car 0.0 0 0 253 260 268 270 0 0 0 0 0 0 0
car 0.0 0 0 238 272 254 281 0 0 0 0 0 0 0
car 0.0 0 0 215 277 232 287 0 0 0 0 0 0 0
car 0.0 0 0 196 281 212 290 0 0 0 0 0 0 0
car 0.0 0 0 175 287 190 296 0 0 0 0 0 0 0
car 0.0 0 0 156 291 171 299 0 0 0 0 0 0 0
car 0.0 0 0 162 240 171 255 0 0 0 0 0 0 0
car 0.0 0 0 149 184 157 199 0 0 0 0 0 0 0
car 0.0 0 0 338 218 350 245 0 0 0 0 0 0 0
car 0.0 0 0 1 212 9 225 0 0 0 0 0 0 0
car 0.0 0 0 48 197 59 215 0 0 0 0 0 0 0
car 0.0 0 0 16 171 25 185 0 0 0 0 0 0 0
car 0.0909090909091 0 0 0 176 10 192 0 0 0 0 0 0 0
car 0.9 0 0 0 178 1 194 0 0 0 0 0 0 0
car 0.0 0 0 52 139 61 155 0 0 0 0 0 0 0
