car 0.0 0 0 272 312 288 320 0 0 0 0 0 0 0
car 0.0 0 0 20 230 46 243 0 0 0 0 0 0 0
car 0.0 0 0 314 259 342 270 0 0 0 0 0 0 0
car 0.333333333333 0 0 344 157 352 175 0 0 0 0 0 0 0
car 0.0 0 0 253 109 264 124 0 0 0 0 0 0 0
car 0.0 0 0 210 121 226 130 0 0 0 0 0 0 0
car 0.0 0 0 228 127 240 133 0 0 0 0 0 0 0
car 0.0 0 0 153 106 168 115 0 0 0 0 0 0 0
car 0.0 0 0 128 99 144 108 0 0 0 0 0 0 0
car 0.0 0 0 176 242 194 252 0 0 0 0 0 0 0
car 0.0 0 0 196 242 213 253 0 0 0 0 0 0 0
car 0.0 0 0 215 244 234 255 0 0 0 0 0 0 0
car 0.0 0 0 102 306 118 316 0 0 0 0 0 0 0
