car 0.357142857143 0 0 0 259 18 270 0 0 0 0 0 0 0
car 0.0 0 0 148 91 163 101 0 0 0 0 0 0 0
car 0.0 0 0 186 120 201 130 0 0 0 0 0 0 0
car 0.0 0 0 135 130 152 139 0 0 0 0 0 0 0
car 0.0 0 0 133 138 149 147 0 0 0 0 0 0 0
car 0.0 0 0 178 145 193 154 0 0 0 0 0 0 0
car 0.0 0 0 20 157 32 175 0 0 0 0 0 0 0
car 0.0 0 0 31 143 44 163 0 0 0 0 0 0 0
car 0.0 0 0 42 147 51 163 0 0 0 0 0 0 0
car 0.0 0 0 54 150 63 166 0 0 0 0 0 0 0
car 0.0 0 0 61 151 72 169 0 0 0 0 0 0 0
car 0.0 0 0 72 154 82 170 0 0 0 0 0 0 0
car 0.0 0 0 85 158 95 173 0 0 0 0 0 0 0
