car 0.333333333333 0 0 98 344 108 352 0 0 0 0 0 0 0
car 0.375 0 0 89 342 99 352 0 0 0 0 0 0 0
car 0.533333333333 0 0 82 345 92 352 0 0 0 0 0 0 0
car 0.769230769231 0 0 66 349 75 352 0 0 0 0 0 0 0
car 0.823529411765 0 0 56 349 67 352 0 0 0 0 0 0 0
car 0.0 0 0 9 334 19 351 0 0 0 0 0 0 0
car 0.0 0 0 19 333 29 348 0 0 0 0 0 0 0
car 0.0 0 0 26 332 36 346 0 0 0 0 0 0 0
car 0.0 0 0 35 329 45 344 0 0 0 0 0 0 0
car 0.0 0 0 50 326 62 343 0 0 0 0 0 0 0
car 0.0 0 0 68 325 77 339 0 0 0 0 0 0 0
car 0.7 0 0 0 300 3 316 0 0 0 0 0 0 0
car 0.0 0 0 9 299 18 314 0 0 0 0 0 0 0
car 0.0 0 0 18 295 28 312 0 0 0 0 0 0 0
car 0.0 0 0 25 293 35 310 0 0 0 0 0 0 0
car 0.0 0 0 34 293 45 310 0 0 0 0 0 0 0
car 0.0 0 0 44 292 53 307 0 0 0 0 0 0 0
car 0.0 0 0 50 291 60 304 0 0 0 0 0 0 0
car 0.0 0 0 60 289 71 304 0 0 0 0 0 0 0
car 0.0 0 0 67 288 77 302 0 0 0 0 0 0 0
car 0.0 0 0 75 285 86 300 0 0 0 0 0 0 0
car 0.0 0 0 84 284 94 299 0 0 0 0 0 0 0
car 0.0 0 0 55 304 64 323 0 0 0 0 0 0 0
car 0.0 0 0 27 315 45 324 0 0 0 0 0 0 0
car 0.0 0 0 79 260 89 275 0 0 0 0 0 0 0
car 0.0 0 0 71 259 81 275 0 0 0 0 0 0 0
car 0.0 0 0 63 262 72 279 0 0 0 0 0 0 0
car 0.0 0 0 45 261 57 281 0 0 0 0 0 0 0
car 0.0 0 0 29 269 38 286 0 0 0 0 0 0 0
car 0.0 0 0 22 271 31 289 0 0 0 0 0 0 0
car 0.0 0 0 13 273 22 287 0 0 0 0 0 0 0
car 0.0 0 0 5 276 14 291 0 0 0 0 0 0 0
car 0.333333333333 0 0 0 279 6 293 0 0 0 0 0 0 0
car 0.8 0 0 0 182 2 196 0 0 0 0 0 0 0
car 0.0833333333333 0 0 0 180 11 196 0 0 0 0 0 0 0
car 0.0 0 0 9 178 19 194 0 0 0 0 0 0 0
car 0.0 0 0 17 176 26 193 0 0 0 0 0 0 0
car 0.0 0 0 24 175 34 189 0 0 0 0 0 0 0
car 0.0 0 0 32 173 42 188 0 0 0 0 0 0 0
car 0.0 0 0 91 198 100 214 0 0 0 0 0 0 0
car 0.0 0 0 66 203 74 217 0 0 0 0 0 0 0
car 0.0 0 0 56 202 66 221 0 0 0 0 0 0 0
car 0.0 0 0 48 207 57 221 0 0 0 0 0 0 0
car 0.0 0 0 40 207 50 223 0 0 0 0 0 0 0
car 0.0 0 0 32 211 41 225 0 0 0 0 0 0 0
car 0.0 0 0 24 213 32 226 0 0 0 0 0 0 0
car 0.0 0 0 15 215 24 228 0 0 0 0 0 0 0
car 0.0 0 0 7 216 16 231 0 0 0 0 0 0 0
car 0.111111111111 0 0 0 220 8 233 0 0 0 0 0 0 0
car 1.0 0 0 0 219 0 233 0 0 0 0 0 0 0
car 0.0 0 0 71 225 79 239 0 0 0 0 0 0 0
car 0.0 0 0 62 228 71 242 0 0 0 0 0 0 0
car 0.0 0 0 54 229 63 243 0 0 0 0 0 0 0
car 0.0 0 0 45 230 54 244 0 0 0 0 0 0 0
car 0.0 0 0 38 232 46 245 0 0 0 0 0 0 0
car 0.0 0 0 30 234 40 249 0 0 0 0 0 0 0
car 0.0 0 0 22 235 31 250 0 0 0 0 0 0 0
car 0.0 0 0 14 236 23 251 0 0 0 0 0 0 0
car 0.0 0 0 4 238 13 251 0 0 0 0 0 0 0
car 0.333333333333 0 0 0 240 6 255 0 0 0 0 0 0 0
car 0.0 0 0 179 158 193 167 0 0 0 0 0 0 0
car 0.0 0 0 196 147 211 160 0 0 0 0 0 0 0
car 0.0 0 0 214 141 228 150 0 0 0 0 0 0 0
car 0.0 0 0 231 134 247 143 0 0 0 0 0 0 0
car 0.0 0 0 250 131 265 140 0 0 0 0 0 0 0
car 0.0 0 0 269 128 284 136 0 0 0 0 0 0 0
car 0.0 0 0 287 124 301 132 0 0 0 0 0 0 0
car 0.0 0 0 304 121 319 130 0 0 0 0 0 0 0
car 0.0 0 0 329 116 343 123 0 0 0 0 0 0 0
car 0.0 0 0 184 258 192 273 0 0 0 0 0 0 0
car 0.0 0 0 223 257 231 272 0 0 0 0 0 0 0
car 0.0 0 0 239 252 248 267 0 0 0 0 0 0 0
car 0.0 0 0 289 242 298 258 0 0 0 0 0 0 0
car 0.0 0 0 208 233 217 245 0 0 0 0 0 0 0
car 0.0 0 0 217 232 226 245 0 0 0 0 0 0 0
car 0.0 0 0 226 233 234 245 0 0 0 0 0 0 0
car 0.0 0 0 234 232 243 245 0 0 0 0 0 0 0
car 0.0 0 0 249 226 259 241 0 0 0 0 0 0 0
car 0.0 0 0 259 226 267 240 0 0 0 0 0 0 0
car 0.0 0 0 266 224 276 239 0 0 0 0 0 0 0
car 0.0 0 0 275 222 284 237 0 0 0 0 0 0 0
car 0.0 0 0 283 220 293 235 0 0 0 0 0 0 0
car 0.0 0 0 325 212 333 225 0 0 0 0 0 0 0
car 0.0 0 0 340 171 349 185 0 0 0 0 0 0 0
car 0.0 0 0 323 176 334 192 0 0 0 0 0 0 0
car 0.0 0 0 315 178 325 194 0 0 0 0 0 0 0
car 0.0 0 0 299 180 309 196 0 0 0 0 0 0 0
car 0.0 0 0 291 182 300 197 0 0 0 0 0 0 0
car 0.0 0 0 284 184 292 198 0 0 0 0 0 0 0
car 0.0 0 0 274 184 284 200 0 0 0 0 0 0 0
car 0.0 0 0 265 185 274 200 0 0 0 0 0 0 0
car 0.0 0 0 258 187 267 204 0 0 0 0 0 0 0
car 0.0 0 0 242 191 251 207 0 0 0 0 0 0 0
car 0.0 0 0 233 194 242 209 0 0 0 0 0 0 0
car 0.0 0 0 225 194 233 211 0 0 0 0 0 0 0
car 0.0 0 0 208 199 217 213 0 0 0 0 0 0 0
car 0.0 0 0 199 201 208 216 0 0 0 0 0 0 0
car 0.0 0 0 212 174 220 190 0 0 0 0 0 0 0
car 0.0 0 0 244 165 253 182 0 0 0 0 0 0 0
car 0.0 0 0 293 157 302 172 0 0 0 0 0 0 0
car 0.0 0 0 311 155 320 168 0 0 0 0 0 0 0
