car 0.0 0 0 150 146 185 169 0 0 0 0 0 0 0
car 0.0 0 0 197 182 226 201 0 0 0 0 0 0 0
car 0.0 0 0 233 173 270 192 0 0 0 0 0 0 0
car 0.0 0 0 273 174 299 187 0 0 0 0 0 0 0
car 0.0 0 0 302 166 328 177 0 0 0 0 0 0 0
car 0.0 0 0 234 196 274 217 0 0 0 0 0 0 0
car 0.0 0 0 237 209 277 227 0 0 0 0 0 0 0
car 0.0 0 0 275 191 304 208 0 0 0 0 0 0 0
car 0.0 0 0 301 194 329 211 0 0 0 0 0 0 0
car 0.0 0 0 277 208 301 222 0 0 0 0 0 0 0
car 0.0 0 0 210 222 233 236 0 0 0 0 0 0 0
car 0.0 0 0 211 240 241 258 0 0 0 0 0 0 0
car 0.0 0 0 246 236 270 249 0 0 0 0 0 0 0
car 0.0 0 0 239 245 268 261 0 0 0 0 0 0 0
car 0.0 0 0 296 228 325 241 0 0 0 0 0 0 0
car 0.0 0 0 312 234 350 251 0 0 0 0 0 0 0
car 0.0 0 0 291 260 321 277 0 0 0 0 0 0 0
car 0.0 0 0 256 267 289 283 0 0 0 0 0 0 0
car 0.0 0 0 209 275 249 294 0 0 0 0 0 0 0
car 0.0 0 0 169 283 202 299 0 0 0 0 0 0 0
car 0.0 0 0 149 282 171 295 0 0 0 0 0 0 0
car 0.0 0 0 169 312 196 328 0 0 0 0 0 0 0
car 0.0 0 0 202 302 241 321 0 0 0 0 0 0 0
car 0.0 0 0 249 292 281 311 0 0 0 0 0 0 0
car 0.0 0 0 283 288 306 304 0 0 0 0 0 0 0
car 0.0 0 0 312 278 352 299 0 0 0 0 0 0 0
car 0.0 0 0 325 257 352 272 0 0 0 0 0 0 0
car 0.451612903226 0 0 335 306 352 326 0 0 0 0 0 0 0
car 0.0 0 0 303 323 327 336 0 0 0 0 0 0 0
car 0.0 0 0 292 312 325 328 0 0 0 0 0 0 0
car 0.0 0 0 223 325 252 341 0 0 0 0 0 0 0
car 0.0 0 0 224 336 252 350 0 0 0 0 0 0 0
car 0.388888888889 0 0 179 341 219 352 0 0 0 0 0 0 0
car 0.684210526316 0 0 289 346 327 352 0 0 0 0 0 0 0
car 0.623529411765 0 0 336 338 352 352 0 0 0 0 0 0 0
car 0.0 0 0 254 325 290 339 0 0 0 0 0 0 0
car 0.0 0 0 226 124 270 148 0 0 0 0 0 0 0
car 0.0 0 0 310 113 351 132 0 0 0 0 0 0 0
car 0.0 0 0 270 119 311 141 0 0 0 0 0 0 0
