car 0.111111111111 0 0 0 75 8 90 0 0 0 0 0 0 0
car 0.0 0 0 16 73 25 87 0 0 0 0 0 0 0
car 0.0 0 0 64 61 75 76 0 0 0 0 0 0 0
car 0.0 0 0 90 57 99 72 0 0 0 0 0 0 0
car 0.0 0 0 106 52 117 69 0 0 0 0 0 0 0
car 0.0 0 0 102 34 119 47 0 0 0 0 0 0 0
car 0.0 0 0 98 20 108 32 0 0 0 0 0 0 0
car 0.0 0 0 89 18 99 34 0 0 0 0 0 0 0
car 0.0 0 0 82 21 92 36 0 0 0 0 0 0 0
car 0.0 0 0 66 25 75 38 0 0 0 0 0 0 0
car 0.0 0 0 56 25 67 42 0 0 0 0 0 0 0
car 0.0 0 0 40 29 52 46 0 0 0 0 0 0 0
car 0.0 0 0 22 34 33 50 0 0 0 0 0 0 0
car 0.0 0 0 5 53 23 64 0 0 0 0 0 0 0
car 0.0 0 0 9 10 19 27 0 0 0 0 0 0 0
car 0.0 0 0 19 9 29 24 0 0 0 0 0 0 0
car 0.0 0 0 26 8 36 22 0 0 0 0 0 0 0
car 0.0 0 0 35 5 45 20 0 0 0 0 0 0 0
car 0.0 0 0 50 2 62 19 0 0 0 0 0 0 0
car 0.0 0 0 68 1 77 15 0 0 0 0 0 0 0
car 1.0 0 0 27 0 45 0 0 0 0 0 0 0 0
car 0.0 0 0 119 110 127 124 0 0 0 0 0 0 0
car 0.0 0 0 52 184 59 195 0 0 0 0 0 0 0
