car 0.0 0 0 162 5 178 12 0 0 0 0 0 0 0
car 0.0 0 0 102 11 117 21 0 0 0 0 0 0 0
car 0.0 0 0 7 256 17 271 0 0 0 0 0 0 0
car 0.0 0 0 19 279 35 289 0 0 0 0 0 0 0
car 0.0 0 0 28 302 44 311 0 0 0 0 0 0 0
car 0.0 0 0 53 274 65 288 0 0 0 0 0 0 0
car 0.0 0 0 101 303 115 312 0 0 0 0 0 0 0
car 0.0 0 0 149 291 166 299 0 0 0 0 0 0 0
car 0.0 0 0 214 333 231 343 0 0 0 0 0 0 0
car 0.0 0 0 248 343 263 350 0 0 0 0 0 0 0
car 0.888888888889 0 0 283 351 298 352 0 0 0 0 0 0 0
car 0.0 0 0 179 278 196 287 0 0 0 0 0 0 0
car 0.0 0 0 178 285 195 294 0 0 0 0 0 0 0
car 0.0 0 0 42 88 54 105 0 0 0 0 0 0 0
car 0.0 0 0 82 100 91 119 0 0 0 0 0 0 0
