car 0.0 0 0 258 186 270 207 0 0 0 0 0 0 0
car 0.0 0 0 39 82 48 94 0 0 0 0 0 0 0
car 0.0 0 0 143 62 153 78 0 0 0 0 0 0 0
car 0.5 0 0 0 36 7 46 0 0 0 0 0 0 0
car 0.0 0 0 9 41 22 47 0 0 0 0 0 0 0
car 0.0 0 0 11 62 27 70 0 0 0 0 0 0 0
car 0.0 0 0 27 66 43 75 0 0 0 0 0 0 0
car 0.0 0 0 68 58 84 66 0 0 0 0 0 0 0
car 0.0 0 0 55 76 69 84 0 0 0 0 0 0 0
car 0.0 0 0 85 62 99 72 0 0 0 0 0 0 0
car 0.0 0 0 100 66 116 77 0 0 0 0 0 0 0
car 0.0 0 0 117 92 132 101 0 0 0 0 0 0 0
car 0.0 0 0 153 101 167 111 0 0 0 0 0 0 0
car 0.0 0 0 169 106 185 116 0 0 0 0 0 0 0
car 0.0 0 0 209 117 225 125 0 0 0 0 0 0 0
car 0.0 0 0 47 271 63 281 0 0 0 0 0 0 0
car 0.0 0 0 95 286 111 295 0 0 0 0 0 0 0
car 0.0 0 0 115 290 132 300 0 0 0 0 0 0 0
car 0.0 0 0 134 297 148 305 0 0 0 0 0 0 0
car 0.0 0 0 154 302 167 310 0 0 0 0 0 0 0
car 0.0 0 0 229 281 239 296 0 0 0 0 0 0 0
car 0.0 0 0 231 307 247 316 0 0 0 0 0 0 0
car 0.0 0 0 308 41 319 57 0 0 0 0 0 0 0
car 0.0 0 0 181 89 199 99 0 0 0 0 0 0 0
car 0.0 0 0 85 93 97 109 0 0 0 0 0 0 0
car 0.0 0 0 161 61 177 69 0 0 0 0 0 0 0
car 0.0 0 0 60 88 83 99 0 0 0 0 0 0 0
car 0.428571428571 0 0 0 296 12 307 0 0 0 0 0 0 0
