car 0.0 0 0 31 54 40 69 0 0 0 0 0 0 0
car 0.0 0 0 11 116 22 134 0 0 0 0 0 0 0
car 0.0 0 0 27 113 38 131 0 0 0 0 0 0 0
car 0.0 0 0 188 74 225 91 0 0 0 0 0 0 0
car 0.0 0 0 66 165 77 184 0 0 0 0 0 0 0
car 0.0 0 0 57 167 67 184 0 0 0 0 0 0 0
car 0.0 0 0 49 170 60 188 0 0 0 0 0 0 0
car 0.0 0 0 41 171 52 188 0 0 0 0 0 0 0
car 0.0 0 0 33 171 43 188 0 0 0 0 0 0 0
car 0.0 0 0 24 173 35 191 0 0 0 0 0 0 0
car 0.0 0 0 16 175 26 193 0 0 0 0 0 0 0
car 0.0 0 0 8 178 18 195 0 0 0 0 0 0 0
car 0.0 0 0 1 179 11 196 0 0 0 0 0 0 0
car 0.0 0 0 70 188 81 206 0 0 0 0 0 0 0
car 0.0 0 0 64 192 73 206 0 0 0 0 0 0 0
car 0.0 0 0 56 192 66 209 0 0 0 0 0 0 0
car 0.0 0 0 47 193 57 211 0 0 0 0 0 0 0
car 0.0 0 0 31 198 41 215 0 0 0 0 0 0 0
car 0.0 0 0 23 198 33 217 0 0 0 0 0 0 0
car 0.0 0 0 12 202 22 215 0 0 0 0 0 0 0
car 0.0 0 0 5 203 14 219 0 0 0 0 0 0 0
car 0.0 0 0 6 241 15 256 0 0 0 0 0 0 0
car 0.0 0 0 22 236 32 253 0 0 0 0 0 0 0
car 0.0 0 0 48 233 58 249 0 0 0 0 0 0 0
car 0.0 0 0 38 232 49 248 0 0 0 0 0 0 0
car 0.0 0 0 30 236 40 249 0 0 0 0 0 0 0
car 0.0 0 0 56 229 68 245 0 0 0 0 0 0 0
car 0.0 0 0 64 226 76 244 0 0 0 0 0 0 0
car 0.0 0 0 70 223 82 242 0 0 0 0 0 0 0
car 0.0 0 0 84 246 94 263 0 0 0 0 0 0 0
car 0.0 0 0 76 248 88 265 0 0 0 0 0 0 0
car 0.0 0 0 69 250 79 265 0 0 0 0 0 0 0
car 0.0 0 0 61 253 72 271 0 0 0 0 0 0 0
car 0.0 0 0 53 255 64 271 0 0 0 0 0 0 0
car 0.0 0 0 53 256 65 272 0 0 0 0 0 0 0
car 0.0 0 0 44 255 56 271 0 0 0 0 0 0 0
car 0.0 0 0 35 257 46 272 0 0 0 0 0 0 0
car 0.0 0 0 28 262 38 276 0 0 0 0 0 0 0
car 0.0 0 0 20 261 29 274 0 0 0 0 0 0 0
car 0.0 0 0 11 261 23 280 0 0 0 0 0 0 0
car 0.0 0 0 3 265 13 282 0 0 0 0 0 0 0
car 0.0 0 0 14 239 24 253 0 0 0 0 0 0 0
car 0.0 0 0 44 293 57 312 0 0 0 0 0 0 0
car 0.0 0 0 62 292 72 308 0 0 0 0 0 0 0
car 0.0 0 0 69 287 79 302 0 0 0 0 0 0 0
car 0.0 0 0 77 286 86 302 0 0 0 0 0 0 0
car 0.0 0 0 86 285 97 303 0 0 0 0 0 0 0
car 0.0 0 0 94 284 106 303 0 0 0 0 0 0 0
car 0.75 0 0 169 0 196 4 0 0 0 0 0 0 0
car 0.945161290323 0 0 335 0 352 2 0 0 0 0 0 0 0
car 0.0769230769231 0 0 303 0 327 12 0 0 0 0 0 0 0
car 0.75 0 0 292 0 325 4 0 0 0 0 0 0 0
car 0.0 0 0 223 1 252 17 0 0 0 0 0 0 0
car 0.0 0 0 224 12 252 26 0 0 0 0 0 0 0
car 0.0 0 0 179 17 219 35 0 0 0 0 0 0 0
car 0.0 0 0 180 49 203 62 0 0 0 0 0 0 0
car 0.0 0 0 208 36 248 54 0 0 0 0 0 0 0
car 0.0 0 0 190 52 225 69 0 0 0 0 0 0 0
car 0.0 0 0 167 66 206 84 0 0 0 0 0 0 0
car 0.0 0 0 211 59 239 76 0 0 0 0 0 0 0
car 0.0 0 0 228 70 259 86 0 0 0 0 0 0 0
car 0.0 0 0 252 28 286 47 0 0 0 0 0 0 0
car 0.0 0 0 289 22 327 41 0 0 0 0 0 0 0
car 0.542857142857 0 0 336 14 352 31 0 0 0 0 0 0 0
car 0.0 0 0 267 62 297 77 0 0 0 0 0 0 0
car 0.0 0 0 300 50 342 71 0 0 0 0 0 0 0
car 0.454545454545 0 0 346 47 352 71 0 0 0 0 0 0 0
car 0.25 0 0 346 71 352 88 0 0 0 0 0 0 0
car 0.0 0 0 326 76 339 93 0 0 0 0 0 0 0
car 0.0 0 0 301 117 313 134 0 0 0 0 0 0 0
car 0.0 0 0 311 116 322 133 0 0 0 0 0 0 0
car 0.0 0 0 318 115 330 132 0 0 0 0 0 0 0
car 0.0 0 0 326 113 338 131 0 0 0 0 0 0 0
car 0.0 0 0 335 112 346 126 0 0 0 0 0 0 0
car 0.4 0 0 346 107 352 124 0 0 0 0 0 0 0
car 0.0 0 0 254 1 290 15 0 0 0 0 0 0 0
car 0.0 0 0 204 167 211 179 0 0 0 0 0 0 0
car 0.0 0 0 334 137 344 152 0 0 0 0 0 0 0
car 0.0 0 0 203 187 217 197 0 0 0 0 0 0 0
car 0.0 0 0 243 156 252 171 0 0 0 0 0 0 0
car 0.0 0 0 228 196 235 213 0 0 0 0 0 0 0
car 0.0 0 0 249 151 261 174 0 0 0 0 0 0 0
car 0.0 0 0 291 143 305 162 0 0 0 0 0 0 0
car 0.0 0 0 224 129 252 147 0 0 0 0 0 0 0
car 0.0 0 0 47 128 61 150 0 0 0 0 0 0 0
car 0.0 0 0 270 119 301 141 0 0 0 0 0 0 0
car 0.0 0 0 266 188 280 207 0 0 0 0 0 0 0
car 0.0 0 0 217 159 228 178 0 0 0 0 0 0 0
car 0.0 0 0 297 77 329 97 0 0 0 0 0 0 0
car 0.0 0 0 259 122 274 145 0 0 0 0 0 0 0
car 0.0 0 0 220 96 255 111 0 0 0 0 0 0 0
car 0.0 0 0 317 178 328 196 0 0 0 0 0 0 0
car 0.0 0 0 253 123 266 149 0 0 0 0 0 0 0
car 0.0 0 0 217 199 227 217 0 0 0 0 0 0 0
car 0.0 0 0 286 186 295 206 0 0 0 0 0 0 0
car 0.0 0 0 235 161 241 174 0 0 0 0 0 0 0
car 0.0 0 0 23 136 36 157 0 0 0 0 0 0 0
car 0.0 0 0 245 195 254 212 0 0 0 0 0 0 0
car 0.0 0 0 38 129 51 152 0 0 0 0 0 0 0
car 0.0 0 0 336 68 348 94 0 0 0 0 0 0 0
car 0.0 0 0 200 136 225 153 0 0 0 0 0 0 0
car 0.0 0 0 301 183 311 201 0 0 0 0 0 0 0
car 0.0 0 0 227 163 235 175 0 0 0 0 0 0 0
car 0.0 0 0 197 100 226 120 0 0 0 0 0 0 0
car 0.0 0 0 236 195 243 212 0 0 0 0 0 0 0
car 0.0 0 0 30 131 43 153 0 0 0 0 0 0 0
car 0.0 0 0 257 152 272 169 0 0 0 0 0 0 0
car 0.0 0 0 4 136 20 157 0 0 0 0 0 0 0
car 0.0 0 0 261 190 269 208 0 0 0 0 0 0 0
