car 0.933333333333 0 0 260 351 270 352 0 0 0 0 0 0 0
car 0.5 0 0 294 345 303 352 0 0 0 0 0 0 0
car 0.0 0 0 333 334 343 351 0 0 0 0 0 0 0
car 0.1 0 0 343 333 352 348 0 0 0 0 0 0 0
car 0.8 0 0 350 332 352 346 0 0 0 0 0 0 0
car 0.0 0 0 218 322 228 336 0 0 0 0 0 0 0
car 0.0 0 0 244 316 252 329 0 0 0 0 0 0 0
car 0.0 0 0 249 313 261 329 0 0 0 0 0 0 0
car 0.0 0 0 259 312 270 329 0 0 0 0 0 0 0
car 0.0 0 0 276 309 287 325 0 0 0 0 0 0 0
car 0.0 0 0 292 306 302 321 0 0 0 0 0 0 0
car 0.0 0 0 310 303 318 319 0 0 0 0 0 0 0
car 0.0 0 0 317 300 327 316 0 0 0 0 0 0 0
car 0.0 0 0 333 299 342 314 0 0 0 0 0 0 0
car 0.0 0 0 342 295 352 312 0 0 0 0 0 0 0
car 0.7 0 0 349 293 352 310 0 0 0 0 0 0 0
car 0.944444444444 0 0 351 315 352 324 0 0 0 0 0 0 0
car 0.411764705882 0 0 101 342 112 352 0 0 0 0 0 0 0
car 0.333333333333 0 0 346 271 352 289 0 0 0 0 0 0 0
car 0.0 0 0 337 273 346 287 0 0 0 0 0 0 0
car 0.0 0 0 329 276 338 291 0 0 0 0 0 0 0
car 0.0 0 0 321 279 330 293 0 0 0 0 0 0 0
car 0.0 0 0 313 280 321 296 0 0 0 0 0 0 0
car 0.0 0 0 304 282 314 297 0 0 0 0 0 0 0
car 0.0 0 0 295 282 305 298 0 0 0 0 0 0 0
car 0.0 0 0 287 283 297 299 0 0 0 0 0 0 0
car 0.0 0 0 279 286 289 302 0 0 0 0 0 0 0
car 0.0 0 0 252 290 263 305 0 0 0 0 0 0 0
car 0.0 0 0 298 184 307 199 0 0 0 0 0 0 0
car 0.0 0 0 306 182 316 198 0 0 0 0 0 0 0
car 0.0 0 0 316 182 326 196 0 0 0 0 0 0 0
car 0.0 0 0 323 180 335 196 0 0 0 0 0 0 0
car 0.0 0 0 333 178 343 194 0 0 0 0 0 0 0
car 0.0 0 0 341 176 350 193 0 0 0 0 0 0 0
car 0.6 0 0 348 175 352 189 0 0 0 0 0 0 0
car 0.5 0 0 348 213 352 226 0 0 0 0 0 0 0
car 0.0 0 0 339 215 348 228 0 0 0 0 0 0 0
car 0.0 0 0 331 216 340 231 0 0 0 0 0 0 0
car 0.0 0 0 323 220 332 233 0 0 0 0 0 0 0
car 0.0 0 0 315 219 324 233 0 0 0 0 0 0 0
car 0.0 0 0 306 219 317 236 0 0 0 0 0 0 0
car 0.0 0 0 297 221 307 236 0 0 0 0 0 0 0
car 0.0 0 0 290 223 299 237 0 0 0 0 0 0 0
car 0.0 0 0 274 226 283 241 0 0 0 0 0 0 0
car 0.333333333333 0 0 346 235 352 250 0 0 0 0 0 0 0
car 0.0 0 0 338 236 347 251 0 0 0 0 0 0 0
car 0.0 0 0 328 238 337 251 0 0 0 0 0 0 0
car 0.0 0 0 321 240 330 255 0 0 0 0 0 0 0
car 0.0 0 0 311 241 322 258 0 0 0 0 0 0 0
car 0.0 0 0 303 243 313 259 0 0 0 0 0 0 0
car 0.0 0 0 296 245 304 258 0 0 0 0 0 0 0
car 0.0 0 0 288 248 298 262 0 0 0 0 0 0 0
car 0.0 0 0 278 246 288 262 0 0 0 0 0 0 0
car 0.0 0 0 270 250 278 263 0 0 0 0 0 0 0
