car 0.0 0 0 107 203 115 214 0 0 0 0 0 0 0
car 0.0 0 0 84 220 91 229 0 0 0 0 0 0 0
car 0.0 0 0 19 2 27 13 0 0 0 0 0 0 0
car 0.0 0 0 41 7 49 19 0 0 0 0 0 0 0
car 0.0 0 0 72 172 81 186 0 0 0 0 0 0 0
car 0.0 0 0 153 320 161 333 0 0 0 0 0 0 0
car 0.0 0 0 60 69 70 86 0 0 0 0 0 0 0
car 0.0 0 0 34 18 41 32 0 0 0 0 0 0 0
car 0.0 0 0 130 251 138 261 0 0 0 0 0 0 0
car 0.0 0 0 27 60 35 72 0 0 0 0 0 0 0
car 0.0 0 0 130 272 139 284 0 0 0 0 0 0 0
car 0.0 0 0 44 49 50 59 0 0 0 0 0 0 0
car 0.0 0 0 60 215 65 225 0 0 0 0 0 0 0
car 0.0 0 0 51 197 57 209 0 0 0 0 0 0 0
car 0.0 0 0 109 261 120 278 0 0 0 0 0 0 0
car 0.0 0 0 169 335 179 345 0 0 0 0 0 0 0
car 0.0 0 0 67 102 77 116 0 0 0 0 0 0 0
car 0.0 0 0 138 321 148 335 0 0 0 0 0 0 0
car 0.0 0 0 50 76 58 88 0 0 0 0 0 0 0
car 0.0 0 0 93 216 98 224 0 0 0 0 0 0 0
car 0.5 0 0 11 0 19 6 0 0 0 0 0 0 0
car 0.0 0 0 64 226 71 237 0 0 0 0 0 0 0
car 0.0 0 0 83 137 89 150 0 0 0 0 0 0 0
car 0.0 0 0 140 298 148 307 0 0 0 0 0 0 0
car 0.0 0 0 96 170 103 183 0 0 0 0 0 0 0
car 0.0 0 0 153 295 159 308 0 0 0 0 0 0 0
