car 0.0 0 0 8 94 21 103 0 0 0 0 0 0 0
car 0.0 0 0 100 92 108 98 0 0 0 0 0 0 0
car 0.0 0 0 166 92 177 98 0 0 0 0 0 0 0
car 0.0 0 0 206 108 217 116 0 0 0 0 0 0 0
car 0.0 0 0 268 52 279 57 0 0 0 0 0 0 0
car 0.0 0 0 317 104 327 110 0 0 0 0 0 0 0
car 0.0 0 0 334 105 343 110 0 0 0 0 0 0 0
car 0.0 0 0 175 124 190 128 0 0 0 0 0 0 0
car 0.0 0 0 247 126 263 133 0 0 0 0 0 0 0
car 0.0 0 0 300 115 314 120 0 0 0 0 0 0 0
car 0.0 0 0 336 118 346 124 0 0 0 0 0 0 0
car 0.0 0 0 180 93 195 100 0 0 0 0 0 0 0
car 0.0 0 0 203 94 212 99 0 0 0 0 0 0 0
car 0.0 0 0 65 94 82 99 0 0 0 0 0 0 0
car 0.0 0 0 299 103 313 109 0 0 0 0 0 0 0
car 0.0 0 0 289 54 301 59 0 0 0 0 0 0 0
