car 0.0 0 0 336 269 348 276 0 0 0 0 0 0 0
car 0.0 0 0 201 295 210 302 0 0 0 0 0 0 0
car 0.0 0 0 268 73 281 81 0 0 0 0 0 0 0
car 0.0 0 0 242 87 255 91 0 0 0 0 0 0 0
car 0.0 0 0 266 167 277 172 0 0 0 0 0 0 0
car 0.0 0 0 267 161 278 166 0 0 0 0 0 0 0
car 0.0 0 0 321 246 334 253 0 0 0 0 0 0 0
car 0.0 0 0 93 315 107 322 0 0 0 0 0 0 0
car 0.0 0 0 165 302 181 307 0 0 0 0 0 0 0
car 0.0 0 0 149 287 163 291 0 0 0 0 0 0 0
car 0.0 0 0 189 276 203 281 0 0 0 0 0 0 0
car 0.0 0 0 103 323 115 328 0 0 0 0 0 0 0
car 0.0 0 0 133 310 146 315 0 0 0 0 0 0 0
car 0.0 0 0 304 272 318 276 0 0 0 0 0 0 0
car 0.0 0 0 265 175 279 180 0 0 0 0 0 0 0
car 0.0 0 0 172 311 185 316 0 0 0 0 0 0 0
car 0.0 0 0 257 284 273 290 0 0 0 0 0 0 0
car 0.0 0 0 76 326 91 333 0 0 0 0 0 0 0
car 0.0 0 0 72 317 88 323 0 0 0 0 0 0 0
