car 0.0 0 0 269 191 280 205 0 0 0 0 0 0 0
car 0.0 0 0 278 162 287 182 0 0 0 0 0 0 0
car 0.0 0 0 279 145 286 158 0 0 0 0 0 0 0
car 0.0 0 0 299 259 311 276 0 0 0 0 0 0 0
car 0.0 0 0 294 288 301 300 0 0 0 0 0 0 0
car 0.0 0 0 311 261 319 274 0 0 0 0 0 0 0
car 0.0 0 0 314 306 322 320 0 0 0 0 0 0 0
car 0.9090909090909091 0 0 117 351 124 352 0 0 0 0 0 0 0
car 0.9 0 0 328 351 337 352 0 0 0 0 0 0 0
car 0.0 0 0 319 282 325 296 0 0 0 0 0 0 0
car 0.0 0 0 264 117 270 129 0 0 0 0 0 0 0
car 0.0 0 0 265 93 271 106 0 0 0 0 0 0 0
