car 0.0 0 0 60 270 73 279 0 0 0 0 0 0 0
car 0.0 0 0 12 269 24 276 0 0 0 0 0 0 0
car 0.0 0 0 152 268 160 274 0 0 0 0 0 0 0
car 0.0 0 0 218 268 229 274 0 0 0 0 0 0 0
car 0.0 0 0 258 284 269 292 0 0 0 0 0 0 0
car 0.23076923076923073 0 0 0 246 10 253 0 0 0 0 0 0 0
car 0.0 0 0 320 228 331 233 0 0 0 0 0 0 0
car 0.0 0 0 227 300 242 304 0 0 0 0 0 0 0
car 0.0 0 0 299 302 315 309 0 0 0 0 0 0 0
car 0.0 0 0 232 269 247 276 0 0 0 0 0 0 0
car 0.0 0 0 255 270 264 275 0 0 0 0 0 0 0
car 0.0 0 0 117 270 134 275 0 0 0 0 0 0 0
