car 0.0 0 0 187 126 203 134 0 0 0 0 0 0 0
car 0.0 0 0 244 132 256 139 0 0 0 0 0 0 0
car 0.0 0 0 304 158 315 163 0 0 0 0 0 0 0
car 0.0 0 0 244 155 256 164 0 0 0 0 0 0 0
car 0.0 0 0 318 180 332 187 0 0 0 0 0 0 0
car 0.0 0 0 225 263 252 277 0 0 0 0 0 0 0
car 0.0 0 0 313 169 329 179 0 0 0 0 0 0 0
car 0.0 0 0 344 107 350 120 0 0 0 0 0 0 0
car 0.0 0 0 337 108 344 121 0 0 0 0 0 0 0
car 0.0 0 0 332 109 338 121 0 0 0 0 0 0 0
car 0.0 0 0 319 108 326 120 0 0 0 0 0 0 0
car 0.0 0 0 287 104 294 120 0 0 0 0 0 0 0
car 0.0 0 0 279 103 287 118 0 0 0 0 0 0 0
car 0.0 0 0 273 105 280 116 0 0 0 0 0 0 0
car 0.0 0 0 265 101 273 118 0 0 0 0 0 0 0
car 0.0 0 0 251 104 257 113 0 0 0 0 0 0 0
car 0.0 0 0 186 96 193 107 0 0 0 0 0 0 0
car 0.0 0 0 171 93 179 106 0 0 0 0 0 0 0
car 0.0 0 0 166 93 171 105 0 0 0 0 0 0 0
car 0.0 0 0 153 92 161 104 0 0 0 0 0 0 0
car 0.0 0 0 148 90 154 103 0 0 0 0 0 0 0
car 0.0 0 0 142 95 148 103 0 0 0 0 0 0 0
car 0.0 0 0 134 91 141 104 0 0 0 0 0 0 0
car 0.0 0 0 128 88 134 102 0 0 0 0 0 0 0
car 0.0 0 0 122 86 128 102 0 0 0 0 0 0 0
car 0.0 0 0 89 117 100 124 0 0 0 0 0 0 0
car 0.0 0 0 180 24 186 36 0 0 0 0 0 0 0
car 0.0 0 0 313 109 319 121 0 0 0 0 0 0 0
car 0.0 0 0 161 92 167 104 0 0 0 0 0 0 0
car 0.0 0 0 114 88 121 101 0 0 0 0 0 0 0
car 0.7 0 0 0 104 3 110 0 0 0 0 0 0 0
car 0.0 0 0 10 105 19 110 0 0 0 0 0 0 0
car 0.0 0 0 158 126 175 133 0 0 0 0 0 0 0
car 0.0 0 0 104 85 107 101 0 0 0 0 0 0 0
car 0.0 0 0 28 107 40 113 0 0 0 0 0 0 0
car 0.0 0 0 107 114 120 118 0 0 0 0 0 0 0
car 0.0 0 0 298 104 303 123 0 0 0 0 0 0 0
car 0.0 0 0 122 112 135 119 0 0 0 0 0 0 0
car 0.0 0 0 283 171 292 181 0 0 0 0 0 0 0
car 0.0 0 0 12 118 22 124 0 0 0 0 0 0 0
car 0.0 0 0 63 107 72 114 0 0 0 0 0 0 0
car 0.0 0 0 112 124 130 131 0 0 0 0 0 0 0
car 0.0 0 0 77 110 87 115 0 0 0 0 0 0 0
car 0.0 0 0 187 139 204 147 0 0 0 0 0 0 0
car 0.0 0 0 294 104 298 122 0 0 0 0 0 0 0
car 0.3076923076923077 0 0 343 138 352 142 0 0 0 0 0 0 0
car 0.0 0 0 38 53 44 65 0 0 0 0 0 0 0
car 0.0 0 0 29 52 37 63 0 0 0 0 0 0 0
car 0.6 0 0 350 102 352 120 0 0 0 0 0 0 0
car 0.0 0 0 181 94 185 109 0 0 0 0 0 0 0
car 0.0 0 0 308 105 314 121 0 0 0 0 0 0 0
car 0.0 0 0 39 121 53 125 0 0 0 0 0 0 0
car 0.0 0 0 45 109 63 114 0 0 0 0 0 0 0
car 0.0 0 0 326 104 332 121 0 0 0 0 0 0 0
car 0.0 0 0 246 96 251 114 0 0 0 0 0 0 0
car 0.0 0 0 280 136 292 141 0 0 0 0 0 0 0
car 0.0 0 0 188 25 194 38 0 0 0 0 0 0 0
