car 0.0 0 0 315 187 325 217 0 0 0 0 0 0 0
car 0.0 0 0 343 326 351 337 0 0 0 0 0 0 0
car 0.0 0 0 339 121 346 132 0 0 0 0 0 0 0
car 0.0 0 0 332 159 338 176 0 0 0 0 0 0 0
car 0.1428571428571429 0 0 346 204 352 215 0 0 0 0 0 0 0
car 0.0 0 0 340 234 349 246 0 0 0 0 0 0 0
car 0.0 0 0 337 71 344 84 0 0 0 0 0 0 0
car 0.0 0 0 326 61 333 75 0 0 0 0 0 0 0
car 0.0 0 0 330 264 339 279 0 0 0 0 0 0 0
car 0.0 0 0 333 133 339 149 0 0 0 0 0 0 0
car 0.0 0 0 117 27 124 38 0 0 0 0 0 0 0
car 0.0 0 0 329 91 337 108 0 0 0 0 0 0 0
car 0.0 0 0 341 163 347 181 0 0 0 0 0 0 0
car 0.8571428571428572 0 0 351 303 352 319 0 0 0 0 0 0 0
car 0.0 0 0 335 318 343 330 0 0 0 0 0 0 0
car 0.0 0 0 328 27 337 37 0 0 0 0 0 0 0
car 0.0 0 0 345 263 349 278 0 0 0 0 0 0 0
