car 0.0 0 0 333 140 350 149 0 0 0 0 0 0 0
car 0.105263157895 0 0 335 129 352 140 0 0 0 0 0 0 0
car 0.0 0 0 300 113 323 128 0 0 0 0 0 0 0
car 0.0 0 0 252 127 270 137 0 0 0 0 0 0 0
car 0.315789473684 0 0 339 58 352 68 0 0 0 0 0 0 0
car 0.0 0 0 285 46 305 58 0 0 0 0 0 0 0
car 0.0 0 0 193 62 204 80 0 0 0 0 0 0 0
car 0.0 0 0 56 131 95 148 0 0 0 0 0 0 0
car 0.0 0 0 46 100 63 109 0 0 0 0 0 0 0
car 0.0 0 0 66 93 84 103 0 0 0 0 0 0 0
car 0.0 0 0 68 85 86 94 0 0 0 0 0 0 0
car 0.0 0 0 177 284 194 292 0 0 0 0 0 0 0
car 0.0 0 0 44 312 62 323 0 0 0 0 0 0 0
car 0.0 0 0 193 319 200 337 0 0 0 0 0 0 0
car 0.0 0 0 217 327 224 343 0 0 0 0 0 0 0
car 0.0 0 0 226 326 235 342 0 0 0 0 0 0 0
car 0.0 0 0 272 333 278 351 0 0 0 0 0 0 0
car 0.0625 0 0 290 337 297 352 0 0 0 0 0 0 0
car 0.15 0 0 298 335 306 352 0 0 0 0 0 0 0
car 0.235294117647 0 0 309 339 315 352 0 0 0 0 0 0 0
car 0.315789473684 0 0 325 339 333 352 0 0 0 0 0 0 0
car 0.571428571429 0 0 344 346 351 352 0 0 0 0 0 0 0
