car 0.0 0 0 313 216 331 225 0 0 0 0 0 0 0
car 0.0 0 0 289 163 308 170 0 0 0 0 0 0 0
car 0.0 0 0 195 165 218 178 0 0 0 0 0 0 0
car 0.0 0 0 138 140 157 151 0 0 0 0 0 0 0
car 0.0 0 0 208 158 226 169 0 0 0 0 0 0 0
car 0.0 0 0 44 178 61 187 0 0 0 0 0 0 0
car 0.0 0 0 9 140 26 149 0 0 0 0 0 0 0
car 0.0 0 0 11 129 30 140 0 0 0 0 0 0 0
car 0.0 0 0 131 81 149 91 0 0 0 0 0 0 0
car 0.0 0 0 15 58 34 68 0 0 0 0 0 0 0
car 0.315789473684 0 0 1 339 9 352 0 0 0 0 0 0 0
car 0.571428571429 0 0 20 346 27 352 0 0 0 0 0 0 0
car 0.8125 0 0 46 349 53 352 0 0 0 0 0 0 0
car 0.866666666667 0 0 55 350 63 352 0 0 0 0 0 0 0
car 0.823529411765 0 0 64 349 70 352 0 0 0 0 0 0 0
car 0.875 0 0 72 350 79 352 0 0 0 0 0 0 0
car 0.0 0 0 143 260 171 275 0 0 0 0 0 0 0
car 0.0 0 0 234 321 244 340 0 0 0 0 0 0 0
car 0.0 0 0 219 320 231 339 0 0 0 0 0 0 0
car 0.0 0 0 197 320 206 337 0 0 0 0 0 0 0
car 0.0 0 0 311 18 329 29 0 0 0 0 0 0 0
