car 0.222222222222 0 0 154 345 169 352 0 0 0 0 0 0 0
car 0.0 0 0 165 217 183 254 0 0 0 0 0 0 0
car 0.0 0 0 258 212 275 222 0 0 0 0 0 0 0
car 0.0 0 0 229 283 243 293 0 0 0 0 0 0 0
car 0.0 0 0 297 209 314 220 0 0 0 0 0 0 0
car 0.0 0 0 307 189 322 200 0 0 0 0 0 0 0
car 0.545454545455 0 0 0 182 10 197 0 0 0 0 0 0 0
car 0.0 0 0 237 270 252 281 0 0 0 0 0 0 0
car 0.0 0 0 341 86 351 98 0 0 0 0 0 0 0
car 0.0 0 0 265 287 287 300 0 0 0 0 0 0 0
car 0.0 0 0 255 317 276 328 0 0 0 0 0 0 0
car 0.538461538462 0 0 203 346 223 352 0 0 0 0 0 0 0
car 0.0 0 0 262 293 283 307 0 0 0 0 0 0 0
car 0.0 0 0 206 330 228 346 0 0 0 0 0 0 0
car 0.0 0 0 259 302 281 313 0 0 0 0 0 0 0
car 0.0 0 0 249 331 269 342 0 0 0 0 0 0 0
car 0.0 0 0 216 311 238 323 0 0 0 0 0 0 0
car 0.0 0 0 212 317 235 332 0 0 0 0 0 0 0
car 0.0 0 0 286 228 305 241 0 0 0 0 0 0 0
car 0.0 0 0 252 324 272 336 0 0 0 0 0 0 0
car 0.0 0 0 223 296 243 308 0 0 0 0 0 0 0
car 0.0 0 0 205 340 225 352 0 0 0 0 0 0 0
car 0.0 0 0 266 279 289 293 0 0 0 0 0 0 0
car 0.0 0 0 218 303 238 316 0 0 0 0 0 0 0
car 0.0 0 0 244 337 267 349 0 0 0 0 0 0 0
car 0.0 0 0 289 222 313 234 0 0 0 0 0 0 0
car 0.833333333333 0 0 148 350 170 352 0 0 0 0 0 0 0
car 0.0 0 0 274 266 296 279 0 0 0 0 0 0 0
car 0.0 0 0 209 327 231 338 0 0 0 0 0 0 0
car 0.0 0 0 258 310 277 320 0 0 0 0 0 0 0
car 0.333333333333 0 0 241 344 263 352 0 0 0 0 0 0 0
car 0.0 0 0 227 292 247 302 0 0 0 0 0 0 0
car 0.0 0 0 272 273 290 284 0 0 0 0 0 0 0
