car 0.0 0 0 292 255 304 261 0 0 0 0 0 0 0
car 0.0 0 0 290 263 306 271 0 0 0 0 0 0 0
car 0.0 0 0 289 270 304 280 0 0 0 0 0 0 0
car 0.0 0 0 287 280 305 290 0 0 0 0 0 0 0
car 0.0 0 0 283 295 302 305 0 0 0 0 0 0 0
car 0.0 0 0 280 301 300 311 0 0 0 0 0 0 0
car 0.0 0 0 278 328 295 337 0 0 0 0 0 0 0
car 0.0 0 0 277 337 294 345 0 0 0 0 0 0 0
car 0.4 0 0 292 346 309 352 0 0 0 0 0 0 0
car 0.0 0 0 295 339 309 347 0 0 0 0 0 0 0
car 0.0 0 0 297 324 313 332 0 0 0 0 0 0 0
car 0.0 0 0 297 315 315 323 0 0 0 0 0 0 0
car 0.0 0 0 298 306 314 316 0 0 0 0 0 0 0
car 0.0 0 0 300 297 319 308 0 0 0 0 0 0 0
car 0.0 0 0 308 267 325 274 0 0 0 0 0 0 0
car 0.0 0 0 307 257 325 267 0 0 0 0 0 0 0
car 0.0 0 0 309 249 327 257 0 0 0 0 0 0 0
car 0.0 0 0 310 242 328 250 0 0 0 0 0 0 0
car 0.0 0 0 312 233 329 242 0 0 0 0 0 0 0
car 0.0 0 0 306 274 322 283 0 0 0 0 0 0 0
car 0.647058823529 0 0 346 270 352 279 0 0 0 0 0 0 0
car 0.0 0 0 305 282 320 290 0 0 0 0 0 0 0
car 0.0 0 0 303 291 321 299 0 0 0 0 0 0 0
car 0.125 0 0 335 345 351 352 0 0 0 0 0 0 0
car 0.0588235294118 0 0 336 329 352 336 0 0 0 0 0 0 0
car 0.25 0 0 337 319 352 329 0 0 0 0 0 0 0
car 0.5 0 0 343 285 352 295 0 0 0 0 0 0 0
car 0.388888888889 0 0 341 304 352 312 0 0 0 0 0 0 0
car 0.294117647059 0 0 340 312 352 320 0 0 0 0 0 0 0
car 0.764705882353 0 0 348 264 352 272 0 0 0 0 0 0 0
car 0.888888888889 0 0 350 247 352 255 0 0 0 0 0 0 0
car 0.941176470588 0 0 351 239 352 248 0 0 0 0 0 0 0
car 0.95 0 0 351 231 352 240 0 0 0 0 0 0 0
car 0.625 0 0 349 180 352 196 0 0 0 0 0 0 0
car 0.0 0 0 311 225 327 233 0 0 0 0 0 0 0
car 0.0 0 0 295 331 311 342 0 0 0 0 0 0 0
car 0.421052631579 0 0 341 295 352 306 0 0 0 0 0 0 0
car 0.0 0 0 285 288 301 297 0 0 0 0 0 0 0
car 0.0 0 0 316 51 328 63 0 0 0 0 0 0 0
car 0.0 0 0 279 60 293 73 0 0 0 0 0 0 0
car 0.0 0 0 223 22 239 31 0 0 0 0 0 0 0
car 0.0 0 0 121 145 132 162 0 0 0 0 0 0 0
car 0.0 0 0 193 212 207 237 0 0 0 0 0 0 0
car 0.0 0 0 196 245 207 262 0 0 0 0 0 0 0
car 0.0 0 0 177 329 188 350 0 0 0 0 0 0 0
car 0.0 0 0 75 42 88 58 0 0 0 0 0 0 0
car 0.0 0 0 100 71 110 86 0 0 0 0 0 0 0
car 0.222222222222 0 0 345 200 352 215 0 0 0 0 0 0 0
car 0.0 0 0 252 341 261 350 0 0 0 0 0 0 0
car 0.0 0 0 257 304 266 313 0 0 0 0 0 0 0
car 0.0 0 0 260 277 271 287 0 0 0 0 0 0 0
car 0.0 0 0 292 194 306 210 0 0 0 0 0 0 0
car 0.0 0 0 308 174 322 189 0 0 0 0 0 0 0
car 0.0 0 0 320 161 334 177 0 0 0 0 0 0 0
car 0.0 0 0 243 104 256 119 0 0 0 0 0 0 0
car 0.0 0 0 263 117 276 134 0 0 0 0 0 0 0
car 0.0 0 0 332 149 348 163 0 0 0 0 0 0 0
car 0.777777777778 0 0 348 254 352 264 0 0 0 0 0 0 0
car 0.0 0 0 261 247 277 258 0 0 0 0 0 0 0
car 0.0 0 0 265 255 278 265 0 0 0 0 0 0 0
car 0.0 0 0 22 252 30 268 0 0 0 0 0 0 0
