car 0.0 0 0 8 231 21 244 0 0 0 0 0 0 0
car 0.0 0 0 48 300 60 317 0 0 0 0 0 0 0
car 0.0 0 0 56 304 68 320 0 0 0 0 0 0 0
car 0.0 0 0 65 307 76 322 0 0 0 0 0 0 0
car 0.0 0 0 74 309 84 324 0 0 0 0 0 0 0
car 0.0 0 0 82 311 93 327 0 0 0 0 0 0 0
car 0.0 0 0 91 311 102 330 0 0 0 0 0 0 0
car 0.0 0 0 101 314 110 332 0 0 0 0 0 0 0
car 0.0 0 0 109 316 118 334 0 0 0 0 0 0 0
car 0.0 0 0 120 322 128 336 0 0 0 0 0 0 0
car 0.0 0 0 127 323 137 338 0 0 0 0 0 0 0
car 0.0 0 0 136 327 144 341 0 0 0 0 0 0 0
car 0.0 0 0 160 332 170 350 0 0 0 0 0 0 0
car 0.0625 0 0 178 337 189 352 0 0 0 0 0 0 0
car 0.222222222222 0 0 187 338 199 352 0 0 0 0 0 0 0
car 0.611111111111 0 0 211 345 222 352 0 0 0 0 0 0 0
car 0.0 0 0 227 332 242 346 0 0 0 0 0 0 0
car 0.0 0 0 222 337 238 351 0 0 0 0 0 0 0
car 0.0 0 0 72 273 85 286 0 0 0 0 0 0 0
car 0.0 0 0 79 275 92 290 0 0 0 0 0 0 0
car 0.0 0 0 88 277 102 290 0 0 0 0 0 0 0
car 0.0 0 0 97 279 112 294 0 0 0 0 0 0 0
car 0.0 0 0 106 282 118 295 0 0 0 0 0 0 0
car 0.0 0 0 112 284 127 296 0 0 0 0 0 0 0
car 0.0 0 0 122 286 137 300 0 0 0 0 0 0 0
car 0.0 0 0 129 288 144 302 0 0 0 0 0 0 0
car 0.0 0 0 137 290 152 304 0 0 0 0 0 0 0
car 0.0 0 0 148 291 160 306 0 0 0 0 0 0 0
car 0.0 0 0 153 295 168 310 0 0 0 0 0 0 0
car 0.0 0 0 162 297 177 312 0 0 0 0 0 0 0
car 0.0 0 0 170 299 186 314 0 0 0 0 0 0 0
car 0.0 0 0 185 306 201 318 0 0 0 0 0 0 0
car 0.0 0 0 194 309 208 321 0 0 0 0 0 0 0
car 0.0 0 0 55 266 74 279 0 0 0 0 0 0 0
car 0.0 0 0 103 250 124 261 0 0 0 0 0 0 0
car 0.0 0 0 167 258 190 276 0 0 0 0 0 0 0
