car 0.636363636364 0 0 0 334 4 346 0 0 0 0 0 0 0
car 0.0625 0 0 0 335 15 349 0 0 0 0 0 0 0
car 0.0833333333333 0 0 8 341 21 352 0 0 0 0 0 0 0
car 0.0 0 0 246 163 264 174 0 0 0 0 0 0 0
car 0.0 0 0 248 149 267 159 0 0 0 0 0 0 0
car 0.0 0 0 251 132 267 142 0 0 0 0 0 0 0
car 0.0 0 0 249 140 267 149 0 0 0 0 0 0 0
car 0.0 0 0 275 161 292 170 0 0 0 0 0 0 0
car 0.0 0 0 276 170 291 178 0 0 0 0 0 0 0
car 0.0 0 0 82 172 99 182 0 0 0 0 0 0 0
car 0.0 0 0 68 278 83 287 0 0 0 0 0 0 0
car 0.0 0 0 66 286 83 295 0 0 0 0 0 0 0
car 0.0 0 0 61 304 78 315 0 0 0 0 0 0 0
car 0.0 0 0 57 310 75 322 0 0 0 0 0 0 0
car 0.0 0 0 64 247 81 256 0 0 0 0 0 0 0
car 0.0 0 0 66 237 84 247 0 0 0 0 0 0 0
car 0.0 0 0 68 229 90 240 0 0 0 0 0 0 0
car 0.0 0 0 69 221 85 230 0 0 0 0 0 0 0
car 0.0 0 0 80 208 96 216 0 0 0 0 0 0 0
car 0.0 0 0 80 198 96 208 0 0 0 0 0 0 0
car 0.0 0 0 84 182 97 190 0 0 0 0 0 0 0
car 0.0 0 0 82 191 97 198 0 0 0 0 0 0 0
car 0.0 0 0 92 124 111 133 0 0 0 0 0 0 0
car 0.0 0 0 94 113 112 122 0 0 0 0 0 0 0
car 0.0 0 0 96 105 112 112 0 0 0 0 0 0 0
car 0.0 0 0 92 133 109 142 0 0 0 0 0 0 0
car 0.0 0 0 92 142 109 149 0 0 0 0 0 0 0
car 0.0 0 0 91 150 106 158 0 0 0 0 0 0 0
car 0.0 0 0 89 158 106 166 0 0 0 0 0 0 0
car 0.0 0 0 85 165 102 174 0 0 0 0 0 0 0
car 0.0 0 0 1 15 9 34 0 0 0 0 0 0 0
car 0.0 0 0 20 22 27 36 0 0 0 0 0 0 0
car 0.0 0 0 46 25 53 41 0 0 0 0 0 0 0
car 0.0 0 0 55 26 63 41 0 0 0 0 0 0 0
car 0.0 0 0 64 25 70 42 0 0 0 0 0 0 0
car 0.0 0 0 72 26 79 42 0 0 0 0 0 0 0
car 0.0 0 0 81 28 89 45 0 0 0 0 0 0 0
car 0.0 0 0 91 29 98 45 0 0 0 0 0 0 0
car 0.0 0 0 129 35 138 53 0 0 0 0 0 0 0
car 0.571428571429 0 0 0 53 3 67 0 0 0 0 0 0 0
car 0.0 0 0 4 57 13 69 0 0 0 0 0 0 0
car 0.0 0 0 15 55 22 71 0 0 0 0 0 0 0
car 0.0 0 0 45 59 55 76 0 0 0 0 0 0 0
car 0.0 0 0 58 62 67 78 0 0 0 0 0 0 0
car 0.0 0 0 76 64 84 80 0 0 0 0 0 0 0
car 0.733333333333 0 0 0 300 4 311 0 0 0 0 0 0 0
car 0.0 0 0 0 302 21 315 0 0 0 0 0 0 0
car 0.0 0 0 17 307 32 317 0 0 0 0 0 0 0
car 0.0 0 0 26 312 44 323 0 0 0 0 0 0 0
car 0.933333333333 0 0 304 351 312 352 0 0 0 0 0 0 0
car 0.0 0 0 58 278 64 294 0 0 0 0 0 0 0
car 0.0 0 0 322 99 333 119 0 0 0 0 0 0 0
car 0.0 0 0 278 56 292 65 0 0 0 0 0 0 0
car 0.157894736842 0 0 234 0 244 16 0 0 0 0 0 0 0
car 0.210526315789 0 0 219 0 231 15 0 0 0 0 0 0 0
car 0.0 0 0 114 250 141 264 0 0 0 0 0 0 0
car 0.235294117647 0 0 197 0 206 13 0 0 0 0 0 0 0
car 0.0 0 0 252 50 278 63 0 0 0 0 0 0 0
car 0.4 0 0 89 331 107 352 0 0 0 0 0 0 0
car 0.0 0 0 298 47 314 55 0 0 0 0 0 0 0
car 0.0 0 0 279 100 287 119 0 0 0 0 0 0 0
car 0.733333333333 0 0 290 348 299 352 0 0 0 0 0 0 0
car 0.0 0 0 44 305 58 314 0 0 0 0 0 0 0
car 0.0 0 0 160 55 185 74 0 0 0 0 0 0 0
car 0.0 0 0 138 36 146 53 0 0 0 0 0 0 0
car 0.0 0 0 50 276 57 293 0 0 0 0 0 0 0
car 0.0 0 0 118 236 140 247 0 0 0 0 0 0 0
