car 0.0 0 0 142 31 165 46 0 0 0 0 0 0 0
car 0.0 0 0 129 75 148 85 0 0 0 0 0 0 0
car 0.0 0 0 138 58 155 69 0 0 0 0 0 0 0
car 0.0 0 0 154 21 169 30 0 0 0 0 0 0 0
car 0.0 0 0 197 136 218 147 0 0 0 0 0 0 0
car 0.0 0 0 210 99 234 113 0 0 0 0 0 0 0
car 0.0 0 0 188 156 209 171 0 0 0 0 0 0 0
car 0.0 0 0 106 128 130 142 0 0 0 0 0 0 0
car 0.0 0 0 160 111 186 129 0 0 0 0 0 0 0
car 0.636363636364 0 0 255 0 276 4 0 0 0 0 0 0 0
car 0.0 0 0 236 34 258 47 0 0 0 0 0 0 0
car 0.0 0 0 203 22 223 35 0 0 0 0 0 0 0
car 0.0 0 0 169 109 187 121 0 0 0 0 0 0 0
car 0.0 0 0 230 57 249 69 0 0 0 0 0 0 0
car 0.0 0 0 206 6 228 22 0 0 0 0 0 0 0
car 0.0 0 0 200 28 220 42 0 0 0 0 0 0 0
car 0.0 0 0 146 168 164 180 0 0 0 0 0 0 0
car 0.0 0 0 203 121 225 134 0 0 0 0 0 0 0
car 0.0 0 0 144 41 163 55 0 0 0 0 0 0 0
car 0.0 0 0 170 101 191 114 0 0 0 0 0 0 0
car 0.0 0 0 155 145 176 160 0 0 0 0 0 0 0
car 0.0 0 0 138 50 158 62 0 0 0 0 0 0 0
car 0.0 0 0 116 95 140 110 0 0 0 0 0 0 0
car 0.0 0 0 115 104 136 118 0 0 0 0 0 0 0
car 0.0 0 0 147 158 166 173 0 0 0 0 0 0 0
car 0.0 0 0 249 7 269 18 0 0 0 0 0 0 0
car 0.0 0 0 123 81 149 96 0 0 0 0 0 0 0
car 0.0 0 0 177 87 197 99 0 0 0 0 0 0 0
car 0.0 0 0 156 138 179 151 0 0 0 0 0 0 0
car 0.0 0 0 191 142 213 156 0 0 0 0 0 0 0
car 0.466666666667 0 0 212 0 235 8 0 0 0 0 0 0 0
car 0.0 0 0 132 65 154 77 0 0 0 0 0 0 0
car 0.0 0 0 184 74 203 86 0 0 0 0 0 0 0
car 0.0 0 0 241 28 262 41 0 0 0 0 0 0 0
car 0.0 0 0 183 173 205 186 0 0 0 0 0 0 0
car 0.0 0 0 229 49 252 62 0 0 0 0 0 0 0
car 0.0 0 0 218 85 240 98 0 0 0 0 0 0 0
car 0.0 0 0 252 0 272 12 0 0 0 0 0 0 0
car 0.0 0 0 218 77 238 90 0 0 0 0 0 0 0
car 0.0 0 0 208 115 229 128 0 0 0 0 0 0 0
car 0.0 0 0 161 130 179 144 0 0 0 0 0 0 0
car 0.0 0 0 205 16 225 28 0 0 0 0 0 0 0
car 0.0 0 0 191 52 212 65 0 0 0 0 0 0 0
car 0.0 0 0 177 186 200 199 0 0 0 0 0 0 0
car 0.0 0 0 116 112 136 125 0 0 0 0 0 0 0
car 0.0 0 0 180 80 201 93 0 0 0 0 0 0 0
car 0.0 0 0 206 107 228 119 0 0 0 0 0 0 0
car 0.0 0 0 225 62 245 76 0 0 0 0 0 0 0
car 0.0 0 0 161 122 183 137 0 0 0 0 0 0 0
car 0.0 0 0 244 13 267 25 0 0 0 0 0 0 0
car 0.0 0 0 103 135 124 150 0 0 0 0 0 0 0
car 0.0 0 0 148 26 170 38 0 0 0 0 0 0 0
car 0.0 0 0 190 60 207 72 0 0 0 0 0 0 0
car 0.0 0 0 231 41 258 56 0 0 0 0 0 0 0
car 0.0 0 0 209 3 231 14 0 0 0 0 0 0 0
car 0.0 0 0 179 179 201 192 0 0 0 0 0 0 0
car 0.0 0 0 173 95 194 107 0 0 0 0 0 0 0
car 0.0 0 0 141 174 161 187 0 0 0 0 0 0 0
car 0.0 0 0 241 20 263 32 0 0 0 0 0 0 0
car 0.0 0 0 196 37 216 50 0 0 0 0 0 0 0
car 0.0 0 0 187 67 204 79 0 0 0 0 0 0 0
car 0.0 0 0 191 151 212 163 0 0 0 0 0 0 0
car 0.0 0 0 212 91 238 106 0 0 0 0 0 0 0
car 0.0 0 0 123 89 145 103 0 0 0 0 0 0 0
car 0.0 0 0 195 44 215 57 0 0 0 0 0 0 0
car 0.0 0 0 150 152 170 166 0 0 0 0 0 0 0
car 0.0 0 0 222 71 242 83 0 0 0 0 0 0 0
car 0.0 0 0 199 128 220 142 0 0 0 0 0 0 0
car 0.0 0 0 187 166 205 178 0 0 0 0 0 0 0
car 0.0 0 0 108 119 130 132 0 0 0 0 0 0 0
