car 0.0 0 0 278 4 295 13 0 0 0 0 0 0 0
car 0.0 0 0 277 13 294 21 0 0 0 0 0 0 0
car 0.0 0 0 271 55 286 64 0 0 0 0 0 0 0
car 0.0 0 0 290 58 307 66 0 0 0 0 0 0 0
car 0.0 0 0 288 46 307 58 0 0 0 0 0 0 0
car 0.0 0 0 290 41 305 49 0 0 0 0 0 0 0
car 0.0 0 0 292 31 309 41 0 0 0 0 0 0 0
car 0.0 0 0 292 22 309 32 0 0 0 0 0 0 0
car 0.0 0 0 295 15 309 23 0 0 0 0 0 0 0
car 0.0 0 0 297 0 313 8 0 0 0 0 0 0 0
car 0.0 0 0 335 21 351 29 0 0 0 0 0 0 0
car 0.0 0 0 333 29 351 38 0 0 0 0 0 0 0
car 0.0 0 0 327 63 346 72 0 0 0 0 0 0 0
car 0.0 0 0 328 55 346 64 0 0 0 0 0 0 0
car 0.0 0 0 324 78 345 89 0 0 0 0 0 0 0
car 0.277777777778 0 0 339 90 352 100 0 0 0 0 0 0 0
car 0.235294117647 0 0 339 98 352 107 0 0 0 0 0 0 0
car 0.5625 0 0 345 58 352 67 0 0 0 0 0 0 0
car 0.705882352941 0 0 347 51 352 60 0 0 0 0 0 0 0
car 0.0 0 0 331 45 348 55 0 0 0 0 0 0 0
car 0.944444444444 0 0 351 28 352 37 0 0 0 0 0 0 0
car 0.0588235294118 0 0 336 5 352 12 0 0 0 0 0 0 0
car 0.625 0 0 337 0 352 5 0 0 0 0 0 0 0
car 0.0 0 0 283 89 299 99 0 0 0 0 0 0 0
car 0.0 0 0 282 98 298 107 0 0 0 0 0 0 0
car 0.4375 0 0 343 74 352 84 0 0 0 0 0 0 0
car 0.5625 0 0 345 65 352 75 0 0 0 0 0 0 0
car 0.176470588235 0 0 338 105 352 115 0 0 0 0 0 0 0
car 0.0 0 0 295 7 311 18 0 0 0 0 0 0 0
car 0.0 0 0 332 36 348 48 0 0 0 0 0 0 0
car 0.0 0 0 177 5 188 26 0 0 0 0 0 0 0
car 0.0 0 0 175 57 181 71 0 0 0 0 0 0 0
car 0.0 0 0 110 57 118 72 0 0 0 0 0 0 0
car 0.0 0 0 181 98 198 119 0 0 0 0 0 0 0
car 0.0 0 0 265 155 303 173 0 0 0 0 0 0 0
car 0.0 0 0 252 17 261 26 0 0 0 0 0 0 0
car 0.0 0 0 156 75 166 94 0 0 0 0 0 0 0
