car 0.0 0 0 219 217 237 228 0 0 0 0 0 0 0
car 0.0 0 0 258 239 275 247 0 0 0 0 0 0 0
car 0.0 0 0 312 182 334 197 0 0 0 0 0 0 0
car 0.5 0 0 0 216 7 230 0 0 0 0 0 0 0
car 0.0 0 0 5 136 23 156 0 0 0 0 0 0 0
car 0.642857142857 0 0 0 225 5 239 0 0 0 0 0 0 0
car 0.0 0 0 41 115 62 130 0 0 0 0 0 0 0
car 0.0 0 0 5 127 26 146 0 0 0 0 0 0 0
car 0.428571428571 0 0 0 200 8 220 0 0 0 0 0 0 0
car 0.0 0 0 1 197 15 211 0 0 0 0 0 0 0
car 0.0 0 0 32 203 45 212 0 0 0 0 0 0 0
car 0.0 0 0 46 94 69 109 0 0 0 0 0 0 0
car 0.0 0 0 9 105 26 126 0 0 0 0 0 0 0
car 0.0 0 0 29 220 44 229 0 0 0 0 0 0 0
car 0.0 0 0 10 97 26 113 0 0 0 0 0 0 0
car 0.0 0 0 52 74 71 89 0 0 0 0 0 0 0
car 0.0 0 0 33 194 47 203 0 0 0 0 0 0 0
car 0.0 0 0 31 232 44 240 0 0 0 0 0 0 0
car 0.0 0 0 51 43 78 63 0 0 0 0 0 0 0
car 0.0 0 0 12 74 33 96 0 0 0 0 0 0 0
car 0.0 0 0 50 64 71 78 0 0 0 0 0 0 0
