car 0.0 0 0 189 278 207 315 0 0 0 0 0 0 0
car 0.0 0 0 282 273 299 283 0 0 0 0 0 0 0
car 0.0 0 0 321 270 338 281 0 0 0 0 0 0 0
car 0.0 0 0 331 250 346 261 0 0 0 0 0 0 0
car 0.0 0 0 12 243 34 258 0 0 0 0 0 0 0
car 0.0 0 0 261 331 276 342 0 0 0 0 0 0 0
car 0.0 0 0 312 0 329 32 0 0 0 0 0 0 0
car 0.0 0 0 282 22 296 53 0 0 0 0 0 0 0
car 0.193548387097 0 0 289 0 307 25 0 0 0 0 0 0 0
car 0.0 0 0 310 289 329 302 0 0 0 0 0 0 0
car 0.0 0 0 313 283 337 295 0 0 0 0 0 0 0
car 0.0 0 0 298 327 320 340 0 0 0 0 0 0 0
car 0.535714285714 0 0 209 0 226 13 0 0 0 0 0 0 0
car 0.190476190476 0 0 236 0 249 17 0 0 0 0 0 0 0
car 0.0 0 0 296 334 314 345 0 0 0 0 0 0 0
