car 0.0 0 0 269 26 288 40 0 0 0 0 0 0 0
car 0.0 0 0 230 141 246 152 0 0 0 0 0 0 0
car 0.0 0 0 222 147 243 161 0 0 0 0 0 0 0
car 0.0 0 0 221 157 237 168 0 0 0 0 0 0 0
car 0.0 0 0 180 247 217 270 0 0 0 0 0 0 0
car 0.0 0 0 235 201 265 217 0 0 0 0 0 0 0
car 0.0 0 0 163 307 184 319 0 0 0 0 0 0 0
car 0.0 0 0 167 293 189 307 0 0 0 0 0 0 0
car 0.0 0 0 166 300 187 313 0 0 0 0 0 0 0
car 0.0 0 0 218 16 253 43 0 0 0 0 0 0 0
car 0.0 0 0 210 296 239 314 0 0 0 0 0 0 0
car 0.0 0 0 176 269 201 282 0 0 0 0 0 0 0
