car 0.5625 0 0 0 105 7 116 0 0 0 0 0 0 0
car 0.0 0 0 0 119 14 130 0 0 0 0 0 0 0
car 0.0 0 0 15 148 29 156 0 0 0 0 0 0 0
car 0.0 0 0 22 155 35 165 0 0 0 0 0 0 0
car 0.0 0 0 24 162 38 171 0 0 0 0 0 0 0
car 0.8 0 0 0 169 2 176 0 0 0 0 0 0 0
car 0.0 0 0 98 276 113 287 0 0 0 0 0 0 0
car 0.0 0 0 115 302 128 312 0 0 0 0 0 0 0
car 0.0 0 0 119 309 133 320 0 0 0 0 0 0 0
car 0.0 0 0 122 315 137 325 0 0 0 0 0 0 0
car 0.0 0 0 78 316 93 327 0 0 0 0 0 0 0
car 0.0 0 0 83 323 96 333 0 0 0 0 0 0 0
car 0.0 0 0 87 331 102 343 0 0 0 0 0 0 0
car 0.0 0 0 90 338 107 350 0 0 0 0 0 0 0
car 0.0 0 0 138 341 152 351 0 0 0 0 0 0 0
