car 0.0 0 0 23 114 31 135 0 0 0 0 0 0 0
car 0.0 0 0 36 126 46 148 0 0 0 0 0 0 0
car 0.0 0 0 62 128 74 147 0 0 0 0 0 0 0
car 0.0 0 0 69 152 80 169 0 0 0 0 0 0 0
car 0.0 0 0 79 172 92 195 0 0 0 0 0 0 0
car 0.0 0 0 34 150 42 164 0 0 0 0 0 0 0
car 0.0 0 0 224 100 233 116 0 0 0 0 0 0 0
car 0.0 0 0 271 111 284 120 0 0 0 0 0 0 0
car 0.0 0 0 274 115 290 125 0 0 0 0 0 0 0
car 0.0 0 0 279 121 293 131 0 0 0 0 0 0 0
car 0.0 0 0 290 133 302 142 0 0 0 0 0 0 0
car 0.0 0 0 315 105 331 116 0 0 0 0 0 0 0
car 0.0 0 0 324 119 338 130 0 0 0 0 0 0 0
car 0.0 0 0 304 156 317 166 0 0 0 0 0 0 0
car 0.0714285714286 0 0 339 148 352 156 0 0 0 0 0 0 0
car 0.538461538462 0 0 346 155 352 165 0 0 0 0 0 0 0
car 0.714285714286 0 0 348 162 352 171 0 0 0 0 0 0 0
car 0.0 0 0 316 169 326 176 0 0 0 0 0 0 0
