car 0.0 0 0 177 171 190 182 0 0 0 0 0 0 0
car 0.0 0 0 194 152 207 164 0 0 0 0 0 0 0
car 0.0 0 0 198 144 213 156 0 0 0 0 0 0 0
car 0.0 0 0 235 159 249 171 0 0 0 0 0 0 0
car 0.0 0 0 229 167 243 179 0 0 0 0 0 0 0
car 0.0 0 0 223 174 238 186 0 0 0 0 0 0 0
car 0.0 0 0 217 180 232 192 0 0 0 0 0 0 0
car 0.0 0 0 211 185 224 197 0 0 0 0 0 0 0
car 0.0 0 0 197 197 213 210 0 0 0 0 0 0 0
car 0.0 0 0 194 203 207 215 0 0 0 0 0 0 0
car 0.0 0 0 180 215 194 226 0 0 0 0 0 0 0
car 0.0 0 0 182 232 211 263 0 0 0 0 0 0 0
car 0.0 0 0 206 136 219 149 0 0 0 0 0 0 0
car 0.0 0 0 113 44 126 57 0 0 0 0 0 0 0
car 0.0 0 0 142 17 153 29 0 0 0 0 0 0 0
car 0.0 0 0 147 23 160 35 0 0 0 0 0 0 0
car 0.0 0 0 156 75 169 89 0 0 0 0 0 0 0
car 0.0 0 0 193 60 206 72 0 0 0 0 0 0 0
car 0.0 0 0 209 71 220 82 0 0 0 0 0 0 0
car 0.0 0 0 215 76 227 87 0 0 0 0 0 0 0
car 0.0 0 0 229 85 243 99 0 0 0 0 0 0 0
car 0.0 0 0 49 99 65 110 0 0 0 0 0 0 0
car 0.0 0 0 41 40 57 51 0 0 0 0 0 0 0
