car 0.0 0 0 182 2 198 16 0 0 0 0 0 0 0
car 0.0 0 0 147 41 159 54 0 0 0 0 0 0 0
car 0.0 0 0 142 49 153 61 0 0 0 0 0 0 0
car 0.0 0 0 121 71 131 85 0 0 0 0 0 0 0
car 0.0 0 0 111 83 121 96 0 0 0 0 0 0 0
car 0.0 0 0 102 92 112 105 0 0 0 0 0 0 0
car 0.0 0 0 85 113 92 126 0 0 0 0 0 0 0
car 0.0 0 0 133 117 144 130 0 0 0 0 0 0 0
car 0.0 0 0 141 112 153 128 0 0 0 0 0 0 0
car 0.0 0 0 148 104 160 121 0 0 0 0 0 0 0
car 0.0 0 0 178 80 190 93 0 0 0 0 0 0 0
car 0.0 0 0 207 53 219 61 0 0 0 0 0 0 0
car 0.0 0 0 213 44 226 54 0 0 0 0 0 0 0
