car 0.0 0 0 45 98 58 115 0 0 0 0 0 0 0
car 0.0 0 0 84 30 97 49 0 0 0 0 0 0 0
car 0.0 0 0 93 35 105 51 0 0 0 0 0 0 0
car 0.0 0 0 186 308 203 332 0 0 0 0 0 0 0
car 0.225 0 0 76 0 103 31 0 0 0 0 0 0 0
car 0.0 0 0 65 78 74 90 0 0 0 0 0 0 0
car 0.0 0 0 238 282 256 290 0 0 0 0 0 0 0
car 0.0 0 0 202 97 220 107 0 0 0 0 0 0 0
car 0.0 0 0 256 14 269 32 0 0 0 0 0 0 0
car 0.0 0 0 26 276 38 290 0 0 0 0 0 0 0
car 0.0 0 0 137 301 157 311 0 0 0 0 0 0 0
car 0.0 0 0 213 156 223 172 0 0 0 0 0 0 0
car 0.0 0 0 305 177 315 194 0 0 0 0 0 0 0
car 0.0 0 0 37 324 54 338 0 0 0 0 0 0 0
car 0.0 0 0 184 148 205 156 0 0 0 0 0 0 0
car 0.0 0 0 50 110 67 126 0 0 0 0 0 0 0
car 0.0 0 0 194 58 210 69 0 0 0 0 0 0 0
car 0.0 0 0 84 183 99 198 0 0 0 0 0 0 0
car 0.0 0 0 209 15 221 31 0 0 0 0 0 0 0
car 0.0 0 0 83 327 93 337 0 0 0 0 0 0 0
car 0.0 0 0 279 196 295 215 0 0 0 0 0 0 0
car 0.0 0 0 259 84 275 103 0 0 0 0 0 0 0
car 0.0 0 0 141 35 158 53 0 0 0 0 0 0 0
car 0.0 0 0 49 334 59 347 0 0 0 0 0 0 0
car 0.315789473684 0 0 145 0 158 13 0 0 0 0 0 0 0
car 0.0 0 0 37 172 53 187 0 0 0 0 0 0 0
car 0.0 0 0 293 136 302 149 0 0 0 0 0 0 0
car 0.0 0 0 222 193 233 205 0 0 0 0 0 0 0
car 0.0 0 0 80 195 96 213 0 0 0 0 0 0 0
car 0.0 0 0 216 143 230 159 0 0 0 0 0 0 0
car 0.0 0 0 139 12 160 30 0 0 0 0 0 0 0
car 0.0 0 0 166 77 177 90 0 0 0 0 0 0 0
car 0.0 0 0 89 312 100 326 0 0 0 0 0 0 0
car 0.736842105263 0 0 83 347 101 352 0 0 0 0 0 0 0
car 0.111111111111 0 0 220 336 233 352 0 0 0 0 0 0 0
car 0.0 0 0 99 181 116 202 0 0 0 0 0 0 0
car 0.0 0 0 201 88 225 101 0 0 0 0 0 0 0
car 0.0 0 0 20 200 34 217 0 0 0 0 0 0 0
car 0.0 0 0 53 281 70 297 0 0 0 0 0 0 0
car 0.0 0 0 91 69 105 85 0 0 0 0 0 0 0
car 0.0 0 0 188 134 210 146 0 0 0 0 0 0 0
car 0.294117647059 0 0 32 340 49 352 0 0 0 0 0 0 0
car 0.0 0 0 223 212 239 227 0 0 0 0 0 0 0
car 0.0 0 0 156 90 174 106 0 0 0 0 0 0 0
car 0.0 0 0 301 25 307 43 0 0 0 0 0 0 0
car 0.0 0 0 138 227 155 248 0 0 0 0 0 0 0
car 0.0 0 0 107 18 116 36 0 0 0 0 0 0 0
car 0.0 0 0 46 305 60 321 0 0 0 0 0 0 0
car 0.571428571429 0 0 0 274 3 294 0 0 0 0 0 0 0
car 0.0 0 0 165 199 187 211 0 0 0 0 0 0 0
car 0.0 0 0 272 55 290 73 0 0 0 0 0 0 0
car 0.0 0 0 63 255 75 268 0 0 0 0 0 0 0
car 0.0 0 0 105 149 121 167 0 0 0 0 0 0 0
car 0.0 0 0 187 141 208 152 0 0 0 0 0 0 0
car 0.0 0 0 146 206 160 223 0 0 0 0 0 0 0
car 0.0 0 0 169 194 187 203 0 0 0 0 0 0 0
car 0.0 0 0 209 172 217 187 0 0 0 0 0 0 0
car 0.0 0 0 89 297 106 311 0 0 0 0 0 0 0
car 0.0 0 0 117 106 134 123 0 0 0 0 0 0 0
car 0.0 0 0 101 255 119 271 0 0 0 0 0 0 0
car 0.0 0 0 218 261 239 280 0 0 0 0 0 0 0
car 1.0 0 0 148 0 170 0 0 0 0 0 0 0 0
car 0.0 0 0 104 128 119 143 0 0 0 0 0 0 0
car 0.0 0 0 51 315 66 328 0 0 0 0 0 0 0
car 0.0 0 0 149 193 165 207 0 0 0 0 0 0 0
car 0.0 0 0 59 161 77 179 0 0 0 0 0 0 0
car 0.117647058824 0 0 0 252 15 270 0 0 0 0 0 0 0
car 0.0 0 0 215 67 233 78 0 0 0 0 0 0 0
car 0.0 0 0 294 167 327 183 0 0 0 0 0 0 0
car 0.0 0 0 241 212 254 229 0 0 0 0 0 0 0
car 0.0 0 0 130 162 150 179 0 0 0 0 0 0 0
car 0.0 0 0 181 26 197 39 0 0 0 0 0 0 0
car 0.0 0 0 155 227 178 241 0 0 0 0 0 0 0
car 0.0 0 0 141 285 162 295 0 0 0 0 0 0 0
car 0.0 0 0 115 226 122 243 0 0 0 0 0 0 0
car 0.0 0 0 147 265 165 275 0 0 0 0 0 0 0
car 0.0 0 0 58 268 72 281 0 0 0 0 0 0 0
car 0.0 0 0 261 253 287 263 0 0 0 0 0 0 0
car 0.0 0 0 72 58 87 76 0 0 0 0 0 0 0
car 0.2 0 0 192 0 204 12 0 0 0 0 0 0 0
car 0.0 0 0 145 278 159 288 0 0 0 0 0 0 0
car 0.0 0 0 163 213 185 225 0 0 0 0 0 0 0
car 0.0 0 0 155 180 168 194 0 0 0 0 0 0 0
car 0.0 0 0 225 102 242 119 0 0 0 0 0 0 0
car 0.0 0 0 187 68 207 87 0 0 0 0 0 0 0
car 0.692307692308 0 0 152 348 168 352 0 0 0 0 0 0 0
car 0.0 0 0 177 109 194 124 0 0 0 0 0 0 0
car 0.0 0 0 288 8 299 24 0 0 0 0 0 0 0
car 0.0 0 0 304 234 313 251 0 0 0 0 0 0 0
car 0.0 0 0 81 335 93 350 0 0 0 0 0 0 0
car 0.0 0 0 125 328 150 340 0 0 0 0 0 0 0
car 0.0 0 0 109 241 124 254 0 0 0 0 0 0 0
car 0.0 0 0 245 6 258 16 0 0 0 0 0 0 0
car 0.0 0 0 195 110 209 122 0 0 0 0 0 0 0
car 0.0 0 0 167 303 177 326 0 0 0 0 0 0 0
car 0.0 0 0 131 79 142 93 0 0 0 0 0 0 0
car 0.0 0 0 122 280 135 297 0 0 0 0 0 0 0
car 0.0 0 0 129 311 155 321 0 0 0 0 0 0 0
car 0.0 0 0 174 272 191 289 0 0 0 0 0 0 0
car 0.0 0 0 257 269 278 281 0 0 0 0 0 0 0
car 0.0 0 0 43 137 53 156 0 0 0 0 0 0 0
car 0.0 0 0 206 270 220 286 0 0 0 0 0 0 0
car 0.0 0 0 314 245 329 254 0 0 0 0 0 0 0
car 0.0 0 0 123 201 137 215 0 0 0 0 0 0 0
car 0.0 0 0 109 115 120 125 0 0 0 0 0 0 0
car 0.0 0 0 147 118 166 133 0 0 0 0 0 0 0
car 0.0 0 0 64 239 84 256 0 0 0 0 0 0 0
car 0.0 0 0 243 31 254 48 0 0 0 0 0 0 0
car 0.0 0 0 57 294 73 311 0 0 0 0 0 0 0
car 0.0 0 0 94 282 109 298 0 0 0 0 0 0 0
car 0.0 0 0 179 255 194 272 0 0 0 0 0 0 0
car 0.0 0 0 19 230 32 245 0 0 0 0 0 0 0
car 0.0 0 0 205 297 228 318 0 0 0 0 0 0 0
car 0.0 0 0 201 31 219 48 0 0 0 0 0 0 0
car 0.0 0 0 11 226 22 239 0 0 0 0 0 0 0
car 0.0 0 0 61 319 73 328 0 0 0 0 0 0 0
car 0.0 0 0 134 244 148 258 0 0 0 0 0 0 0
car 0.0 0 0 9 255 23 272 0 0 0 0 0 0 0
car 0.0 0 0 195 202 210 221 0 0 0 0 0 0 0
car 0.0 0 0 14 201 24 215 0 0 0 0 0 0 0
car 0.0 0 0 110 320 121 340 0 0 0 0 0 0 0
car 0.0 0 0 292 284 308 293 0 0 0 0 0 0 0
car 0.0 0 0 257 116 269 133 0 0 0 0 0 0 0
car 0.0 0 0 213 1 225 18 0 0 0 0 0 0 0
car 0.0 0 0 86 169 105 186 0 0 0 0 0 0 0
car 0.0 0 0 210 327 223 346 0 0 0 0 0 0 0
car 0.0 0 0 271 146 286 170 0 0 0 0 0 0 0
car 0.0 0 0 118 84 133 100 0 0 0 0 0 0 0
car 0.0 0 0 231 5 247 14 0 0 0 0 0 0 0
car 0.0 0 0 242 62 249 75 0 0 0 0 0 0 0
car 0.0 0 0 170 287 181 304 0 0 0 0 0 0 0
car 0.0 0 0 147 258 167 266 0 0 0 0 0 0 0
car 0.0 0 0 155 241 173 251 0 0 0 0 0 0 0
car 0.0 0 0 2 281 14 299 0 0 0 0 0 0 0
car 0.0 0 0 55 66 63 81 0 0 0 0 0 0 0
car 0.0 0 0 63 107 77 124 0 0 0 0 0 0 0
car 0.0 0 0 97 322 110 338 0 0 0 0 0 0 0
car 0.0 0 0 282 66 299 85 0 0 0 0 0 0 0
car 0.0 0 0 28 154 41 165 0 0 0 0 0 0 0
car 0.0 0 0 219 48 238 61 0 0 0 0 0 0 0
car 0.916666666667 0 0 74 351 83 352 0 0 0 0 0 0 0
car 0.0 0 0 273 227 290 240 0 0 0 0 0 0 0
car 0.0 0 0 266 106 286 126 0 0 0 0 0 0 0
car 0.0 0 0 183 163 198 171 0 0 0 0 0 0 0
car 0.0 0 0 122 264 140 283 0 0 0 0 0 0 0
car 0.0 0 0 116 295 131 310 0 0 0 0 0 0 0
car 1.0 0 0 0 326 0 341 0 0 0 0 0 0 0
car 0.0 0 0 124 188 142 202 0 0 0 0 0 0 0
car 0.0 0 0 92 154 111 169 0 0 0 0 0 0 0
car 0.0 0 0 97 142 115 157 0 0 0 0 0 0 0
car 0.583333333333 0 0 220 0 232 5 0 0 0 0 0 0 0
car 0.0 0 0 133 257 141 269 0 0 0 0 0 0 0
car 0.0 0 0 30 231 40 249 0 0 0 0 0 0 0
car 0.0 0 0 158 165 174 184 0 0 0 0 0 0 0
car 0.0 0 0 163 152 178 165 0 0 0 0 0 0 0
car 0.0 0 0 178 39 190 50 0 0 0 0 0 0 0
car 0.0 0 0 152 252 168 261 0 0 0 0 0 0 0
car 0.0 0 0 41 185 60 204 0 0 0 0 0 0 0
car 0.0 0 0 126 177 146 188 0 0 0 0 0 0 0
car 0.0 0 0 127 51 144 71 0 0 0 0 0 0 0
car 0.0 0 0 171 138 180 155 0 0 0 0 0 0 0
car 0.0 0 0 201 169 207 181 0 0 0 0 0 0 0
car 0.0 0 0 224 122 237 136 0 0 0 0 0 0 0
car 0.0 0 0 183 154 202 162 0 0 0 0 0 0 0
car 0.0 0 0 198 104 222 116 0 0 0 0 0 0 0
car 0.0 0 0 295 268 314 278 0 0 0 0 0 0 0
car 0.0 0 0 70 220 90 238 0 0 0 0 0 0 0
car 0.0 0 0 164 3 176 18 0 0 0 0 0 0 0
car 0.0 0 0 319 182 334 189 0 0 0 0 0 0 0
car 0.0 0 0 298 155 328 171 0 0 0 0 0 0 0
car 0.0 0 0 5 309 21 328 0 0 0 0 0 0 0
car 0.0 0 0 162 207 184 214 0 0 0 0 0 0 0
car 0.0 0 0 137 151 155 165 0 0 0 0 0 0 0
car 0.0 0 0 198 46 214 59 0 0 0 0 0 0 0
car 0.0 0 0 204 151 215 167 0 0 0 0 0 0 0
car 0.0 0 0 102 269 113 281 0 0 0 0 0 0 0
car 0.0 0 0 182 240 201 259 0 0 0 0 0 0 0
car 0.0 0 0 170 189 191 194 0 0 0 0 0 0 0
car 0.0 0 0 174 121 188 133 0 0 0 0 0 0 0
car 0.0 0 0 185 12 200 26 0 0 0 0 0 0 0
car 0.0 0 0 232 75 253 93 0 0 0 0 0 0 0
car 0.0 0 0 114 306 125 325 0 0 0 0 0 0 0
car 0.0 0 0 242 120 258 144 0 0 0 0 0 0 0
