car 0.0 0 0 17 316 27 333 0 0 0 0 0 0 0
car 0.0 0 0 241 288 247 296 0 0 0 0 0 0 0
car 0.0 0 0 154 119 160 131 0 0 0 0 0 0 0
car 0.0 0 0 26 314 39 335 0 0 0 0 0 0 0
car 0.0 0 0 9 339 19 350 0 0 0 0 0 0 0
car 0.0 0 0 12 265 25 284 0 0 0 0 0 0 0
car 0.0 0 0 238 268 248 286 0 0 0 0 0 0 0
car 0.133333333333 0 0 339 250 352 266 0 0 0 0 0 0 0
car 0.0 0 0 330 68 338 90 0 0 0 0 0 0 0
car 0.0 0 0 244 313 256 331 0 0 0 0 0 0 0
car 0.0 0 0 133 133 143 147 0 0 0 0 0 0 0
car 0.0 0 0 210 112 221 125 0 0 0 0 0 0 0
car 0.315789473684 0 0 339 64 352 77 0 0 0 0 0 0 0
car 0.0 0 0 327 119 345 136 0 0 0 0 0 0 0
car 0.0 0 0 213 144 227 162 0 0 0 0 0 0 0
car 0.0 0 0 181 63 195 73 0 0 0 0 0 0 0
car 0.0 0 0 324 155 335 176 0 0 0 0 0 0 0
car 0.0 0 0 336 133 344 152 0 0 0 0 0 0 0
car 0.8125 0 0 250 349 262 352 0 0 0 0 0 0 0
car 0.0 0 0 331 199 344 217 0 0 0 0 0 0 0
car 0.0 0 0 149 141 158 153 0 0 0 0 0 0 0
car 0.0 0 0 247 332 259 348 0 0 0 0 0 0 0
car 0.0 0 0 325 94 343 115 0 0 0 0 0 0 0
car 0.153846153846 0 0 341 182 352 199 0 0 0 0 0 0 0
car 0.0 0 0 142 78 155 91 0 0 0 0 0 0 0
car 0.0 0 0 0 208 10 223 0 0 0 0 0 0 0
car 0.0 0 0 5 226 18 244 0 0 0 0 0 0 0
car 0.0 0 0 191 8 203 25 0 0 0 0 0 0 0
car 0.0 0 0 161 67 174 75 0 0 0 0 0 0 0
car 0.0 0 0 243 302 254 314 0 0 0 0 0 0 0
car 0.545454545455 0 0 0 230 5 253 0 0 0 0 0 0 0
car 0.0 0 0 205 89 216 107 0 0 0 0 0 0 0
car 0.684210526316 0 0 346 220 352 239 0 0 0 0 0 0 0
car 0.5 0 0 83 349 96 352 0 0 0 0 0 0 0
car 0.0 0 0 12 305 21 317 0 0 0 0 0 0 0
car 0.0 0 0 229 223 239 238 0 0 0 0 0 0 0
car 0.0 0 0 64 71 80 81 0 0 0 0 0 0 0
car 0.0 0 0 6 244 24 267 0 0 0 0 0 0 0
car 0.0 0 0 334 219 344 235 0 0 0 0 0 0 0
car 0.266666666667 0 0 341 265 352 283 0 0 0 0 0 0 0
car 0.0 0 0 3 278 17 297 0 0 0 0 0 0 0
car 0.0 0 0 336 162 351 179 0 0 0 0 0 0 0
car 0.0 0 0 315 105 329 125 0 0 0 0 0 0 0
car 0.25 0 0 346 287 352 304 0 0 0 0 0 0 0
car 0.75 0 0 5 348 12 352 0 0 0 0 0 0 0
car 0.0 0 0 23 302 37 317 0 0 0 0 0 0 0
car 0.0 0 0 318 138 336 154 0 0 0 0 0 0 0
car 0.0 0 0 309 75 326 90 0 0 0 0 0 0 0
car 0.0 0 0 248 284 258 300 0 0 0 0 0 0 0
car 0.0588235294118 0 0 29 336 38 352 0 0 0 0 0 0 0
car 0.857142857143 0 0 102 350 118 352 0 0 0 0 0 0 0
