car 0.0 0 0 56 334 75 348 0 0 0 0 0 0 0
car 0.0 0 0 137 268 153 282 0 0 0 0 0 0 0
car 0.0 0 0 53 83 67 99 0 0 0 0 0 0 0
car 0.0 0 0 143 255 160 265 0 0 0 0 0 0 0
car 0.0 0 0 303 6 316 24 0 0 0 0 0 0 0
car 0.0 0 0 23 15 31 30 0 0 0 0 0 0 0
car 0.0 0 0 53 68 69 85 0 0 0 0 0 0 0
car 0.0 0 0 2 141 19 150 0 0 0 0 0 0 0
car 0.0 0 0 127 265 141 279 0 0 0 0 0 0 0
car 0.0 0 0 158 228 173 239 0 0 0 0 0 0 0
car 0.0 0 0 145 237 164 250 0 0 0 0 0 0 0
car 0.0 0 0 168 244 182 254 0 0 0 0 0 0 0
car 0.0 0 0 24 2 30 15 0 0 0 0 0 0 0
car 0.0 0 0 77 305 93 317 0 0 0 0 0 0 0
car 0.0 0 0 24 31 33 47 0 0 0 0 0 0 0
car 0.0 0 0 112 292 130 306 0 0 0 0 0 0 0
car 0.0 0 0 67 313 83 326 0 0 0 0 0 0 0
car 0.0 0 0 72 180 80 195 0 0 0 0 0 0 0
car 0.944444444444 0 0 274 0 287 1 0 0 0 0 0 0 0
car 0.0 0 0 196 196 209 205 0 0 0 0 0 0 0
car 0.357142857143 0 0 48 0 54 9 0 0 0 0 0 0 0
car 0.846153846154 0 0 262 0 275 2 0 0 0 0 0 0 0
car 0.0 0 0 274 127 285 145 0 0 0 0 0 0 0
car 0.0 0 0 185 203 198 214 0 0 0 0 0 0 0
car 0.0 0 0 257 149 279 163 0 0 0 0 0 0 0
car 0.0 0 0 28 71 37 86 0 0 0 0 0 0 0
car 0.0 0 0 100 284 113 297 0 0 0 0 0 0 0
car 0.0 0 0 89 297 104 307 0 0 0 0 0 0 0
car 0.0 0 0 110 310 127 318 0 0 0 0 0 0 0
car 0.0 0 0 269 15 283 23 0 0 0 0 0 0 0
car 0.0 0 0 52 38 62 49 0 0 0 0 0 0 0
car 0.0 0 0 189 210 200 225 0 0 0 0 0 0 0
car 0.0 0 0 111 273 123 287 0 0 0 0 0 0 0
car 0.0 0 0 327 315 347 326 0 0 0 0 0 0 0
car 0.0 0 0 51 98 63 115 0 0 0 0 0 0 0
car 0.0 0 0 289 92 299 109 0 0 0 0 0 0 0
car 0.0 0 0 309 44 320 56 0 0 0 0 0 0 0
