car 0.0 0 0 167 183 178 197 0 0 0 0 0 0 0
car 0.0 0 0 261 59 275 65 0 0 0 0 0 0 0
car 0.0 0 0 183 155 192 165 0 0 0 0 0 0 0
car 0.0 0 0 284 39 291 51 0 0 0 0 0 0 0
car 0.0 0 0 339 138 351 155 0 0 0 0 0 0 0
car 0.0 0 0 190 138 197 153 0 0 0 0 0 0 0
car 0.0 0 0 263 33 274 48 0 0 0 0 0 0 0
car 0.0 0 0 175 166 185 182 0 0 0 0 0 0 0
car 0.818181818182 0 0 168 350 190 352 0 0 0 0 0 0 0
car 0.0 0 0 294 224 304 242 0 0 0 0 0 0 0
car 0.0 0 0 301 250 317 264 0 0 0 0 0 0 0
car 0.0 0 0 204 83 216 97 0 0 0 0 0 0 0
car 0.0 0 0 104 254 121 263 0 0 0 0 0 0 0
car 0.0 0 0 338 154 348 172 0 0 0 0 0 0 0
car 0.0 0 0 42 279 60 288 0 0 0 0 0 0 0
car 0.0 0 0 88 265 113 277 0 0 0 0 0 0 0
car 0.0 0 0 166 144 177 156 0 0 0 0 0 0 0
car 0.0 0 0 29 301 48 310 0 0 0 0 0 0 0
car 0.0 0 0 203 53 213 68 0 0 0 0 0 0 0
car 0.0 0 0 255 326 268 332 0 0 0 0 0 0 0
car 0.0 0 0 3 315 23 326 0 0 0 0 0 0 0
car 0.0 0 0 261 49 276 58 0 0 0 0 0 0 0
car 0.0 0 0 221 339 233 347 0 0 0 0 0 0 0
car 0.0 0 0 294 273 307 283 0 0 0 0 0 0 0
car 0.0 0 0 309 224 323 240 0 0 0 0 0 0 0
car 0.0 0 0 241 332 251 340 0 0 0 0 0 0 0
