car 0.0 0 0 84 15 96 35 0 0 0 0 0 0 0
car 0.363636363636 0 0 80 0 94 14 0 0 0 0 0 0 0
car 0.0 0 0 167 124 177 141 0 0 0 0 0 0 0
car 0.0 0 0 178 128 188 143 0 0 0 0 0 0 0
car 0.0 0 0 213 323 222 339 0 0 0 0 0 0 0
car 0.0 0 0 185 312 197 329 0 0 0 0 0 0 0
car 0.0 0 0 92 67 105 80 0 0 0 0 0 0 0
car 0.0 0 0 149 28 161 45 0 0 0 0 0 0 0
car 0.0 0 0 125 190 143 208 0 0 0 0 0 0 0
car 0.0 0 0 203 287 216 303 0 0 0 0 0 0 0
car 0.0 0 0 95 5 115 20 0 0 0 0 0 0 0
car 0.0 0 0 170 159 184 172 0 0 0 0 0 0 0
car 0.0 0 0 149 308 159 327 0 0 0 0 0 0 0
car 0.25 0 0 0 340 9 348 0 0 0 0 0 0 0
car 0.0 0 0 238 311 256 324 0 0 0 0 0 0 0
car 0.0 0 0 124 260 140 282 0 0 0 0 0 0 0
car 0.0 0 0 126 280 144 301 0 0 0 0 0 0 0
car 0.0 0 0 145 284 155 304 0 0 0 0 0 0 0
car 0.0 0 0 196 315 212 334 0 0 0 0 0 0 0
car 0.0 0 0 176 211 193 228 0 0 0 0 0 0 0
car 0.0 0 0 132 1 145 18 0 0 0 0 0 0 0
car 0.0 0 0 141 50 155 68 0 0 0 0 0 0 0
car 0.0 0 0 125 147 136 164 0 0 0 0 0 0 0
car 0.0 0 0 184 190 199 205 0 0 0 0 0 0 0
car 0.0 0 0 99 37 112 54 0 0 0 0 0 0 0
car 0.0 0 0 135 244 146 264 0 0 0 0 0 0 0
car 0.0 0 0 47 329 64 338 0 0 0 0 0 0 0
car 0.0 0 0 110 181 125 196 0 0 0 0 0 0 0
car 0.0 0 0 164 87 185 104 0 0 0 0 0 0 0
car 0.0 0 0 167 27 184 45 0 0 0 0 0 0 0
car 0.0 0 0 150 330 161 350 0 0 0 0 0 0 0
car 0.0 0 0 201 336 214 351 0 0 0 0 0 0 0
car 0.0 0 0 188 206 204 222 0 0 0 0 0 0 0
car 0.0 0 0 189 224 203 237 0 0 0 0 0 0 0
car 0.0 0 0 161 107 174 122 0 0 0 0 0 0 0
car 0.0 0 0 103 62 121 79 0 0 0 0 0 0 0
car 0.0 0 0 132 218 149 238 0 0 0 0 0 0 0
car 0.823529411765 0 0 129 0 142 3 0 0 0 0 0 0 0
car 0.0 0 0 31 335 42 342 0 0 0 0 0 0 0
car 0.0 0 0 114 122 127 138 0 0 0 0 0 0 0
car 0.0 0 0 163 192 176 202 0 0 0 0 0 0 0
car 0.0 0 0 188 333 204 348 0 0 0 0 0 0 0
car 0.0 0 0 167 142 184 157 0 0 0 0 0 0 0
car 0.0 0 0 138 34 151 49 0 0 0 0 0 0 0
car 0.611111111111 0 0 143 0 158 7 0 0 0 0 0 0 0
car 0.0 0 0 311 301 328 313 0 0 0 0 0 0 0
car 0.0 0 0 91 80 108 95 0 0 0 0 0 0 0
car 0.0 0 0 84 35 100 49 0 0 0 0 0 0 0
car 0.0 0 0 103 133 116 146 0 0 0 0 0 0 0
car 0.0 0 0 168 238 186 255 0 0 0 0 0 0 0
car 0.0 0 0 186 266 203 282 0 0 0 0 0 0 0
car 0.0 0 0 199 268 215 284 0 0 0 0 0 0 0
car 0.0 0 0 172 253 187 271 0 0 0 0 0 0 0
car 0.0 0 0 166 208 178 221 0 0 0 0 0 0 0
car 0.0 0 0 106 148 119 163 0 0 0 0 0 0 0
car 0.0 0 0 143 77 159 94 0 0 0 0 0 0 0
car 0.0 0 0 192 285 206 302 0 0 0 0 0 0 0
car 0.0 0 0 86 50 105 64 0 0 0 0 0 0 0
car 0.0 0 0 125 234 136 256 0 0 0 0 0 0 0
car 0.0 0 0 13 338 26 344 0 0 0 0 0 0 0
car 0.0 0 0 150 46 166 63 0 0 0 0 0 0 0
car 0.0 0 0 113 96 127 113 0 0 0 0 0 0 0
car 0.0 0 0 289 305 314 315 0 0 0 0 0 0 0
car 0.0 0 0 192 238 209 252 0 0 0 0 0 0 0
car 0.0 0 0 95 20 109 34 0 0 0 0 0 0 0
car 0.0 0 0 174 106 185 122 0 0 0 0 0 0 0
