car 0.0 0 0 317 146 338 159 0 0 0 0 0 0 0
car 0.0 0 0 208 7 228 17 0 0 0 0 0 0 0
car 0.0 0 0 295 119 309 136 0 0 0 0 0 0 0
car 0.0 0 0 218 125 230 142 0 0 0 0 0 0 0
car 0.0 0 0 55 9 68 25 0 0 0 0 0 0 0
car 0.0 0 0 201 43 221 54 0 0 0 0 0 0 0
car 0.0 0 0 166 161 188 171 0 0 0 0 0 0 0
car 0.0 0 0 202 21 226 29 0 0 0 0 0 0 0
car 0.0 0 0 275 120 285 142 0 0 0 0 0 0 0
car 0.0 0 0 187 56 198 76 0 0 0 0 0 0 0
car 0.0 0 0 166 42 187 48 0 0 0 0 0 0 0
car 0.0 0 0 140 208 149 223 0 0 0 0 0 0 0
car 0.0 0 0 149 286 160 300 0 0 0 0 0 0 0
car 0.0 0 0 127 205 140 236 0 0 0 0 0 0 0
car 0.0 0 0 93 310 109 330 0 0 0 0 0 0 0
car 0.0 0 0 325 117 335 134 0 0 0 0 0 0 0
car 0.0 0 0 285 118 296 140 0 0 0 0 0 0 0
car 0.0 0 0 212 154 233 167 0 0 0 0 0 0 0
car 0.0 0 0 172 127 185 149 0 0 0 0 0 0 0
car 0.0 0 0 163 128 175 147 0 0 0 0 0 0 0
car 0.0 0 0 46 37 64 56 0 0 0 0 0 0 0
car 0.0 0 0 296 149 317 161 0 0 0 0 0 0 0
car 0.0 0 0 154 129 165 150 0 0 0 0 0 0 0
car 0.0 0 0 16 46 32 64 0 0 0 0 0 0 0
car 0.0 0 0 250 151 270 162 0 0 0 0 0 0 0
car 0.0 0 0 4 220 17 237 0 0 0 0 0 0 0
car 0.0 0 0 149 258 160 283 0 0 0 0 0 0 0
car 0.0 0 0 3 2 16 19 0 0 0 0 0 0 0
car 0.0 0 0 2 39 17 58 0 0 0 0 0 0 0
car 0.0 0 0 202 15 228 26 0 0 0 0 0 0 0
car 0.0 0 0 141 221 148 238 0 0 0 0 0 0 0
car 0.0 0 0 193 126 207 148 0 0 0 0 0 0 0
car 0.0 0 0 308 120 318 133 0 0 0 0 0 0 0
car 0.0 0 0 143 130 154 155 0 0 0 0 0 0 0
car 0.0 0 0 316 118 326 134 0 0 0 0 0 0 0
car 0.4 0 0 340 143 352 155 0 0 0 0 0 0 0
car 0.960317460317 0 0 347 350 352 352 0 0 0 0 0 0 0
car 0.0 0 0 167 59 186 65 0 0 0 0 0 0 0
car 0.0 0 0 204 30 224 39 0 0 0 0 0 0 0
car 0.0 0 0 237 123 248 141 0 0 0 0 0 0 0
car 0.0 0 0 81 320 98 340 0 0 0 0 0 0 0
car 0.0 0 0 273 148 293 161 0 0 0 0 0 0 0
car 0.0 0 0 245 123 259 139 0 0 0 0 0 0 0
car 0.0 0 0 150 224 163 255 0 0 0 0 0 0 0
car 0.0 0 0 184 125 198 148 0 0 0 0 0 0 0
car 0.0 0 0 266 121 275 141 0 0 0 0 0 0 0
car 0.0 0 0 41 107 57 127 0 0 0 0 0 0 0
car 0.0 0 0 105 179 124 190 0 0 0 0 0 0 0
car 0.0 0 0 332 116 346 133 0 0 0 0 0 0 0
car 0.0 0 0 31 198 49 215 0 0 0 0 0 0 0
car 0.0 0 0 167 32 190 40 0 0 0 0 0 0 0
car 0.0 0 0 258 123 267 137 0 0 0 0 0 0 0
car 0.0 0 0 56 93 72 111 0 0 0 0 0 0 0
car 0.25 0 0 343 116 352 131 0 0 0 0 0 0 0
car 0.0 0 0 41 72 58 91 0 0 0 0 0 0 0
car 0.0 0 0 167 65 183 73 0 0 0 0 0 0 0
car 0.0 0 0 168 15 189 24 0 0 0 0 0 0 0
car 0.0 0 0 236 152 255 163 0 0 0 0 0 0 0
car 0.0 0 0 79 225 92 243 0 0 0 0 0 0 0
car 0.0 0 0 207 127 218 144 0 0 0 0 0 0 0
car 0.0 0 0 228 123 238 145 0 0 0 0 0 0 0
car 0.0 0 0 155 192 165 216 0 0 0 0 0 0 0
car 0.0 0 0 65 167 81 183 0 0 0 0 0 0 0
car 0.0 0 0 140 238 147 254 0 0 0 0 0 0 0
car 0.0 0 0 191 156 208 167 0 0 0 0 0 0 0
car 0.0 0 0 193 89 214 99 0 0 0 0 0 0 0
