car 0.421052631579 0 0 341 245 352 256 0 0 0 0 0 0 0
car 0.0 0 0 294 228 307 243 0 0 0 0 0 0 0
car 0.0 0 0 199 288 215 309 0 0 0 0 0 0 0
car 0.0 0 0 135 303 151 313 0 0 0 0 0 0 0
car 0.0 0 0 119 299 135 309 0 0 0 0 0 0 0
car 0.0 0 0 286 27 301 40 0 0 0 0 0 0 0
car 0.0 0 0 76 289 96 302 0 0 0 0 0 0 0
car 0.0 0 0 278 275 288 289 0 0 0 0 0 0 0
car 0.5625 0 0 345 239 352 249 0 0 0 0 0 0 0
car 0.0 0 0 246 94 276 135 0 0 0 0 0 0 0
car 0.0 0 0 291 78 309 96 0 0 0 0 0 0 0
car 0.0 0 0 338 162 346 177 0 0 0 0 0 0 0
car 0.416666666667 0 0 345 70 352 86 0 0 0 0 0 0 0
car 0.0 0 0 30 275 44 285 0 0 0 0 0 0 0
car 0.0 0 0 337 82 352 109 0 0 0 0 0 0 0
car 0.0 0 0 329 300 349 311 0 0 0 0 0 0 0
car 0.0 0 0 329 127 346 140 0 0 0 0 0 0 0
car 0.0 0 0 277 246 293 265 0 0 0 0 0 0 0
car 0.0 0 0 338 113 349 126 0 0 0 0 0 0 0
car 0.0 0 0 260 187 274 203 0 0 0 0 0 0 0
car 0.0 0 0 271 307 283 326 0 0 0 0 0 0 0
car 0.0 0 0 298 96 313 110 0 0 0 0 0 0 0
car 0.0 0 0 295 282 312 294 0 0 0 0 0 0 0
car 0.0 0 0 271 262 286 280 0 0 0 0 0 0 0
car 0.0 0 0 199 317 212 338 0 0 0 0 0 0 0
car 0.0 0 0 216 30 231 39 0 0 0 0 0 0 0
car 0.25 0 0 340 218 352 233 0 0 0 0 0 0 0
car 0.0 0 0 307 306 326 320 0 0 0 0 0 0 0
car 0.0 0 0 334 272 349 280 0 0 0 0 0 0 0
car 0.0 0 0 103 0 119 7 0 0 0 0 0 0 0
car 0.0 0 0 233 212 244 226 0 0 0 0 0 0 0
car 0.25 0 0 26 0 42 6 0 0 0 0 0 0 0
car 0.0 0 0 191 257 204 276 0 0 0 0 0 0 0
car 0.0 0 0 149 314 168 330 0 0 0 0 0 0 0
car 0.0 0 0 331 239 344 255 0 0 0 0 0 0 0
car 0.0 0 0 316 263 336 281 0 0 0 0 0 0 0
car 0.0 0 0 292 210 309 225 0 0 0 0 0 0 0
car 0.0 0 0 287 57 307 72 0 0 0 0 0 0 0
car 0.588235294118 0 0 345 53 352 69 0 0 0 0 0 0 0
car 0.818181818182 0 0 350 200 352 216 0 0 0 0 0 0 0
car 0.0 0 0 319 217 327 234 0 0 0 0 0 0 0
car 0.0 0 0 247 207 259 225 0 0 0 0 0 0 0
car 0.0 0 0 230 245 246 263 0 0 0 0 0 0 0
car 0.0 0 0 190 0 211 16 0 0 0 0 0 0 0
car 0.0 0 0 281 235 295 249 0 0 0 0 0 0 0
car 0.0 0 0 303 320 311 336 0 0 0 0 0 0 0
car 0.0 0 0 271 112 283 124 0 0 0 0 0 0 0
car 0.0 0 0 315 276 330 289 0 0 0 0 0 0 0
car 0.0 0 0 310 163 330 181 0 0 0 0 0 0 0
car 0.0 0 0 243 311 253 320 0 0 0 0 0 0 0
car 0.0 0 0 246 296 259 309 0 0 0 0 0 0 0
car 0.0 0 0 224 233 237 249 0 0 0 0 0 0 0
car 0.0 0 0 54 282 73 293 0 0 0 0 0 0 0
car 0.0 0 0 298 232 318 250 0 0 0 0 0 0 0
car 0.0 0 0 329 277 344 286 0 0 0 0 0 0 0
car 0.0 0 0 192 309 203 326 0 0 0 0 0 0 0
car 0.0 0 0 298 35 310 54 0 0 0 0 0 0 0
car 0.0 0 0 272 77 284 94 0 0 0 0 0 0 0
car 0.647058823529 0 0 147 0 169 6 0 0 0 0 0 0 0
car 0.0 0 0 173 318 190 334 0 0 0 0 0 0 0
car 0.0 0 0 236 226 256 242 0 0 0 0 0 0 0
car 0.0 0 0 277 308 296 327 0 0 0 0 0 0 0
car 0.0 0 0 262 318 272 329 0 0 0 0 0 0 0
car 0.0 0 0 244 190 256 208 0 0 0 0 0 0 0
car 0.0 0 0 217 8 233 18 0 0 0 0 0 0 0
car 0.0 0 0 334 266 351 272 0 0 0 0 0 0 0
car 0.0 0 0 313 179 334 189 0 0 0 0 0 0 0
car 0.0 0 0 321 225 335 248 0 0 0 0 0 0 0
car 0.0 0 0 221 273 230 287 0 0 0 0 0 0 0
car 0.0 0 0 271 134 286 148 0 0 0 0 0 0 0
car 0.0 0 0 329 285 344 292 0 0 0 0 0 0 0
car 0.0 0 0 250 175 268 193 0 0 0 0 0 0 0
car 0.0 0 0 236 163 253 182 0 0 0 0 0 0 0
car 0.0 0 0 299 3 308 18 0 0 0 0 0 0 0
car 0.166666666667 0 0 337 256 352 267 0 0 0 0 0 0 0
car 0.0 0 0 98 296 116 305 0 0 0 0 0 0 0
car 0.533333333333 0 0 345 145 352 163 0 0 0 0 0 0 0
car 0.0 0 0 307 2 324 17 0 0 0 0 0 0 0
car 0.0 0 0 342 280 351 294 0 0 0 0 0 0 0
car 0.0 0 0 265 279 274 292 0 0 0 0 0 0 0
car 0.0 0 0 182 332 194 350 0 0 0 0 0 0 0
car 0.8 0 0 349 312 352 330 0 0 0 0 0 0 0
car 0.111111111111 0 0 336 202 352 216 0 0 0 0 0 0 0
car 0.0 0 0 322 144 337 160 0 0 0 0 0 0 0
car 0.0 0 0 300 195 316 211 0 0 0 0 0 0 0
car 0.0 0 0 211 269 224 284 0 0 0 0 0 0 0
car 0.789473684211 0 0 329 0 345 4 0 0 0 0 0 0 0
car 0.0 0 0 313 190 327 203 0 0 0 0 0 0 0
car 0.315789473684 0 0 0 11 13 27 0 0 0 0 0 0 0
