car 0.0 0 0 132 145 147 153 0 0 0 0 0 0 0
car 0.0 0 0 116 269 127 282 0 0 0 0 0 0 0
car 0.0 0 0 6 34 22 44 0 0 0 0 0 0 0
car 0.0 0 0 110 285 118 297 0 0 0 0 0 0 0
car 0.0 0 0 156 125 169 137 0 0 0 0 0 0 0
car 0.0 0 0 328 278 346 287 0 0 0 0 0 0 0
car 0.0 0 0 266 262 286 269 0 0 0 0 0 0 0
car 0.0 0 0 320 76 328 92 0 0 0 0 0 0 0
car 0.0 0 0 217 246 235 253 0 0 0 0 0 0 0
car 0.0 0 0 328 78 336 93 0 0 0 0 0 0 0
car 0.0 0 0 312 75 318 90 0 0 0 0 0 0 0
car 0.0 0 0 147 136 160 151 0 0 0 0 0 0 0
car 0.1875 0 0 82 0 98 13 0 0 0 0 0 0 0
car 0.0 0 0 169 170 179 185 0 0 0 0 0 0 0
car 0.0 0 0 148 165 164 183 0 0 0 0 0 0 0
car 0.0 0 0 148 198 157 213 0 0 0 0 0 0 0
car 0.0 0 0 201 241 218 248 0 0 0 0 0 0 0
car 0.0 0 0 35 18 58 36 0 0 0 0 0 0 0
car 0.0 0 0 205 108 214 121 0 0 0 0 0 0 0
car 0.0 0 0 310 273 326 282 0 0 0 0 0 0 0
car 0.0 0 0 88 325 99 340 0 0 0 0 0 0 0
car 0.0 0 0 129 155 146 169 0 0 0 0 0 0 0
car 0.0 0 0 64 9 80 20 0 0 0 0 0 0 0
car 0.0 0 0 162 186 173 199 0 0 0 0 0 0 0
car 0.0 0 0 88 247 96 265 0 0 0 0 0 0 0
car 0.0 0 0 266 60 275 79 0 0 0 0 0 0 0
car 0.0 0 0 200 71 210 84 0 0 0 0 0 0 0
car 0.0 0 0 212 58 219 77 0 0 0 0 0 0 0
car 0.0 0 0 126 171 141 189 0 0 0 0 0 0 0
car 0.0 0 0 153 213 161 226 0 0 0 0 0 0 0
car 0.0 0 0 254 254 264 264 0 0 0 0 0 0 0
car 0.0 0 0 275 65 283 78 0 0 0 0 0 0 0
car 0.0 0 0 292 68 304 85 0 0 0 0 0 0 0
