car 0.0 0 0 294 133 309 144 0 0 0 0 0 0 0
car 0.0 0 0 120 304 145 319 0 0 0 0 0 0 0
car 0.0 0 0 87 289 100 317 0 0 0 0 0 0 0
car 0.0 0 0 29 36 38 55 0 0 0 0 0 0 0
car 0.0 0 0 327 155 341 176 0 0 0 0 0 0 0
car 0.428571428571 0 0 52 0 63 8 0 0 0 0 0 0 0
car 0.0 0 0 82 321 98 337 0 0 0 0 0 0 0
car 0.0 0 0 15 138 27 155 0 0 0 0 0 0 0
car 0.0 0 0 28 73 39 87 0 0 0 0 0 0 0
car 0.444444444444 0 0 35 342 58 352 0 0 0 0 0 0 0
car 0.0 0 0 264 301 288 320 0 0 0 0 0 0 0
car 0.0 0 0 64 333 80 344 0 0 0 0 0 0 0
car 0.0 0 0 14 154 24 172 0 0 0 0 0 0 0
car 0.0 0 0 294 284 311 301 0 0 0 0 0 0 0
car 0.0 0 0 44 66 62 80 0 0 0 0 0 0 0
car 0.0 0 0 189 283 204 292 0 0 0 0 0 0 0
car 0.0 0 0 66 23 74 36 0 0 0 0 0 0 0
car 0.470588235294 0 0 76 0 91 9 0 0 0 0 0 0 0
car 0.0 0 0 249 244 270 263 0 0 0 0 0 0 0
car 0.0 0 0 238 266 262 281 0 0 0 0 0 0 0
car 0.0 0 0 47 9 56 24 0 0 0 0 0 0 0
car 0.0 0 0 293 190 304 209 0 0 0 0 0 0 0
