car 0.0 0 0 234 312 243 329 0 0 0 0 0 0 0
car 0.0 0 0 124 326 138 342 0 0 0 0 0 0 0
car 0.05 0 0 333 222 352 231 0 0 0 0 0 0 0
car 0.285714285714 0 0 248 342 260 352 0 0 0 0 0 0 0
car 0.0 0 0 187 296 194 309 0 0 0 0 0 0 0
car 0.4 0 0 208 343 216 352 0 0 0 0 0 0 0
car 0.0 0 0 224 313 234 328 0 0 0 0 0 0 0
car 0.0 0 0 115 302 141 314 0 0 0 0 0 0 0
car 0.214285714286 0 0 239 341 250 352 0 0 0 0 0 0 0
car 0.0 0 0 296 314 322 324 0 0 0 0 0 0 0
car 0.0 0 0 180 294 188 309 0 0 0 0 0 0 0
car 0.1875 0 0 155 339 168 352 0 0 0 0 0 0 0
car 0.0 0 0 202 323 221 331 0 0 0 0 0 0 0
car 0.0 0 0 203 297 213 317 0 0 0 0 0 0 0
car 0.642857142857 0 0 347 229 352 251 0 0 0 0 0 0 0
car 0.384615384615 0 0 255 344 268 352 0 0 0 0 0 0 0
car 0.0 0 0 167 310 176 322 0 0 0 0 0 0 0
car 0.0 0 0 332 237 350 245 0 0 0 0 0 0 0
car 0.166666666667 0 0 222 342 232 352 0 0 0 0 0 0 0
car 0.0 0 0 242 313 252 328 0 0 0 0 0 0 0
car 0.0 0 0 192 310 204 324 0 0 0 0 0 0 0
car 0.0 0 0 305 311 320 317 0 0 0 0 0 0 0
car 0.0 0 0 214 301 224 324 0 0 0 0 0 0 0
car 0.0 0 0 329 242 350 255 0 0 0 0 0 0 0
car 0.0 0 0 117 310 137 321 0 0 0 0 0 0 0
car 0.0 0 0 192 295 205 313 0 0 0 0 0 0 0
car 0.875 0 0 350 322 352 330 0 0 0 0 0 0 0
car 0.142857142857 0 0 166 340 178 352 0 0 0 0 0 0 0
car 0.0 0 0 181 310 194 323 0 0 0 0 0 0 0
car 0.0 0 0 134 326 148 343 0 0 0 0 0 0 0
car 0.0 0 0 169 294 178 309 0 0 0 0 0 0 0
car 0.0 0 0 331 228 346 236 0 0 0 0 0 0 0
car 0.0 0 0 303 302 329 312 0 0 0 0 0 0 0
car 0.0 0 0 269 312 278 328 0 0 0 0 0 0 0
car 0.0 0 0 338 266 348 279 0 0 0 0 0 0 0
car 0.0 0 0 277 311 289 326 0 0 0 0 0 0 0
car 0.0 0 0 255 312 269 329 0 0 0 0 0 0 0
car 0.0 0 0 145 288 155 306 0 0 0 0 0 0 0
car 0.0 0 0 324 262 338 273 0 0 0 0 0 0 0
car 0.0 0 0 298 330 312 339 0 0 0 0 0 0 0
car 0.4 0 0 181 343 193 352 0 0 0 0 0 0 0
car 0.0 0 0 338 282 345 293 0 0 0 0 0 0 0
car 0.214285714286 0 0 228 341 239 352 0 0 0 0 0 0 0
car 0.0 0 0 153 311 165 320 0 0 0 0 0 0 0
car 0.0 0 0 294 320 316 333 0 0 0 0 0 0 0
car 0.0 0 0 318 335 337 351 0 0 0 0 0 0 0
