car 0.0 0 0 168 181 178 192 0 0 0 0 0 0 0
car 0.0 0 0 164 166 175 180 0 0 0 0 0 0 0
car 0.0 0 0 147 145 158 161 0 0 0 0 0 0 0
car 0.0 0 0 143 128 153 143 0 0 0 0 0 0 0
car 0.0 0 0 97 7 113 28 0 0 0 0 0 0 0
car 0.133333333333 0 0 118 0 130 13 0 0 0 0 0 0 0
car 0.0 0 0 199 297 210 315 0 0 0 0 0 0 0
car 1.0 0 0 302 0 318 0 0 0 0 0 0 0 0
car 0.0 0 0 159 190 170 209 0 0 0 0 0 0 0
car 0.0 0 0 321 340 333 348 0 0 0 0 0 0 0
car 0.0 0 0 179 212 187 227 0 0 0 0 0 0 0
car 0.0 0 0 107 295 122 301 0 0 0 0 0 0 0
car 0.0 0 0 4 310 22 322 0 0 0 0 0 0 0
car 0.0 0 0 213 336 223 349 0 0 0 0 0 0 0
car 0.0 0 0 169 230 182 246 0 0 0 0 0 0 0
car 0.0 0 0 185 243 199 264 0 0 0 0 0 0 0
car 0.0 0 0 135 55 144 67 0 0 0 0 0 0 0
car 0.0 0 0 118 32 126 50 0 0 0 0 0 0 0
car 0.0 0 0 113 8 122 27 0 0 0 0 0 0 0
car 0.0 0 0 152 163 161 175 0 0 0 0 0 0 0
car 0.0 0 0 155 177 167 190 0 0 0 0 0 0 0
car 0.0 0 0 46 307 63 312 0 0 0 0 0 0 0
car 0.0 0 0 128 24 137 41 0 0 0 0 0 0 0
car 0.0 0 0 178 264 193 286 0 0 0 0 0 0 0
car 0.0 0 0 167 209 178 224 0 0 0 0 0 0 0
car 0.0 0 0 181 229 194 247 0 0 0 0 0 0 0
car 0.0 0 0 189 299 202 318 0 0 0 0 0 0 0
car 0.0 0 0 196 274 207 295 0 0 0 0 0 0 0
car 0.0 0 0 227 7 238 14 0 0 0 0 0 0 0
car 0.0 0 0 122 51 134 69 0 0 0 0 0 0 0
car 0.0 0 0 132 8 144 24 0 0 0 0 0 0 0
car 0.0 0 0 171 16 183 23 0 0 0 0 0 0 0
car 0.0 0 0 149 287 165 295 0 0 0 0 0 0 0
car 0.0 0 0 170 192 184 212 0 0 0 0 0 0 0
car 0.0 0 0 154 18 165 25 0 0 0 0 0 0 0
car 0.0 0 0 157 137 167 148 0 0 0 0 0 0 0
car 0.0 0 0 337 338 350 344 0 0 0 0 0 0 0
car 0.142857142857 0 0 261 0 277 6 0 0 0 0 0 0 0
car 0.0 0 0 209 10 221 18 0 0 0 0 0 0 0
car 0.0 0 0 145 101 159 118 0 0 0 0 0 0 0
car 0.0 0 0 194 327 211 349 0 0 0 0 0 0 0
car 0.0 0 0 168 142 189 153 0 0 0 0 0 0 0
car 0.0 0 0 153 122 163 134 0 0 0 0 0 0 0
car 0.0 0 0 135 92 144 103 0 0 0 0 0 0 0
