car 0.0 0 0 38 123 53 136 0 0 0 0 0 0 0
car 0.0 0 0 207 267 216 285 0 0 0 0 0 0 0
car 0.0 0 0 328 310 346 322 0 0 0 0 0 0 0
car 0.0 0 0 289 86 300 100 0 0 0 0 0 0 0
car 0.0 0 0 206 186 216 198 0 0 0 0 0 0 0
car 0.0 0 0 300 99 312 114 0 0 0 0 0 0 0
car 0.0 0 0 189 144 202 155 0 0 0 0 0 0 0
car 0.0 0 0 113 302 124 321 0 0 0 0 0 0 0
car 0.0 0 0 242 323 255 343 0 0 0 0 0 0 0
car 0.0 0 0 187 128 200 140 0 0 0 0 0 0 0
car 0.0 0 0 194 158 204 167 0 0 0 0 0 0 0
car 0.0 0 0 205 254 214 269 0 0 0 0 0 0 0
car 0.0 0 0 7 71 26 84 0 0 0 0 0 0 0
car 0.0 0 0 87 231 98 246 0 0 0 0 0 0 0
car 0.0 0 0 228 338 241 349 0 0 0 0 0 0 0
car 0.0 0 0 154 2 168 15 0 0 0 0 0 0 0
car 0.0 0 0 210 200 223 214 0 0 0 0 0 0 0
car 0.0 0 0 223 304 235 315 0 0 0 0 0 0 0
car 0.0 0 0 302 137 311 148 0 0 0 0 0 0 0
car 0.0 0 0 302 117 314 129 0 0 0 0 0 0 0
