car 0.0 0 0 268 302 279 318 0 0 0 0 0 0 0
car 0.0 0 0 260 316 275 333 0 0 0 0 0 0 0
car 0.705882352941 0 0 234 0 243 5 0 0 0 0 0 0 0
car 0.0 0 0 124 2 138 18 0 0 0 0 0 0 0
car 0.0 0 0 124 134 142 147 0 0 0 0 0 0 0
car 0.0 0 0 248 18 260 32 0 0 0 0 0 0 0
car 0.0 0 0 116 118 131 127 0 0 0 0 0 0 0
car 0.0 0 0 208 19 216 34 0 0 0 0 0 0 0
car 0.733333333333 0 0 224 0 234 4 0 0 0 0 0 0 0
car 0.0 0 0 239 17 250 31 0 0 0 0 0 0 0
car 1.0 0 0 296 0 322 0 0 0 0 0 0 0 0
car 0.0 0 0 155 15 168 31 0 0 0 0 0 0 0
car 0.125 0 0 202 0 221 7 0 0 0 0 0 0 0
car 0.0 0 0 255 20 268 33 0 0 0 0 0 0 0
car 0.0 0 0 105 339 124 351 0 0 0 0 0 0 0
car 0.0 0 0 94 219 109 228 0 0 0 0 0 0 0
car 0.0 0 0 222 18 232 30 0 0 0 0 0 0 0
car 0.0 0 0 201 113 212 123 0 0 0 0 0 0 0
car 0.733333333333 0 0 242 0 252 4 0 0 0 0 0 0 0
car 1.0 0 0 192 0 204 0 0 0 0 0 0 0 0
car 1.0 0 0 214 0 224 0 0 0 0 0 0 0 0
car 0.0 0 0 142 178 157 190 0 0 0 0 0 0 0
car 0.0 0 0 213 97 223 111 0 0 0 0 0 0 0
car 0.0 0 0 91 336 106 345 0 0 0 0 0 0 0
car 0.0 0 0 132 124 150 133 0 0 0 0 0 0 0
car 0.0 0 0 171 131 186 138 0 0 0 0 0 0 0
car 0.90625 0 0 350 0 352 6 0 0 0 0 0 0 0
car 0.0 0 0 121 176 141 189 0 0 0 0 0 0 0
car 0.0 0 0 50 245 61 256 0 0 0 0 0 0 0
car 0.0 0 0 166 16 178 30 0 0 0 0 0 0 0
car 0.0 0 0 73 234 82 253 0 0 0 0 0 0 0
car 0.0 0 0 190 126 207 140 0 0 0 0 0 0 0
car 0.0 0 0 72 122 86 131 0 0 0 0 0 0 0
car 0.0 0 0 254 330 263 348 0 0 0 0 0 0 0
car 0.0 0 0 134 2 148 19 0 0 0 0 0 0 0
car 0.75 0 0 269 0 278 4 0 0 0 0 0 0 0
car 0.0 0 0 72 213 92 224 0 0 0 0 0 0 0
car 0.0 0 0 66 105 81 114 0 0 0 0 0 0 0
car 0.0 0 0 135 163 152 177 0 0 0 0 0 0 0
car 0.866666666667 0 0 277 0 289 2 0 0 0 0 0 0 0
car 0.0 0 0 100 114 115 121 0 0 0 0 0 0 0
car 0.0 0 0 102 187 123 202 0 0 0 0 0 0 0
car 0.705882352941 0 0 255 0 269 5 0 0 0 0 0 0 0
car 0.0 0 0 108 241 124 264 0 0 0 0 0 0 0
car 0.0 0 0 266 33 278 52 0 0 0 0 0 0 0
car 0.0 0 0 226 86 236 100 0 0 0 0 0 0 0
car 0.0 0 0 298 6 312 15 0 0 0 0 0 0 0
car 0.0 0 0 181 19 193 34 0 0 0 0 0 0 0
car 0.0 0 0 267 50 277 64 0 0 0 0 0 0 0
car 0.0 0 0 91 199 107 213 0 0 0 0 0 0 0
car 0.0 0 0 228 17 239 31 0 0 0 0 0 0 0
car 0.0 0 0 272 294 285 302 0 0 0 0 0 0 0
car 0.0 0 0 153 126 167 137 0 0 0 0 0 0 0
car 0.0 0 0 103 131 124 141 0 0 0 0 0 0 0
car 0.0 0 0 285 35 303 47 0 0 0 0 0 0 0
car 0.307692307692 0 0 294 0 316 9 0 0 0 0 0 0 0
car 0.0 0 0 318 11 337 27 0 0 0 0 0 0 0
car 0.0 0 0 241 60 257 78 0 0 0 0 0 0 0
