car 0.0 0 0 241 47 255 56 0 0 0 0 0 0 0
car 0.0 0 0 297 87 306 98 0 0 0 0 0 0 0
car 0.0 0 0 316 146 338 157 0 0 0 0 0 0 0
car 0.0 0 0 311 86 321 97 0 0 0 0 0 0 0
car 0.0 0 0 242 93 251 105 0 0 0 0 0 0 0
car 0.0 0 0 299 58 313 65 0 0 0 0 0 0 0
car 0.0 0 0 185 160 198 175 0 0 0 0 0 0 0
car 0.0 0 0 196 137 206 157 0 0 0 0 0 0 0
car 0.0 0 0 262 132 275 152 0 0 0 0 0 0 0
car 0.0 0 0 33 99 45 114 0 0 0 0 0 0 0
car 0.0 0 0 240 72 252 87 0 0 0 0 0 0 0
car 0.0 0 0 48 242 56 261 0 0 0 0 0 0 0
car 0.0 0 0 176 24 188 41 0 0 0 0 0 0 0
car 0.0 0 0 253 127 259 141 0 0 0 0 0 0 0
car 0.0 0 0 17 137 31 149 0 0 0 0 0 0 0
car 0.0 0 0 246 105 256 125 0 0 0 0 0 0 0
car 0.545454545455 0 0 0 97 5 114 0 0 0 0 0 0 0
car 0.0 0 0 130 239 147 246 0 0 0 0 0 0 0
car 0.0 0 0 332 83 339 96 0 0 0 0 0 0 0
car 0.0 0 0 275 60 289 68 0 0 0 0 0 0 0
car 0.0 0 0 165 22 173 40 0 0 0 0 0 0 0
car 0.0 0 0 253 178 265 190 0 0 0 0 0 0 0
car 0.0 0 0 250 62 269 73 0 0 0 0 0 0 0
car 0.0 0 0 114 80 132 90 0 0 0 0 0 0 0
car 0.0 0 0 301 34 314 43 0 0 0 0 0 0 0
car 0.0 0 0 46 100 55 114 0 0 0 0 0 0 0
car 0.0 0 0 3 133 18 150 0 0 0 0 0 0 0
car 0.0 0 0 279 148 299 158 0 0 0 0 0 0 0
car 0.0 0 0 297 146 316 157 0 0 0 0 0 0 0
car 0.0 0 0 127 230 146 238 0 0 0 0 0 0 0
car 0.0 0 0 3 97 18 114 0 0 0 0 0 0 0
car 0.0 0 0 16 93 30 115 0 0 0 0 0 0 0
car 0.0 0 0 276 87 283 101 0 0 0 0 0 0 0
car 0.0 0 0 256 74 275 83 0 0 0 0 0 0 0
car 0.0 0 0 232 36 260 47 0 0 0 0 0 0 0
car 0.0 0 0 317 67 337 79 0 0 0 0 0 0 0
car 0.0 0 0 17 128 30 136 0 0 0 0 0 0 0
car 0.0 0 0 287 83 297 99 0 0 0 0 0 0 0
