car 0.0 0 0 95 281 113 291 0 0 0 0 0 0 0
car 0.0 0 0 340 194 349 212 0 0 0 0 0 0 0
car 0.0 0 0 324 124 344 141 0 0 0 0 0 0 0
car 0.0 0 0 209 304 219 324 0 0 0 0 0 0 0
car 0.0 0 0 111 329 120 344 0 0 0 0 0 0 0
car 0.0 0 0 136 10 151 35 0 0 0 0 0 0 0
car 0.0 0 0 9 295 26 308 0 0 0 0 0 0 0
car 0.0 0 0 194 168 206 183 0 0 0 0 0 0 0
car 0.0 0 0 188 235 202 253 0 0 0 0 0 0 0
car 0.0 0 0 167 51 177 65 0 0 0 0 0 0 0
car 0.388888888889 0 0 135 0 144 11 0 0 0 0 0 0 0
car 0.0 0 0 114 275 138 288 0 0 0 0 0 0 0
car 0.3125 0 0 341 36 352 52 0 0 0 0 0 0 0
car 0.0 0 0 314 47 327 66 0 0 0 0 0 0 0
car 0.0 0 0 313 16 331 30 0 0 0 0 0 0 0
car 0.0 0 0 58 287 72 299 0 0 0 0 0 0 0
car 0.0 0 0 205 235 217 251 0 0 0 0 0 0 0
car 0.0 0 0 175 20 183 34 0 0 0 0 0 0 0
car 0.0 0 0 203 135 215 154 0 0 0 0 0 0 0
car 0.92 0 0 350 164 352 189 0 0 0 0 0 0 0
car 0.0 0 0 186 217 196 231 0 0 0 0 0 0 0
car 0.0 0 0 179 54 191 68 0 0 0 0 0 0 0
car 0.0 0 0 331 154 342 180 0 0 0 0 0 0 0
car 0.0 0 0 171 113 184 135 0 0 0 0 0 0 0
car 0.0 0 0 85 186 94 205 0 0 0 0 0 0 0
