car 0.0 0 0 177 19 195 36 0 0 0 0 0 0 0
car 0.0 0 0 37 19 50 34 0 0 0 0 0 0 0
car 0.25 0 0 0 110 9 123 0 0 0 0 0 0 0
car 0.0 0 0 2 122 22 139 0 0 0 0 0 0 0
car 0.0 0 0 2 149 14 162 0 0 0 0 0 0 0
car 0.0 0 0 119 159 132 174 0 0 0 0 0 0 0
car 0.0 0 0 173 95 187 111 0 0 0 0 0 0 0
car 0.0 0 0 324 226 341 234 0 0 0 0 0 0 0
car 0.0 0 0 53 35 61 48 0 0 0 0 0 0 0
car 0.0 0 0 31 34 37 49 0 0 0 0 0 0 0
car 0.0 0 0 21 102 29 116 0 0 0 0 0 0 0
car 0.0 0 0 294 217 302 235 0 0 0 0 0 0 0
car 0.0 0 0 61 21 69 35 0 0 0 0 0 0 0
car 0.2 0 0 0 144 8 157 0 0 0 0 0 0 0
car 0.0 0 0 89 272 98 282 0 0 0 0 0 0 0
car 0.0 0 0 2 71 17 77 0 0 0 0 0 0 0
car 0.0 0 0 52 318 63 332 0 0 0 0 0 0 0
car 0.0 0 0 317 224 324 239 0 0 0 0 0 0 0
car 0.0 0 0 276 224 291 230 0 0 0 0 0 0 0
car 0.0 0 0 47 3 55 19 0 0 0 0 0 0 0
car 0.0 0 0 75 267 86 284 0 0 0 0 0 0 0
car 0.615384615385 0 0 66 347 74 352 0 0 0 0 0 0 0
car 0.0 0 0 21 55 29 72 0 0 0 0 0 0 0
car 0.0 0 0 76 316 91 333 0 0 0 0 0 0 0
car 0.0 0 0 39 63 50 73 0 0 0 0 0 0 0
car 0.0 0 0 65 4 73 21 0 0 0 0 0 0 0
car 0.0 0 0 64 287 76 302 0 0 0 0 0 0 0
car 0.0 0 0 41 38 48 50 0 0 0 0 0 0 0
car 0.0 0 0 45 48 53 62 0 0 0 0 0 0 0
car 0.0 0 0 47 333 56 348 0 0 0 0 0 0 0
