car 0.0 0 0 34 277 44 292 0 0 0 0 0 0 0
car 0.0 0 0 12 279 25 297 0 0 0 0 0 0 0
car 0.0 0 0 116 104 133 112 0 0 0 0 0 0 0
car 0.0 0 0 85 30 106 41 0 0 0 0 0 0 0
car 0.0 0 0 87 14 106 22 0 0 0 0 0 0 0
car 0.0 0 0 86 8 104 15 0 0 0 0 0 0 0
car 0.0 0 0 56 13 76 22 0 0 0 0 0 0 0
car 0.0 0 0 94 56 109 63 0 0 0 0 0 0 0
car 0.0 0 0 76 64 87 78 0 0 0 0 0 0 0
car 0.0 0 0 116 97 136 104 0 0 0 0 0 0 0
car 0.0 0 0 150 224 160 238 0 0 0 0 0 0 0
car 0.0 0 0 33 234 47 249 0 0 0 0 0 0 0
car 0.0 0 0 45 231 56 249 0 0 0 0 0 0 0
car 0.0 0 0 53 228 65 245 0 0 0 0 0 0 0
car 0.0 0 0 63 227 74 245 0 0 0 0 0 0 0
car 0.0 0 0 24 251 43 260 0 0 0 0 0 0 0
car 0.0 0 0 15 246 24 259 0 0 0 0 0 0 0
car 0.0 0 0 25 258 43 268 0 0 0 0 0 0 0
car 0.0 0 0 26 268 44 276 0 0 0 0 0 0 0
car 0.3125 0 0 0 316 11 329 0 0 0 0 0 0 0
car 0.0 0 0 174 222 186 242 0 0 0 0 0 0 0
car 0.0 0 0 83 23 105 32 0 0 0 0 0 0 0
car 0.375 0 0 0 198 10 205 0 0 0 0 0 0 0
car 0.0 0 0 95 103 101 110 0 0 0 0 0 0 0
car 0.0 0 0 92 63 113 71 0 0 0 0 0 0 0
car 0.0 0 0 12 23 33 33 0 0 0 0 0 0 0
car 0.0 0 0 148 324 170 337 0 0 0 0 0 0 0
car 0.0 0 0 146 87 159 104 0 0 0 0 0 0 0
car 0.666666666667 0 0 14 0 29 3 0 0 0 0 0 0 0
car 0.0 0 0 90 331 97 341 0 0 0 0 0 0 0
car 0.0 0 0 7 8 36 18 0 0 0 0 0 0 0
car 0.0 0 0 117 111 135 119 0 0 0 0 0 0 0
car 0.0 0 0 141 188 156 205 0 0 0 0 0 0 0
car 0.0 0 0 21 130 40 137 0 0 0 0 0 0 0
car 0.0 0 0 148 311 172 322 0 0 0 0 0 0 0
car 0.0 0 0 119 138 135 146 0 0 0 0 0 0 0
car 0.0 0 0 100 330 109 340 0 0 0 0 0 0 0
car 0.0 0 0 116 126 138 134 0 0 0 0 0 0 0
car 0.0 0 0 57 273 82 285 0 0 0 0 0 0 0
car 0.428571428571 0 0 113 0 131 12 0 0 0 0 0 0 0
car 0.0 0 0 20 103 37 113 0 0 0 0 0 0 0
car 0.0 0 0 94 71 113 81 0 0 0 0 0 0 0
car 0.761904761905 0 0 0 137 5 143 0 0 0 0 0 0 0
car 0.0 0 0 89 44 108 54 0 0 0 0 0 0 0
car 0.0 0 0 118 121 134 127 0 0 0 0 0 0 0
car 0.0 0 0 59 23 79 33 0 0 0 0 0 0 0
car 0.736842105263 0 0 0 143 5 155 0 0 0 0 0 0 0
car 0.0 0 0 65 299 82 303 0 0 0 0 0 0 0
car 0.0 0 0 13 45 32 55 0 0 0 0 0 0 0
car 0.0 0 0 23 162 42 173 0 0 0 0 0 0 0
car 0.0 0 0 8 1 31 10 0 0 0 0 0 0 0
car 0.85 0 0 0 116 3 126 0 0 0 0 0 0 0
car 0.0 0 0 63 327 79 346 0 0 0 0 0 0 0
car 0.0 0 0 74 328 91 347 0 0 0 0 0 0 0
car 0.0 0 0 13 54 39 65 0 0 0 0 0 0 0
car 0.0 0 0 54 32 77 43 0 0 0 0 0 0 0
car 0.0 0 0 85 300 108 310 0 0 0 0 0 0 0
car 0.0 0 0 55 329 68 345 0 0 0 0 0 0 0
car 0.0 0 0 21 147 42 157 0 0 0 0 0 0 0
car 0.0 0 0 168 193 178 209 0 0 0 0 0 0 0
car 0.0 0 0 12 85 39 98 0 0 0 0 0 0 0
car 0.0 0 0 69 102 78 111 0 0 0 0 0 0 0
car 0.0 0 0 22 180 48 191 0 0 0 0 0 0 0
car 0.0 0 0 23 171 41 179 0 0 0 0 0 0 0
car 0.0 0 0 5 282 10 295 0 0 0 0 0 0 0
car 0.0 0 0 67 285 80 294 0 0 0 0 0 0 0
car 0.0 0 0 121 134 139 139 0 0 0 0 0 0 0
car 0.0 0 0 28 326 35 340 0 0 0 0 0 0 0
car 0.0 0 0 65 306 82 315 0 0 0 0 0 0 0
car 0.0 0 0 183 223 191 239 0 0 0 0 0 0 0
car 0.0 0 0 16 16 34 23 0 0 0 0 0 0 0
car 0.0 0 0 72 323 85 329 0 0 0 0 0 0 0
car 0.5 0 0 0 283 4 297 0 0 0 0 0 0 0
car 0.0 0 0 24 277 36 292 0 0 0 0 0 0 0
