car 0.0 0 0 54 210 74 218 0 0 0 0 0 0 0
car 0.0 0 0 28 213 48 222 0 0 0 0 0 0 0
car 0.0 0 0 12 216 32 225 0 0 0 0 0 0 0
car 0.0 0 0 11 188 21 201 0 0 0 0 0 0 0
car 0.0 0 0 6 204 16 218 0 0 0 0 0 0 0
car 0.529411764706 0 0 344 52 352 68 0 0 0 0 0 0 0
car 0.470588235294 0 0 341 0 351 9 0 0 0 0 0 0 0
car 0.0 0 0 3 164 16 170 0 0 0 0 0 0 0
car 0.0 0 0 88 178 98 193 0 0 0 0 0 0 0
car 0.919413919414 0 0 350 0 352 11 0 0 0 0 0 0 0
car 0.0 0 0 333 15 343 26 0 0 0 0 0 0 0
car 0.0 0 0 69 59 78 71 0 0 0 0 0 0 0
car 0.555555555556 0 0 46 0 59 8 0 0 0 0 0 0 0
car 0.0 0 0 328 81 339 94 0 0 0 0 0 0 0
car 0.0 0 0 84 117 94 133 0 0 0 0 0 0 0
car 0.0 0 0 93 194 102 205 0 0 0 0 0 0 0
car 0.0 0 0 335 113 349 125 0 0 0 0 0 0 0
car 0.866666666667 0 0 350 173 352 181 0 0 0 0 0 0 0
car 0.0 0 0 332 97 343 111 0 0 0 0 0 0 0
car 0.0 0 0 78 103 90 115 0 0 0 0 0 0 0
car 0.0 0 0 76 90 88 100 0 0 0 0 0 0 0
car 0.0 0 0 23 160 33 169 0 0 0 0 0 0 0
car 0.0833333333333 0 0 341 130 352 141 0 0 0 0 0 0 0
car 0.0 0 0 65 5 72 23 0 0 0 0 0 0 0
car 0.0 0 0 69 24 81 42 0 0 0 0 0 0 0
car 0.0 0 0 321 96 329 109 0 0 0 0 0 0 0
car 0.0 0 0 72 74 82 89 0 0 0 0 0 0 0
car 0.0 0 0 154 326 168 339 0 0 0 0 0 0 0
car 0.0 0 0 334 65 346 80 0 0 0 0 0 0 0
car 0.0 0 0 307 86 320 103 0 0 0 0 0 0 0
car 0.0 0 0 327 62 337 73 0 0 0 0 0 0 0
car 0.0 0 0 328 111 334 123 0 0 0 0 0 0 0
car 0.0 0 0 85 133 99 149 0 0 0 0 0 0 0
car 0.0 0 0 322 79 330 90 0 0 0 0 0 0 0
car 0.0 0 0 41 158 55 166 0 0 0 0 0 0 0
car 0.0 0 0 329 24 336 40 0 0 0 0 0 0 0
car 0.0 0 0 54 20 67 39 0 0 0 0 0 0 0
car 0.0 0 0 314 51 324 67 0 0 0 0 0 0 0
car 0.0 0 0 321 36 331 50 0 0 0 0 0 0 0
car 0.0 0 0 312 76 322 86 0 0 0 0 0 0 0
