car 0.0 0 0 131 114 141 130 0 0 0 0 0 0 0
car 0.0 0 0 129 70 145 90 0 0 0 0 0 0 0
car 0.0 0 0 170 194 191 200 0 0 0 0 0 0 0
car 0.333333333333 0 0 0 146 14 159 0 0 0 0 0 0 0
car 0.0 0 0 262 248 286 258 0 0 0 0 0 0 0
car 0.0 0 0 282 139 297 157 0 0 0 0 0 0 0
car 0.0 0 0 307 135 322 155 0 0 0 0 0 0 0
car 0.0 0 0 86 111 99 127 0 0 0 0 0 0 0
car 0.0 0 0 105 145 127 155 0 0 0 0 0 0 0
car 0.0 0 0 270 285 289 296 0 0 0 0 0 0 0
car 0.0 0 0 272 317 293 326 0 0 0 0 0 0 0
car 0.0 0 0 174 242 196 254 0 0 0 0 0 0 0
car 0.0 0 0 204 191 226 201 0 0 0 0 0 0 0
car 0.0 0 0 35 308 44 325 0 0 0 0 0 0 0
car 0.0 0 0 202 181 225 194 0 0 0 0 0 0 0
car 0.0 0 0 171 200 191 206 0 0 0 0 0 0 0
car 0.0 0 0 209 219 228 230 0 0 0 0 0 0 0
car 0.0 0 0 121 200 145 210 0 0 0 0 0 0 0
car 0.0 0 0 233 159 247 178 0 0 0 0 0 0 0
car 0.0 0 0 241 267 260 282 0 0 0 0 0 0 0
car 0.0 0 0 213 122 233 133 0 0 0 0 0 0 0
car 0.0 0 0 67 116 77 129 0 0 0 0 0 0 0
car 0.0 0 0 127 248 147 258 0 0 0 0 0 0 0
car 0.0 0 0 48 116 59 129 0 0 0 0 0 0 0
car 0.0 0 0 246 304 262 321 0 0 0 0 0 0 0
car 0.0 0 0 118 113 131 129 0 0 0 0 0 0 0
car 0.0 0 0 217 280 237 290 0 0 0 0 0 0 0
car 0.0 0 0 212 258 236 274 0 0 0 0 0 0 0
car 0.0 0 0 59 117 67 130 0 0 0 0 0 0 0
car 0.0 0 0 202 177 224 184 0 0 0 0 0 0 0
car 0.0 0 0 264 100 276 118 0 0 0 0 0 0 0
car 0.0 0 0 141 115 152 132 0 0 0 0 0 0 0
car 0.0 0 0 1 117 11 134 0 0 0 0 0 0 0
car 0.0 0 0 240 103 256 122 0 0 0 0 0 0 0
car 0.0 0 0 181 255 198 261 0 0 0 0 0 0 0
car 0.0 0 0 124 29 138 47 0 0 0 0 0 0 0
car 0.0 0 0 297 139 310 156 0 0 0 0 0 0 0
car 0.0 0 0 306 96 320 113 0 0 0 0 0 0 0
car 0.0 0 0 176 151 197 160 0 0 0 0 0 0 0
car 0.0 0 0 171 232 197 243 0 0 0 0 0 0 0
car 0.0 0 0 260 233 283 241 0 0 0 0 0 0 0
car 0.0 0 0 232 191 251 210 0 0 0 0 0 0 0
car 0.0 0 0 297 100 311 114 0 0 0 0 0 0 0
car 0.0 0 0 41 141 61 154 0 0 0 0 0 0 0
car 0.0 0 0 213 243 235 252 0 0 0 0 0 0 0
car 0.214285714286 0 0 341 137 352 149 0 0 0 0 0 0 0
car 0.0 0 0 99 112 110 128 0 0 0 0 0 0 0
car 0.0 0 0 118 191 140 202 0 0 0 0 0 0 0
car 0.0 0 0 63 138 85 154 0 0 0 0 0 0 0
car 0.0 0 0 204 166 223 178 0 0 0 0 0 0 0
car 0.0 0 0 318 97 329 114 0 0 0 0 0 0 0
car 0.0 0 0 216 302 240 312 0 0 0 0 0 0 0
car 0.0 0 0 124 215 147 225 0 0 0 0 0 0 0
car 0.0 0 0 264 239 285 251 0 0 0 0 0 0 0
car 0.0 0 0 274 310 291 319 0 0 0 0 0 0 0
car 0.0 0 0 122 209 146 216 0 0 0 0 0 0 0
car 0.0 0 0 208 207 228 219 0 0 0 0 0 0 0
car 0.0 0 0 254 146 273 156 0 0 0 0 0 0 0
car 0.0 0 0 28 285 36 304 0 0 0 0 0 0 0
car 0.0 0 0 262 215 283 227 0 0 0 0 0 0 0
car 0.0 0 0 207 198 227 208 0 0 0 0 0 0 0
car 0.0 0 0 233 176 249 191 0 0 0 0 0 0 0
car 0.0 0 0 30 116 41 128 0 0 0 0 0 0 0
car 0.8 0 0 0 118 2 134 0 0 0 0 0 0 0
car 0.0 0 0 16 143 36 155 0 0 0 0 0 0 0
car 0.904761904762 0 0 23 350 35 352 0 0 0 0 0 0 0
car 0.0 0 0 273 336 293 344 0 0 0 0 0 0 0
car 0.0 0 0 173 207 195 218 0 0 0 0 0 0 0
car 0.0 0 0 215 288 237 303 0 0 0 0 0 0 0
car 0.0 0 0 251 100 265 118 0 0 0 0 0 0 0
car 0.0 0 0 285 98 299 115 0 0 0 0 0 0 0
car 0.0 0 0 269 325 293 335 0 0 0 0 0 0 0
car 0.0 0 0 220 334 243 344 0 0 0 0 0 0 0
car 0.0 0 0 118 174 141 185 0 0 0 0 0 0 0
car 0.0 0 0 255 164 275 176 0 0 0 0 0 0 0
car 0.0 0 0 233 227 255 243 0 0 0 0 0 0 0
car 0.0 0 0 240 248 257 269 0 0 0 0 0 0 0
car 0.0 0 0 173 225 196 232 0 0 0 0 0 0 0
car 0.0 0 0 271 137 287 157 0 0 0 0 0 0 0
car 0.0 0 0 49 224 63 243 0 0 0 0 0 0 0
car 0.0 0 0 266 265 287 276 0 0 0 0 0 0 0
car 0.0 0 0 180 126 193 134 0 0 0 0 0 0 0
car 0.0 0 0 327 133 342 150 0 0 0 0 0 0 0
car 0.0 0 0 260 196 282 210 0 0 0 0 0 0 0
car 0.0 0 0 235 208 254 223 0 0 0 0 0 0 0
car 0.0 0 0 228 106 244 119 0 0 0 0 0 0 0
car 0.0 0 0 75 114 87 128 0 0 0 0 0 0 0
car 0.2 0 0 278 344 294 352 0 0 0 0 0 0 0
car 0.0 0 0 171 181 191 193 0 0 0 0 0 0 0
car 0.526315789474 0 0 249 343 267 352 0 0 0 0 0 0 0
car 0.0 0 0 275 101 287 116 0 0 0 0 0 0 0
car 0.0 0 0 41 116 50 130 0 0 0 0 0 0 0
car 0.0 0 0 8 116 22 133 0 0 0 0 0 0 0
car 0.0 0 0 61 262 73 279 0 0 0 0 0 0 0
car 0.0 0 0 246 289 260 304 0 0 0 0 0 0 0
car 0.0 0 0 265 275 287 286 0 0 0 0 0 0 0
car 0.0 0 0 259 183 280 192 0 0 0 0 0 0 0
car 0.0 0 0 327 97 342 114 0 0 0 0 0 0 0
car 0.142857142857 0 0 340 93 352 115 0 0 0 0 0 0 0
car 0.0 0 0 19 116 31 131 0 0 0 0 0 0 0
car 0.222222222222 0 0 219 345 241 352 0 0 0 0 0 0 0
car 0.0 0 0 197 123 215 132 0 0 0 0 0 0 0
car 0.0 0 0 123 232 148 242 0 0 0 0 0 0 0
car 0.0 0 0 250 137 273 149 0 0 0 0 0 0 0
car 0.0 0 0 218 319 241 332 0 0 0 0 0 0 0
car 0.153846153846 0 0 341 128 352 136 0 0 0 0 0 0 0
car 0.0 0 0 248 324 265 342 0 0 0 0 0 0 0
car 0.0 0 0 112 113 117 126 0 0 0 0 0 0 0
