car 0.0 0 0 87 338 106 346 0 0 0 0 0 0 0
car 0.0 0 0 86 332 104 339 0 0 0 0 0 0 0
car 0.0 0 0 56 337 76 346 0 0 0 0 0 0 0
car 0.444444444444 0 0 83 347 105 352 0 0 0 0 0 0 0
car 0.0 0 0 7 306 28 314 0 0 0 0 0 0 0
car 0.0 0 0 78 315 100 322 0 0 0 0 0 0 0
car 0.5 0 0 12 347 33 352 0 0 0 0 0 0 0
car 0.0 0 0 14 318 29 327 0 0 0 0 0 0 0
car 0.0 0 0 7 332 36 342 0 0 0 0 0 0 0
car 0.0 0 0 7 311 26 318 0 0 0 0 0 0 0
car 0.0 0 0 113 315 131 336 0 0 0 0 0 0 0
car 0.0 0 0 7 291 26 304 0 0 0 0 0 0 0
car 0.0 0 0 10 304 27 310 0 0 0 0 0 0 0
car 0.5 0 0 59 347 79 352 0 0 0 0 0 0 0
car 0.0 0 0 8 325 31 334 0 0 0 0 0 0 0
car 0.0 0 0 109 299 117 314 0 0 0 0 0 0 0
car 0.4 0 0 0 180 12 190 0 0 0 0 0 0 0
car 0.0 0 0 16 340 34 347 0 0 0 0 0 0 0
car 0.0 0 0 57 77 68 89 0 0 0 0 0 0 0
