car 0.923076923077 0 0 286 351 301 352 0 0 0 0 0 0 0
car 0.833333333333 0 0 350 276 352 290 0 0 0 0 0 0 0
car 0.0 0 0 85 173 93 188 0 0 0 0 0 0 0
car 0.0 0 0 79 188 89 202 0 0 0 0 0 0 0
car 0.0 0 0 107 113 117 128 0 0 0 0 0 0 0
car 0.0 0 0 92 160 97 173 0 0 0 0 0 0 0
car 0.0 0 0 9 222 29 231 0 0 0 0 0 0 0
car 0.428571428571 0 0 344 200 352 217 0 0 0 0 0 0 0
car 0.0 0 0 122 82 131 94 0 0 0 0 0 0 0
car 0.0 0 0 23 229 37 251 0 0 0 0 0 0 0
car 0.0 0 0 8 237 26 245 0 0 0 0 0 0 0
car 0.0 0 0 320 274 327 294 0 0 0 0 0 0 0
car 0.0 0 0 29 257 34 274 0 0 0 0 0 0 0
car 0.0 0 0 47 211 56 223 0 0 0 0 0 0 0
car 0.0 0 0 41 261 56 277 0 0 0 0 0 0 0
car 0.0 0 0 85 301 103 311 0 0 0 0 0 0 0
car 0.0 0 0 125 310 142 320 0 0 0 0 0 0 0
car 0.0 0 0 322 252 339 270 0 0 0 0 0 0 0
car 0.0 0 0 5 242 26 255 0 0 0 0 0 0 0
car 0.0 0 0 103 324 119 331 0 0 0 0 0 0 0
car 0.0 0 0 26 322 42 330 0 0 0 0 0 0 0
car 0.916666666667 0 0 157 0 167 1 0 0 0 0 0 0 0
car 0.0 0 0 104 304 121 316 0 0 0 0 0 0 0
car 0.0 0 0 97 147 103 160 0 0 0 0 0 0 0
car 0.0 0 0 190 324 211 340 0 0 0 0 0 0 0
car 0.0 0 0 70 215 77 231 0 0 0 0 0 0 0
car 0.0 0 0 7 228 22 236 0 0 0 0 0 0 0
car 0.807692307692 0 0 0 302 5 312 0 0 0 0 0 0 0
car 0.307692307692 0 0 343 230 352 245 0 0 0 0 0 0 0
car 0.0 0 0 335 226 346 239 0 0 0 0 0 0 0
car 0.0 0 0 309 305 319 321 0 0 0 0 0 0 0
car 0.0 0 0 14 266 24 279 0 0 0 0 0 0 0
car 0.0 0 0 333 255 347 272 0 0 0 0 0 0 0
car 0.0 0 0 338 201 348 215 0 0 0 0 0 0 0
car 0.0 0 0 37 276 46 291 0 0 0 0 0 0 0
car 0.0 0 0 147 313 169 330 0 0 0 0 0 0 0
car 0.0 0 0 0 262 14 273 0 0 0 0 0 0 0
car 0.0 0 0 102 129 110 146 0 0 0 0 0 0 0
car 0.0 0 0 217 332 233 342 0 0 0 0 0 0 0
car 0.0 0 0 326 281 338 299 0 0 0 0 0 0 0
car 0.0 0 0 299 327 308 342 0 0 0 0 0 0 0
car 0.0 0 0 14 282 21 293 0 0 0 0 0 0 0
car 0.0 0 0 307 326 324 341 0 0 0 0 0 0 0
car 0.0 0 0 53 271 64 286 0 0 0 0 0 0 0
car 0.0 0 0 130 60 140 75 0 0 0 0 0 0 0
car 0.0 0 0 75 201 82 213 0 0 0 0 0 0 0
car 0.0 0 0 136 46 147 59 0 0 0 0 0 0 0
car 0.0 0 0 329 309 345 328 0 0 0 0 0 0 0
car 0.315789473684 0 0 0 335 13 351 0 0 0 0 0 0 0
car 0.0 0 0 141 32 151 41 0 0 0 0 0 0 0
