car 0.0 0 0 341 316 351 333 0 0 0 0 0 0 0
car 0.846153846154 0 0 350 314 352 335 0 0 0 0 0 0 0
car 0.0 0 0 280 92 290 111 0 0 0 0 0 0 0
car 0.0 0 0 333 339 343 350 0 0 0 0 0 0 0
car 0.0 0 0 336 265 349 284 0 0 0 0 0 0 0
car 0.0 0 0 12 153 28 172 0 0 0 0 0 0 0
car 0.0 0 0 46 314 59 332 0 0 0 0 0 0 0
car 0.0 0 0 26 242 43 259 0 0 0 0 0 0 0
car 0.0 0 0 258 26 269 41 0 0 0 0 0 0 0
car 0.0 0 0 40 289 52 306 0 0 0 0 0 0 0
car 0.0 0 0 4 101 14 112 0 0 0 0 0 0 0
car 0.0 0 0 294 150 306 165 0 0 0 0 0 0 0
car 0.0 0 0 25 226 34 240 0 0 0 0 0 0 0
car 0.0 0 0 306 154 321 178 0 0 0 0 0 0 0
car 0.0 0 0 20 211 33 226 0 0 0 0 0 0 0
car 0.0 0 0 6 159 15 168 0 0 0 0 0 0 0
car 0.0 0 0 271 21 282 38 0 0 0 0 0 0 0
car 0.0 0 0 324 208 334 223 0 0 0 0 0 0 0
car 0.0 0 0 329 226 342 244 0 0 0 0 0 0 0
car 0.0 0 0 65 329 72 347 0 0 0 0 0 0 0
car 0.777777777778 0 0 69 348 81 352 0 0 0 0 0 0 0
car 0.0 0 0 298 120 311 139 0 0 0 0 0 0 0
car 0.0 0 0 32 258 44 272 0 0 0 0 0 0 0
car 0.0 0 0 263 45 274 60 0 0 0 0 0 0 0
car 0.0 0 0 318 230 329 253 0 0 0 0 0 0 0
car 0.0 0 0 274 37 283 49 0 0 0 0 0 0 0
car 0.0 0 0 336 305 345 317 0 0 0 0 0 0 0
car 0.0 0 0 13 178 24 199 0 0 0 0 0 0 0
car 0.0 0 0 330 244 348 267 0 0 0 0 0 0 0
car 0.0 0 0 327 278 341 297 0 0 0 0 0 0 0
car 0.0 0 0 16 198 27 211 0 0 0 0 0 0 0
car 0.0 0 0 269 61 283 79 0 0 0 0 0 0 0
car 0.0 0 0 34 274 47 290 0 0 0 0 0 0 0
car 0.0 0 0 282 113 293 127 0 0 0 0 0 0 0
car 0.0 0 0 286 128 299 142 0 0 0 0 0 0 0
car 0.0 0 0 55 297 68 313 0 0 0 0 0 0 0
car 0.0 0 0 7 117 19 128 0 0 0 0 0 0 0
car 0.0 0 0 290 95 302 109 0 0 0 0 0 0 0
car 0.75 0 0 329 348 336 352 0 0 0 0 0 0 0
car 0.642857142857 0 0 347 302 352 317 0 0 0 0 0 0 0
car 0.578947368421 0 0 54 344 67 352 0 0 0 0 0 0 0
car 0.0 0 0 2 141 11 155 0 0 0 0 0 0 0
car 0.0 0 0 8 170 20 185 0 0 0 0 0 0 0
car 0.0 0 0 104 129 118 138 0 0 0 0 0 0 0
