car 0.0 0 0 331 306 352 314 0 0 0 0 0 0 0
car 0.5 0 0 0 93 8 111 0 0 0 0 0 0 0
car 0.0 0 0 279 80 300 87 0 0 0 0 0 0 0
car 0.0 0 0 277 64 297 74 0 0 0 0 0 0 0
car 0.9 0 0 175 351 192 352 0 0 0 0 0 0 0
car 0.619047619048 0 0 336 347 352 352 0 0 0 0 0 0 0
car 0.0 0 0 129 144 142 161 0 0 0 0 0 0 0
car 0.0 0 0 61 249 81 265 0 0 0 0 0 0 0
car 0.0 0 0 57 321 70 336 0 0 0 0 0 0 0
car 0.0 0 0 163 279 186 292 0 0 0 0 0 0 0
car 0.714285714286 0 0 0 294 4 310 0 0 0 0 0 0 0
car 0.777777777778 0 0 272 0 293 2 0 0 0 0 0 0 0
car 0.0 0 0 217 39 247 50 0 0 0 0 0 0 0
car 0.0666666666667 0 0 338 318 352 327 0 0 0 0 0 0 0
car 0.0 0 0 62 269 78 286 0 0 0 0 0 0 0
car 0.0 0 0 196 98 215 107 0 0 0 0 0 0 0
car 0.941176470588 0 0 35 0 44 1 0 0 0 0 0 0 0
car 0.275862068966 0 0 331 332 352 342 0 0 0 0 0 0 0
car 0.0 0 0 167 255 183 262 0 0 0 0 0 0 0
car 0.0 0 0 203 245 221 254 0 0 0 0 0 0 0
car 0.0 0 0 102 271 125 280 0 0 0 0 0 0 0
car 0.0 0 0 229 83 252 92 0 0 0 0 0 0 0
car 0.0 0 0 274 327 288 336 0 0 0 0 0 0 0
car 0.0 0 0 204 237 220 246 0 0 0 0 0 0 0
car 0.0 0 0 192 150 212 160 0 0 0 0 0 0 0
car 0.0 0 0 143 97 163 107 0 0 0 0 0 0 0
car 0.0 0 0 207 297 224 305 0 0 0 0 0 0 0
car 0.0 0 0 271 279 286 287 0 0 0 0 0 0 0
car 0.0 0 0 9 62 21 81 0 0 0 0 0 0 0
car 0.0 0 0 228 276 246 282 0 0 0 0 0 0 0
car 0.0 0 0 170 30 187 48 0 0 0 0 0 0 0
car 0.0 0 0 228 244 246 250 0 0 0 0 0 0 0
car 0.0 0 0 230 60 248 68 0 0 0 0 0 0 0
car 0.769230769231 0 0 273 349 297 352 0 0 0 0 0 0 0
car 0.0 0 0 64 95 84 112 0 0 0 0 0 0 0
car 0.0 0 0 273 71 299 81 0 0 0 0 0 0 0
car 0.0 0 0 105 320 123 329 0 0 0 0 0 0 0
car 0.0 0 0 211 314 226 322 0 0 0 0 0 0 0
car 0.0 0 0 331 311 350 318 0 0 0 0 0 0 0
car 0.0 0 0 205 261 222 270 0 0 0 0 0 0 0
car 0.0 0 0 140 60 165 72 0 0 0 0 0 0 0
car 0.0 0 0 203 226 216 232 0 0 0 0 0 0 0
car 0.0 0 0 104 311 127 322 0 0 0 0 0 0 0
car 0.0 0 0 138 264 157 273 0 0 0 0 0 0 0
car 0.0 0 0 331 291 350 304 0 0 0 0 0 0 0
car 0.0 0 0 274 43 298 57 0 0 0 0 0 0 0
car 0.0 0 0 298 303 318 312 0 0 0 0 0 0 0
car 0.0 0 0 269 310 289 318 0 0 0 0 0 0 0
car 0.0909090909091 0 0 152 342 166 352 0 0 0 0 0 0 0
car 0.0 0 0 334 304 351 310 0 0 0 0 0 0 0
car 0.0 0 0 205 254 221 261 0 0 0 0 0 0 0
car 0.0 0 0 134 229 156 244 0 0 0 0 0 0 0
car 0.0 0 0 135 247 160 258 0 0 0 0 0 0 0
car 0.0 0 0 150 121 169 128 0 0 0 0 0 0 0
car 0.0 0 0 251 75 271 93 0 0 0 0 0 0 0
car 0.0 0 0 268 288 285 299 0 0 0 0 0 0 0
car 0.0 0 0 191 80 215 89 0 0 0 0 0 0 0
car 0.0 0 0 252 57 268 77 0 0 0 0 0 0 0
car 0.0 0 0 41 182 53 205 0 0 0 0 0 0 0
car 0.0 0 0 100 240 119 250 0 0 0 0 0 0 0
car 0.0 0 0 144 334 170 348 0 0 0 0 0 0 0
car 0.0 0 0 233 301 249 313 0 0 0 0 0 0 0
car 0.0 0 0 230 292 248 301 0 0 0 0 0 0 0
car 0.0 0 0 234 313 251 322 0 0 0 0 0 0 0
car 0.130434782609 0 0 332 325 352 334 0 0 0 0 0 0 0
car 0.666666666667 0 0 0 340 7 352 0 0 0 0 0 0 0
car 0.0 0 0 145 327 164 336 0 0 0 0 0 0 0
car 0.0 0 0 140 271 157 279 0 0 0 0 0 0 0
car 0.0 0 0 296 318 312 327 0 0 0 0 0 0 0
car 0.0 0 0 203 281 228 294 0 0 0 0 0 0 0
car 0.0 0 0 165 268 183 279 0 0 0 0 0 0 0
car 0.0 0 0 139 285 161 292 0 0 0 0 0 0 0
car 0.0 0 0 23 26 35 47 0 0 0 0 0 0 0
car 0.0 0 0 105 280 122 288 0 0 0 0 0 0 0
car 0.0 0 0 227 52 247 59 0 0 0 0 0 0 0
car 0.0 0 0 230 236 246 244 0 0 0 0 0 0 0
car 0.0 0 0 108 327 130 339 0 0 0 0 0 0 0
car 0.0 0 0 60 229 79 250 0 0 0 0 0 0 0
car 0.0 0 0 273 12 293 20 0 0 0 0 0 0 0
car 0.0 0 0 108 342 125 349 0 0 0 0 0 0 0
car 0.0 0 0 4 104 20 122 0 0 0 0 0 0 0
car 0.0 0 0 269 1 293 11 0 0 0 0 0 0 0
car 0.0 0 0 220 10 243 20 0 0 0 0 0 0 0
car 0.0 0 0 105 304 124 311 0 0 0 0 0 0 0
car 0.0 0 0 165 250 181 255 0 0 0 0 0 0 0
car 0.0 0 0 107 288 121 295 0 0 0 0 0 0 0
car 0.0 0 0 146 74 161 82 0 0 0 0 0 0 0
car 0.0 0 0 277 31 293 37 0 0 0 0 0 0 0
car 0.0 0 0 230 92 251 101 0 0 0 0 0 0 0
car 0.0 0 0 146 112 164 119 0 0 0 0 0 0 0
car 0.0 0 0 20 300 38 321 0 0 0 0 0 0 0
car 0.0 0 0 316 180 336 190 0 0 0 0 0 0 0
car 0.0 0 0 59 301 71 313 0 0 0 0 0 0 0
car 0.0 0 0 28 144 45 160 0 0 0 0 0 0 0
car 0.0 0 0 249 38 269 58 0 0 0 0 0 0 0
car 0.0 0 0 99 230 114 240 0 0 0 0 0 0 0
car 0.0 0 0 168 260 183 269 0 0 0 0 0 0 0
car 0.0 0 0 234 285 248 293 0 0 0 0 0 0 0
car 0.0 0 0 25 248 39 265 0 0 0 0 0 0 0
car 0.0 0 0 34 91 49 107 0 0 0 0 0 0 0
car 0.0 0 0 193 88 213 97 0 0 0 0 0 0 0
car 0.0 0 0 230 73 248 83 0 0 0 0 0 0 0
car 0.0 0 0 103 255 120 261 0 0 0 0 0 0 0
car 0.0 0 0 143 318 166 328 0 0 0 0 0 0 0
car 0.0 0 0 142 293 164 305 0 0 0 0 0 0 0
car 0.333333333333 0 0 340 340 352 347 0 0 0 0 0 0 0
car 0.0 0 0 278 20 294 30 0 0 0 0 0 0 0
car 0.0 0 0 249 19 267 38 0 0 0 0 0 0 0
car 0.0 0 0 287 102 302 111 0 0 0 0 0 0 0
car 0.8 0 0 0 138 4 153 0 0 0 0 0 0 0
car 0.0 0 0 38 226 51 239 0 0 0 0 0 0 0
car 0.0 0 0 99 294 124 303 0 0 0 0 0 0 0
car 0.0 0 0 148 88 165 94 0 0 0 0 0 0 0
car 0.0 0 0 101 263 117 273 0 0 0 0 0 0 0
car 0.0 0 0 212 306 225 314 0 0 0 0 0 0 0
car 0.0 0 0 225 252 245 259 0 0 0 0 0 0 0
car 0.0 0 0 219 21 241 30 0 0 0 0 0 0 0
car 0.0 0 0 286 115 303 121 0 0 0 0 0 0 0
car 0.0 0 0 141 302 165 314 0 0 0 0 0 0 0
car 0.0 0 0 51 220 66 239 0 0 0 0 0 0 0
car 0.0 0 0 275 54 299 64 0 0 0 0 0 0 0
car 0.0 0 0 234 185 245 199 0 0 0 0 0 0 0
car 0.384615384615 0 0 218 0 241 8 0 0 0 0 0 0 0
car 0.0 0 0 137 254 162 266 0 0 0 0 0 0 0
car 0.0 0 0 206 270 226 277 0 0 0 0 0 0 0
car 0.466666666667 0 0 0 175 8 190 0 0 0 0 0 0 0
car 0.857142857143 0 0 51 349 68 352 0 0 0 0 0 0 0
car 0.0 0 0 248 0 265 18 0 0 0 0 0 0 0
car 0.0 0 0 270 320 291 329 0 0 0 0 0 0 0
car 0.0 0 0 163 228 179 235 0 0 0 0 0 0 0
car 0.0 0 0 165 295 188 309 0 0 0 0 0 0 0
