car 0.35 0 0 84 339 96 352 0 0 0 0 0 0 0
car 0.0 0 0 80 316 94 338 0 0 0 0 0 0 0
car 0.866666666667 0 0 0 41 2 49 0 0 0 0 0 0 0
car 0.0 0 0 65 108 73 125 0 0 0 0 0 0 0
car 0.0 0 0 51 43 60 58 0 0 0 0 0 0 0
car 0.0 0 0 110 99 121 119 0 0 0 0 0 0 0
car 0.0 0 0 105 69 115 88 0 0 0 0 0 0 0
car 0.0 0 0 112 117 123 134 0 0 0 0 0 0 0
car 0.0 0 0 96 100 110 115 0 0 0 0 0 0 0
car 0.0 0 0 95 329 115 344 0 0 0 0 0 0 0
car 0.0 0 0 31 2 41 20 0 0 0 0 0 0 0
car 0.0 0 0 67 263 83 279 0 0 0 0 0 0 0
car 0.0 0 0 59 210 75 235 0 0 0 0 0 0 0
car 0.0 0 0 62 85 70 100 0 0 0 0 0 0 0
car 0.0 0 0 132 141 141 151 0 0 0 0 0 0 0
car 0.0 0 0 125 256 135 275 0 0 0 0 0 0 0
car 0.0 0 0 77 245 89 262 0 0 0 0 0 0 0
car 0.0 0 0 48 104 65 122 0 0 0 0 0 0 0
car 0.0 0 0 84 41 102 67 0 0 0 0 0 0 0
car 0.0 0 0 132 325 145 342 0 0 0 0 0 0 0
car 0.0 0 0 108 198 125 213 0 0 0 0 0 0 0
car 0.0 0 0 55 183 71 199 0 0 0 0 0 0 0
car 0.0 0 0 10 57 32 67 0 0 0 0 0 0 0
car 0.0 0 0 116 219 129 238 0 0 0 0 0 0 0
car 0.0 0 0 64 235 76 250 0 0 0 0 0 0 0
car 0.0 0 0 44 14 61 32 0 0 0 0 0 0 0
car 0.0 0 0 137 218 159 237 0 0 0 0 0 0 0
car 0.0 0 0 73 279 85 297 0 0 0 0 0 0 0
car 0.0 0 0 122 207 143 225 0 0 0 0 0 0 0
car 0.0 0 0 62 198 69 212 0 0 0 0 0 0 0
car 0.75 0 0 41 0 55 4 0 0 0 0 0 0 0
car 0.0 0 0 136 192 151 207 0 0 0 0 0 0 0
car 0.944444444444 0 0 167 351 184 352 0 0 0 0 0 0 0
car 0.95 0 0 106 0 114 1 0 0 0 0 0 0 0
car 0.0 0 0 53 167 67 185 0 0 0 0 0 0 0
car 0.0 0 0 129 310 142 327 0 0 0 0 0 0 0
car 0.0 0 0 118 139 127 152 0 0 0 0 0 0 0
car 0.0 0 0 47 65 66 80 0 0 0 0 0 0 0
car 0.0 0 0 96 115 112 131 0 0 0 0 0 0 0
car 0.0 0 0 24 307 39 314 0 0 0 0 0 0 0
car 0.0 0 0 85 258 101 272 0 0 0 0 0 0 0
car 0.0 0 0 72 213 91 233 0 0 0 0 0 0 0
car 0.0 0 0 96 133 121 175 0 0 0 0 0 0 0
car 0.0 0 0 48 132 63 148 0 0 0 0 0 0 0
car 0.0 0 0 74 181 91 200 0 0 0 0 0 0 0
car 0.0 0 0 137 165 144 177 0 0 0 0 0 0 0
car 0.0 0 0 40 78 50 93 0 0 0 0 0 0 0
car 0.0 0 0 61 122 69 140 0 0 0 0 0 0 0
car 0.0 0 0 86 276 108 294 0 0 0 0 0 0 0
car 0.0 0 0 87 75 104 92 0 0 0 0 0 0 0
car 1.0 0 0 76 0 93 0 0 0 0 0 0 0 0
car 0.0 0 0 96 14 108 31 0 0 0 0 0 0 0
car 0.0 0 0 54 146 61 162 0 0 0 0 0 0 0
car 0.0 0 0 0 312 12 320 0 0 0 0 0 0 0
car 0.0 0 0 125 190 137 207 0 0 0 0 0 0 0
car 0.0 0 0 68 123 82 146 0 0 0 0 0 0 0
car 0.0 0 0 107 11 118 29 0 0 0 0 0 0 0
car 0.0 0 0 119 154 129 174 0 0 0 0 0 0 0
car 0.0 0 0 143 313 158 331 0 0 0 0 0 0 0
car 0.0 0 0 79 23 101 41 0 0 0 0 0 0 0
car 0.0 0 0 124 284 139 304 0 0 0 0 0 0 0
car 0.0 0 0 109 181 123 198 0 0 0 0 0 0 0
car 0.0 0 0 108 34 120 56 0 0 0 0 0 0 0
car 0.0 0 0 121 101 138 121 0 0 0 0 0 0 0
car 0.0 0 0 68 149 84 163 0 0 0 0 0 0 0
car 0.0 0 0 69 167 84 183 0 0 0 0 0 0 0
car 0.0 0 0 154 297 165 313 0 0 0 0 0 0 0
car 0.0 0 0 131 246 147 260 0 0 0 0 0 0 0
car 0.428571428571 0 0 95 344 109 352 0 0 0 0 0 0 0
