car 0.0 0 0 100 127 117 138 0 0 0 0 0 0 0
car 0.0 0 0 272 237 281 247 0 0 0 0 0 0 0
car 0.0 0 0 200 127 211 147 0 0 0 0 0 0 0
car 0.0 0 0 5 171 11 180 0 0 0 0 0 0 0
car 0.428571428571 0 0 348 31 352 41 0 0 0 0 0 0 0
car 0.0 0 0 39 261 50 278 0 0 0 0 0 0 0
car 0.0 0 0 30 202 40 217 0 0 0 0 0 0 0
car 0.0 0 0 214 54 226 69 0 0 0 0 0 0 0
car 0.928571428571 0 0 163 0 174 1 0 0 0 0 0 0 0
car 0.75 0 0 0 20 3 37 0 0 0 0 0 0 0
car 0.0909090909091 0 0 0 24 10 38 0 0 0 0 0 0 0
car 0.0 0 0 9 27 18 41 0 0 0 0 0 0 0
car 0.0 0 0 2 56 11 66 0 0 0 0 0 0 0
car 0.6 0 0 0 78 4 94 0 0 0 0 0 0 0
car 0.0 0 0 29 64 37 69 0 0 0 0 0 0 0
car 0.0 0 0 194 128 200 144 0 0 0 0 0 0 0
car 0.0 0 0 22 289 32 302 0 0 0 0 0 0 0
car 0.0 0 0 13 290 23 300 0 0 0 0 0 0 0
car 0.0 0 0 45 124 58 134 0 0 0 0 0 0 0
car 0.0 0 0 218 134 232 151 0 0 0 0 0 0 0
car 0.0 0 0 35 293 43 304 0 0 0 0 0 0 0
car 0.0 0 0 91 193 102 204 0 0 0 0 0 0 0
