car 0.0 0 0 185 141 203 156 0 0 0 0 0 0 0
car 0.0 0 0 178 170 188 187 0 0 0 0 0 0 0
car 0.0 0 0 182 323 198 340 0 0 0 0 0 0 0
car 0.0 0 0 296 28 316 49 0 0 0 0 0 0 0
car 0.266666666667 0 0 341 12 352 26 0 0 0 0 0 0 0
car 0.25 0 0 108 340 126 352 0 0 0 0 0 0 0
car 0.0 0 0 132 321 148 337 0 0 0 0 0 0 0
car 0.0 0 0 136 317 152 331 0 0 0 0 0 0 0
car 0.0 0 0 143 314 155 323 0 0 0 0 0 0 0
car 0.0 0 0 152 303 165 313 0 0 0 0 0 0 0
car 0.0 0 0 156 295 170 309 0 0 0 0 0 0 0
car 0.0 0 0 163 291 176 304 0 0 0 0 0 0 0
car 0.0 0 0 174 281 188 296 0 0 0 0 0 0 0
car 0.0 0 0 337 39 349 52 0 0 0 0 0 0 0
car 0.0 0 0 174 339 186 350 0 0 0 0 0 0 0
car 0.0 0 0 115 336 132 349 0 0 0 0 0 0 0
car 0.0 0 0 149 309 159 319 0 0 0 0 0 0 0
car 0.0 0 0 169 286 181 299 0 0 0 0 0 0 0
car 0.5 0 0 162 346 175 352 0 0 0 0 0 0 0
