car 0.0 0 0 117 182 134 196 0 0 0 0 0 0 0
car 0.0 0 0 237 0 254 15 0 0 0 0 0 0 0
car 0.0 0 0 236 15 250 27 0 0 0 0 0 0 0
car 0.0 0 0 240 150 255 164 0 0 0 0 0 0 0
car 0.0 0 0 277 162 292 176 0 0 0 0 0 0 0
car 0.0 0 0 275 185 309 215 0 0 0 0 0 0 0
car 0.0 0 0 283 207 298 222 0 0 0 0 0 0 0
car 0.0 0 0 190 118 206 132 0 0 0 0 0 0 0
car 0.0 0 0 112 54 128 67 0 0 0 0 0 0 0
car 0.0 0 0 143 94 162 111 0 0 0 0 0 0 0
car 0.0 0 0 95 18 113 34 0 0 0 0 0 0 0
car 0.375 0 0 188 0 208 10 0 0 0 0 0 0 0
car 0.903225806452 0 0 0 178 3 207 0 0 0 0 0 0 0
car 0.0 0 0 125 28 138 40 0 0 0 0 0 0 0
