car 0.266666666667 0 0 341 187 352 199 0 0 0 0 0 0 0
car 0.0 0 0 230 225 260 254 0 0 0 0 0 0 0
car 0.0 0 0 236 193 250 205 0 0 0 0 0 0 0
car 0.0 0 0 234 180 251 193 0 0 0 0 0 0 0
car 0.0 0 0 202 178 215 191 0 0 0 0 0 0 0
car 0.0 0 0 175 157 192 174 0 0 0 0 0 0 0
car 0.0 0 0 148 148 163 161 0 0 0 0 0 0 0
car 0.0 0 0 166 176 180 191 0 0 0 0 0 0 0
car 0.0 0 0 207 92 224 105 0 0 0 0 0 0 0
car 0.0 0 0 160 37 176 50 0 0 0 0 0 0 0
car 0.0 0 0 137 94 148 106 0 0 0 0 0 0 0
car 0.0 0 0 35 51 70 83 0 0 0 0 0 0 0
car 0.0 0 0 17 12 32 26 0 0 0 0 0 0 0
car 0.0 0 0 108 12 125 26 0 0 0 0 0 0 0
car 0.0 0 0 198 54 217 69 0 0 0 0 0 0 0
car 0.0 0 0 13 39 25 52 0 0 0 0 0 0 0
car 0.0 0 0 274 261 292 275 0 0 0 0 0 0 0
car 0.0833333333333 0 0 128 0 144 11 0 0 0 0 0 0 0
car 0.0 0 0 136 111 151 124 0 0 0 0 0 0 0
car 0.0 0 0 101 137 127 159 0 0 0 0 0 0 0
