car 0.266666666667 0 0 341 336 352 350 0 0 0 0 0 0 0
car 0.0 0 0 308 295 323 310 0 0 0 0 0 0 0
car 0.0 0 0 333 263 350 276 0 0 0 0 0 0 0
car 0.0 0 0 324 243 339 256 0 0 0 0 0 0 0
car 0.0 0 0 314 218 329 232 0 0 0 0 0 0 0
car 0.0 0 0 221 278 234 292 0 0 0 0 0 0 0
car 0.0 0 0 237 252 248 265 0 0 0 0 0 0 0
car 0.0 0 0 205 238 219 251 0 0 0 0 0 0 0
car 0.0 0 0 252 184 275 204 0 0 0 0 0 0 0
car 0.0 0 0 233 156 267 185 0 0 0 0 0 0 0
car 0.0 0 0 221 114 235 126 0 0 0 0 0 0 0
car 0.0 0 0 139 113 153 126 0 0 0 0 0 0 0
car 0.0 0 0 95 124 110 138 0 0 0 0 0 0 0
car 0.0 0 0 85 128 99 140 0 0 0 0 0 0 0
car 0.0 0 0 176 232 190 246 0 0 0 0 0 0 0
car 0.0 0 0 1 8 18 21 0 0 0 0 0 0 0
