car 0.0 0 0 230 197 240 213 0 0 0 0 0 0 0
car 0.0 0 0 238 194 247 210 0 0 0 0 0 0 0
car 0.0 0 0 248 192 257 209 0 0 0 0 0 0 0
car 0.0 0 0 266 190 274 206 0 0 0 0 0 0 0
car 0.0 0 0 293 187 301 205 0 0 0 0 0 0 0
car 0.0 0 0 320 187 327 200 0 0 0 0 0 0 0
car 0.0 0 0 267 191 275 206 0 0 0 0 0 0 0
car 0.0 0 0 293 188 302 204 0 0 0 0 0 0 0
car 0.0 0 0 320 186 328 201 0 0 0 0 0 0 0
car 0.0 0 0 338 184 346 198 0 0 0 0 0 0 0
car 0.0 0 0 235 246 251 255 0 0 0 0 0 0 0
car 0.0 0 0 216 293 229 309 0 0 0 0 0 0 0
car 0.0 0 0 262 247 276 256 0 0 0 0 0 0 0
car 0.0 0 0 272 270 286 280 0 0 0 0 0 0 0
car 0.0 0 0 258 292 274 303 0 0 0 0 0 0 0
car 0.0 0 0 264 299 278 309 0 0 0 0 0 0 0
car 0.0 0 0 268 305 282 317 0 0 0 0 0 0 0
car 0.384615384615 0 0 244 344 260 352 0 0 0 0 0 0 0
car 0.0 0 0 270 316 286 325 0 0 0 0 0 0 0
car 0.0 0 0 273 321 289 331 0 0 0 0 0 0 0
car 0.0 0 0 281 330 295 339 0 0 0 0 0 0 0
car 0.0 0 0 284 337 298 346 0 0 0 0 0 0 0
car 0.222222222222 0 0 286 345 302 352 0 0 0 0 0 0 0
car 0.0 0 0 338 184 345 199 0 0 0 0 0 0 0
car 0.0 0 0 241 255 255 265 0 0 0 0 0 0 0
car 0.0 0 0 245 263 259 274 0 0 0 0 0 0 0
car 0.0 0 0 250 270 263 280 0 0 0 0 0 0 0
car 0.0 0 0 250 278 266 289 0 0 0 0 0 0 0
car 0.0 0 0 257 286 270 295 0 0 0 0 0 0 0
car 0.0 0 0 26 27 40 41 0 0 0 0 0 0 0
car 0.0 0 0 32 33 45 45 0 0 0 0 0 0 0
car 0.0 0 0 39 38 52 51 0 0 0 0 0 0 0
car 0.0 0 0 46 44 58 56 0 0 0 0 0 0 0
car 0.0 0 0 52 47 66 61 0 0 0 0 0 0 0
car 0.0 0 0 58 53 72 66 0 0 0 0 0 0 0
car 0.0 0 0 65 56 77 72 0 0 0 0 0 0 0
car 0.0 0 0 70 61 83 75 0 0 0 0 0 0 0
car 0.0 0 0 82 72 95 85 0 0 0 0 0 0 0
car 0.0 0 0 94 81 107 95 0 0 0 0 0 0 0
car 0.0 0 0 328 292 341 303 0 0 0 0 0 0 0
car 0.0 0 0 316 269 328 280 0 0 0 0 0 0 0
car 0.0 0 0 305 255 320 266 0 0 0 0 0 0 0
car 0.0 0 0 299 247 317 258 0 0 0 0 0 0 0
car 0.0 0 0 298 239 312 248 0 0 0 0 0 0 0
car 0.0 0 0 111 93 124 105 0 0 0 0 0 0 0
car 0.0 0 0 63 22 75 35 0 0 0 0 0 0 0
car 0.0 0 0 66 219 79 230 0 0 0 0 0 0 0
