car 0.0 0 0 183 100 198 115 0 0 0 0 0 0 0
car 0.0 0 0 194 86 208 100 0 0 0 0 0 0 0
car 0.0 0 0 200 92 212 105 0 0 0 0 0 0 0
car 0.0 0 0 205 97 219 111 0 0 0 0 0 0 0
car 0.0 0 0 213 103 224 116 0 0 0 0 0 0 0
car 0.0 0 0 220 108 232 121 0 0 0 0 0 0 0
car 0.0 0 0 228 113 240 126 0 0 0 0 0 0 0
car 0.0 0 0 234 118 246 129 0 0 0 0 0 0 0
car 0.0 0 0 240 123 251 135 0 0 0 0 0 0 0
car 0.0 0 0 249 129 260 141 0 0 0 0 0 0 0
car 0.0 0 0 254 135 268 147 0 0 0 0 0 0 0
car 0.0 0 0 262 141 274 153 0 0 0 0 0 0 0
car 0.0 0 0 269 145 280 157 0 0 0 0 0 0 0
car 0.0 0 0 180 120 194 133 0 0 0 0 0 0 0
car 0.0 0 0 185 81 198 96 0 0 0 0 0 0 0
car 0.0 0 0 24 221 38 236 0 0 0 0 0 0 0
car 0.0 0 0 33 227 47 240 0 0 0 0 0 0 0
car 0.0 0 0 39 233 51 245 0 0 0 0 0 0 0
car 0.0 0 0 46 238 60 250 0 0 0 0 0 0 0
car 0.0 0 0 51 244 65 256 0 0 0 0 0 0 0
car 0.0 0 0 60 247 73 261 0 0 0 0 0 0 0
car 0.0 0 0 74 259 89 273 0 0 0 0 0 0 0
car 0.0 0 0 81 264 96 280 0 0 0 0 0 0 0
car 0.0 0 0 94 277 106 291 0 0 0 0 0 0 0
car 0.0 0 0 115 293 130 306 0 0 0 0 0 0 0
car 0.0 0 0 244 20 260 33 0 0 0 0 0 0 0
car 0.888888888889 0 0 270 0 286 1 0 0 0 0 0 0 0
car 0.3 0 0 273 0 289 7 0 0 0 0 0 0 0
car 0.0 0 0 281 6 295 15 0 0 0 0 0 0 0
car 0.0 0 0 284 13 298 22 0 0 0 0 0 0 0
car 0.0 0 0 286 21 302 30 0 0 0 0 0 0 0
car 0.0 0 0 291 30 306 38 0 0 0 0 0 0 0
car 0.0 0 0 294 36 309 44 0 0 0 0 0 0 0
car 0.0 0 0 327 51 342 59 0 0 0 0 0 0 0
car 0.0 0 0 301 133 317 144 0 0 0 0 0 0 0
car 0.0 0 0 335 119 349 129 0 0 0 0 0 0 0
car 0.0 0 0 338 126 350 135 0 0 0 0 0 0 0
car 0.0 0 0 305 140 320 152 0 0 0 0 0 0 0
car 0.0 0 0 163 105 171 116 0 0 0 0 0 0 0
car 0.0 0 0 173 69 180 80 0 0 0 0 0 0 0
car 0.0 0 0 167 65 178 75 0 0 0 0 0 0 0
car 0.0 0 0 181 77 189 87 0 0 0 0 0 0 0
