car 0.0 0 0 148 151 160 162 0 0 0 0 0 0 0
car 0.0 0 0 168 184 179 194 0 0 0 0 0 0 0
car 0.0 0 0 187 163 201 177 0 0 0 0 0 0 0
car 0.0 0 0 194 153 208 164 0 0 0 0 0 0 0
car 0.0 0 0 190 103 204 116 0 0 0 0 0 0 0
car 0.0 0 0 206 145 219 156 0 0 0 0 0 0 0
car 0.0 0 0 178 121 192 134 0 0 0 0 0 0 0
car 0.0 0 0 183 115 193 124 0 0 0 0 0 0 0
car 0.0 0 0 206 90 218 100 0 0 0 0 0 0 0
car 0.0 0 0 254 77 267 91 0 0 0 0 0 0 0
car 0.0 0 0 246 46 260 59 0 0 0 0 0 0 0
car 0.0 0 0 257 37 269 49 0 0 0 0 0 0 0
car 0.0 0 0 319 24 334 38 0 0 0 0 0 0 0
car 0.0 0 0 166 130 181 142 0 0 0 0 0 0 0
car 0.0 0 0 41 320 54 336 0 0 0 0 0 0 0
car 0.0 0 0 180 168 193 179 0 0 0 0 0 0 0
car 0.0 0 0 171 123 184 138 0 0 0 0 0 0 0
