car 0.0588235294118 0 0 182 0 198 16 0 0 0 0 0 0 0
car 0.0 0 0 172 202 183 213 0 0 0 0 0 0 0
car 0.0 0 0 178 197 191 209 0 0 0 0 0 0 0
car 0.0 0 0 197 177 212 190 0 0 0 0 0 0 0
car 0.0 0 0 185 187 200 201 0 0 0 0 0 0 0
car 0.0 0 0 208 167 220 178 0 0 0 0 0 0 0
car 0.0 0 0 212 162 226 174 0 0 0 0 0 0 0
car 0.0 0 0 226 145 240 158 0 0 0 0 0 0 0
car 0.0 0 0 230 140 245 154 0 0 0 0 0 0 0
car 0.0 0 0 240 130 254 143 0 0 0 0 0 0 0
car 0.0 0 0 246 126 259 138 0 0 0 0 0 0 0
car 0.0 0 0 251 119 264 133 0 0 0 0 0 0 0
car 0.0 0 0 268 104 283 117 0 0 0 0 0 0 0
car 0.0 0 0 108 16 126 32 0 0 0 0 0 0 0
car 0.1875 0 0 132 0 148 13 0 0 0 0 0 0 0
car 0.5 0 0 136 0 152 7 0 0 0 0 0 0 0
car 0.0 0 0 174 15 186 26 0 0 0 0 0 0 0
car 0.0 0 0 115 12 132 25 0 0 0 0 0 0 0
car 0.0 0 0 61 128 78 140 0 0 0 0 0 0 0
car 0.0 0 0 162 22 175 34 0 0 0 0 0 0 0
