car 0.0 0 0 62 322 76 335 0 0 0 0 0 0 0
car 0.0 0 0 331 315 344 326 0 0 0 0 0 0 0
car 0.0 0 0 42 303 51 317 0 0 0 0 0 0 0
car 0.0 0 0 27 293 40 307 0 0 0 0 0 0 0
car 0.0 0 0 213 290 221 304 0 0 0 0 0 0 0
car 0.0 0 0 270 199 284 212 0 0 0 0 0 0 0
car 0.0 0 0 280 212 294 224 0 0 0 0 0 0 0
car 0.875 0 0 350 201 352 217 0 0 0 0 0 0 0
car 0.0 0 0 284 147 297 160 0 0 0 0 0 0 0
car 0.357142857143 0 0 343 258 352 270 0 0 0 0 0 0 0
car 0.0 0 0 35 93 56 103 0 0 0 0 0 0 0
car 0.0 0 0 231 234 244 247 0 0 0 0 0 0 0
car 0.0 0 0 252 184 263 200 0 0 0 0 0 0 0
car 0.0 0 0 333 190 347 200 0 0 0 0 0 0 0
car 0.0 0 0 239 260 250 272 0 0 0 0 0 0 0
car 0.0 0 0 314 237 328 250 0 0 0 0 0 0 0
car 0.0 0 0 301 160 314 174 0 0 0 0 0 0 0
car 0.909090909091 0 0 351 264 352 276 0 0 0 0 0 0 0
car 0.0 0 0 292 156 304 165 0 0 0 0 0 0 0
car 0.0 0 0 218 160 230 174 0 0 0 0 0 0 0
car 0.0 0 0 174 191 191 206 0 0 0 0 0 0 0
car 0.0 0 0 286 279 302 295 0 0 0 0 0 0 0
car 0.0 0 0 316 178 328 188 0 0 0 0 0 0 0
car 0.0 0 0 325 184 338 194 0 0 0 0 0 0 0
car 0.0 0 0 282 186 305 208 0 0 0 0 0 0 0
car 0.0 0 0 242 246 254 257 0 0 0 0 0 0 0
car 0.0 0 0 276 205 288 222 0 0 0 0 0 0 0
car 0.0 0 0 335 254 348 267 0 0 0 0 0 0 0
car 0.0 0 0 192 205 205 216 0 0 0 0 0 0 0
car 0.0 0 0 321 242 336 254 0 0 0 0 0 0 0
car 0.0 0 0 239 178 255 192 0 0 0 0 0 0 0
car 0.0 0 0 328 248 342 262 0 0 0 0 0 0 0
