car 0.0 0 0 307 314 320 323 0 0 0 0 0 0 0
car 0.0 0 0 289 312 306 321 0 0 0 0 0 0 0
car 0.0 0 0 336 194 343 206 0 0 0 0 0 0 0
car 0.0 0 0 329 195 337 205 0 0 0 0 0 0 0
car 0.0 0 0 316 195 323 205 0 0 0 0 0 0 0
car 0.0 0 0 272 188 280 203 0 0 0 0 0 0 0
car 0.416666666667 0 0 345 102 352 120 0 0 0 0 0 0 0
car 0.0 0 0 95 310 104 325 0 0 0 0 0 0 0
car 0.0 0 0 50 297 63 307 0 0 0 0 0 0 0
car 0.307692307692 0 0 0 109 9 122 0 0 0 0 0 0 0
car 0.0 0 0 3 189 11 207 0 0 0 0 0 0 0
car 0.0 0 0 91 289 100 299 0 0 0 0 0 0 0
car 0.416666666667 0 0 73 345 82 352 0 0 0 0 0 0 0
car 0.0 0 0 26 299 32 312 0 0 0 0 0 0 0
car 0.0 0 0 31 298 43 317 0 0 0 0 0 0 0
car 0.285714285714 0 0 25 0 34 15 0 0 0 0 0 0 0
car 0.0 0 0 314 107 325 124 0 0 0 0 0 0 0
car 0.0 0 0 6 321 18 335 0 0 0 0 0 0 0
car 0.0 0 0 264 28 272 44 0 0 0 0 0 0 0
car 0.0 0 0 328 101 338 117 0 0 0 0 0 0 0
car 0.2 0 0 0 341 16 352 0 0 0 0 0 0 0
car 0.0 0 0 285 99 296 118 0 0 0 0 0 0 0
car 0.0 0 0 264 91 283 99 0 0 0 0 0 0 0
car 0.0 0 0 19 318 30 337 0 0 0 0 0 0 0
car 0.0 0 0 272 26 285 47 0 0 0 0 0 0 0
