car 0.0 0 0 296 297 305 311 0 0 0 0 0 0 0
car 0.0 0 0 320 109 333 122 0 0 0 0 0 0 0
car 0.0 0 0 327 189 335 207 0 0 0 0 0 0 0
car 0.0 0 0 130 188 138 200 0 0 0 0 0 0 0
car 0.0 0 0 126 204 133 219 0 0 0 0 0 0 0
car 0.0 0 0 232 321 245 337 0 0 0 0 0 0 0
car 0.0 0 0 120 242 126 253 0 0 0 0 0 0 0
car 0.0 0 0 125 244 133 254 0 0 0 0 0 0 0
car 0.0 0 0 126 214 133 227 0 0 0 0 0 0 0
car 0.0 0 0 137 21 146 36 0 0 0 0 0 0 0
car 0.0 0 0 146 42 154 54 0 0 0 0 0 0 0
car 0.0 0 0 144 50 154 66 0 0 0 0 0 0 0
car 0.666666666667 0 0 350 299 352 312 0 0 0 0 0 0 0
car 0.0 0 0 128 62 139 77 0 0 0 0 0 0 0
car 0.761904761905 0 0 349 0 352 15 0 0 0 0 0 0 0
car 0.0 0 0 133 131 146 148 0 0 0 0 0 0 0
car 0.0 0 0 137 113 149 128 0 0 0 0 0 0 0
car 0.0 0 0 330 321 342 335 0 0 0 0 0 0 0
car 0.0 0 0 130 38 137 50 0 0 0 0 0 0 0
car 0.0 0 0 292 309 306 326 0 0 0 0 0 0 0
car 0.0 0 0 303 321 319 329 0 0 0 0 0 0 0
car 0.0 0 0 320 341 340 352 0 0 0 0 0 0 0
car 0.0 0 0 155 6 173 28 0 0 0 0 0 0 0
car 0.0 0 0 117 122 131 138 0 0 0 0 0 0 0
car 0.0 0 0 139 98 149 115 0 0 0 0 0 0 0
car 0.0 0 0 298 282 310 298 0 0 0 0 0 0 0
car 0.181818181818 0 0 343 318 352 337 0 0 0 0 0 0 0
car 0.0 0 0 289 286 299 303 0 0 0 0 0 0 0
car 0.533333333333 0 0 226 345 244 352 0 0 0 0 0 0 0
car 0.0 0 0 149 29 162 45 0 0 0 0 0 0 0
