car 0.0 0 0 233 209 242 221 0 0 0 0 0 0 0
car 0.0 0 0 231 196 241 209 0 0 0 0 0 0 0
car 0.0 0 0 293 297 301 312 0 0 0 0 0 0 0
car 0.0 0 0 283 300 290 313 0 0 0 0 0 0 0
car 0.0909090909091 0 0 191 0 225 30 0 0 0 0 0 0 0
car 0.0 0 0 142 135 150 146 0 0 0 0 0 0 0
car 0.0 0 0 141 262 149 272 0 0 0 0 0 0 0
car 0.0 0 0 244 91 253 103 0 0 0 0 0 0 0
car 0.0 0 0 221 107 237 125 0 0 0 0 0 0 0
car 0.692307692308 0 0 107 0 123 4 0 0 0 0 0 0 0
car 0.0 0 0 224 137 236 151 0 0 0 0 0 0 0
car 0.0 0 0 94 96 106 111 0 0 0 0 0 0 0
car 0.0 0 0 148 307 160 319 0 0 0 0 0 0 0
car 0.0 0 0 92 74 111 90 0 0 0 0 0 0 0
car 0.0 0 0 230 63 238 78 0 0 0 0 0 0 0
car 0.0 0 0 146 49 162 67 0 0 0 0 0 0 0
car 0.0 0 0 220 169 234 185 0 0 0 0 0 0 0
