car 0.0 0 0 255 56 271 88 0 0 0 0 0 0 0
car 0.0606060606061 0 0 191 321 225 352 0 0 0 0 0 0 0
car 0.0 0 0 107 315 123 328 0 0 0 0 0 0 0
car 0.0 0 0 168 111 185 125 0 0 0 0 0 0 0
car 0.0 0 0 115 271 132 285 0 0 0 0 0 0 0
car 0.0 0 0 108 299 121 310 0 0 0 0 0 0 0
car 0.0 0 0 138 193 150 204 0 0 0 0 0 0 0
car 0.0 0 0 174 105 188 118 0 0 0 0 0 0 0
car 0.0 0 0 129 210 144 222 0 0 0 0 0 0 0
car 0.0 0 0 113 276 131 290 0 0 0 0 0 0 0
car 0.0 0 0 128 232 141 245 0 0 0 0 0 0 0
car 0.0 0 0 132 205 149 217 0 0 0 0 0 0 0
car 0.0 0 0 164 123 179 135 0 0 0 0 0 0 0
car 0.0 0 0 129 217 143 230 0 0 0 0 0 0 0
car 0.0 0 0 286 79 296 96 0 0 0 0 0 0 0
car 0.0 0 0 118 263 132 274 0 0 0 0 0 0 0
car 0.0 0 0 217 122 229 137 0 0 0 0 0 0 0
car 0.0 0 0 140 186 154 197 0 0 0 0 0 0 0
car 0.0 0 0 137 198 149 211 0 0 0 0 0 0 0
