car 0.0 0 0 306 301 314 313 0 0 0 0 0 0 0
car 0.0 0 0 302 317 309 332 0 0 0 0 0 0 0
car 0.0 0 0 217 88 236 102 0 0 0 0 0 0 0
car 0.0 0 0 302 327 309 340 0 0 0 0 0 0 0
car 0.0 0 0 313 134 322 149 0 0 0 0 0 0 0
car 0.0 0 0 322 155 330 167 0 0 0 0 0 0 0
car 0.0 0 0 320 163 330 179 0 0 0 0 0 0 0
car 0.0 0 0 304 175 315 190 0 0 0 0 0 0 0
car 0.0 0 0 180 65 195 74 0 0 0 0 0 0 0
car 0.0 0 0 309 244 322 261 0 0 0 0 0 0 0
car 0.0 0 0 313 226 325 241 0 0 0 0 0 0 0
car 0.0 0 0 226 73 246 82 0 0 0 0 0 0 0
car 0.0 0 0 113 6 125 13 0 0 0 0 0 0 0
car 0.0 0 0 117 13 130 22 0 0 0 0 0 0 0
car 0.0 0 0 210 72 225 80 0 0 0 0 0 0 0
car 0.0 0 0 306 151 313 163 0 0 0 0 0 0 0
car 0.0 0 0 331 119 349 141 0 0 0 0 0 0 0
car 0.0 0 0 240 20 252 38 0 0 0 0 0 0 0
car 0.0 0 0 293 235 307 251 0 0 0 0 0 0 0
car 0.0 0 0 235 3 252 22 0 0 0 0 0 0 0
car 0.0 0 0 315 211 325 228 0 0 0 0 0 0 0
car 0.0 0 0 325 142 338 158 0 0 0 0 0 0 0
