car 0.0 0 0 171 314 184 323 0 0 0 0 0 0 0
car 0.0 0 0 153 312 170 321 0 0 0 0 0 0 0
car 0.0 0 0 200 194 207 206 0 0 0 0 0 0 0
car 0.0 0 0 193 195 201 205 0 0 0 0 0 0 0
car 0.0 0 0 180 195 187 205 0 0 0 0 0 0 0
car 0.0 0 0 136 188 144 203 0 0 0 0 0 0 0
car 0.0 0 0 275 165 281 180 0 0 0 0 0 0 0
car 0.0 0 0 209 102 221 120 0 0 0 0 0 0 0
car 0.0 0 0 272 100 289 109 0 0 0 0 0 0 0
car 0.0 0 0 178 107 189 124 0 0 0 0 0 0 0
car 0.0 0 0 284 40 293 56 0 0 0 0 0 0 0
car 0.0 0 0 272 90 288 98 0 0 0 0 0 0 0
car 0.0 0 0 128 28 136 44 0 0 0 0 0 0 0
car 0.0 0 0 276 39 287 57 0 0 0 0 0 0 0
car 0.0 0 0 192 101 202 117 0 0 0 0 0 0 0
car 0.0 0 0 270 83 285 90 0 0 0 0 0 0 0
car 0.0 0 0 274 103 292 115 0 0 0 0 0 0 0
car 0.0 0 0 269 95 290 104 0 0 0 0 0 0 0
car 0.0 0 0 269 39 277 56 0 0 0 0 0 0 0
car 0.0 0 0 149 99 160 118 0 0 0 0 0 0 0
car 0.0 0 0 128 91 147 99 0 0 0 0 0 0 0
car 0.0 0 0 269 69 285 78 0 0 0 0 0 0 0
car 0.0 0 0 289 39 300 55 0 0 0 0 0 0 0
car 0.0 0 0 136 26 149 47 0 0 0 0 0 0 0
car 0.0 0 0 253 107 272 126 0 0 0 0 0 0 0
