car 0.0 0 0 34 246 43 264 0 0 0 0 0 0 0
car 0.0 0 0 26 247 38 262 0 0 0 0 0 0 0
car 0.0 0 0 10 246 17 259 0 0 0 0 0 0 0
car 0.0 0 0 94 252 99 267 0 0 0 0 0 0 0
car 0.8 0 0 0 260 3 265 0 0 0 0 0 0 0
car 0.0 0 0 98 231 111 238 0 0 0 0 0 0 0
car 0.0 0 0 106 232 122 238 0 0 0 0 0 0 0
car 0.933333333333 0 0 95 0 104 1 0 0 0 0 0 0 0
car 0.0 0 0 73 21 82 33 0 0 0 0 0 0 0
car 0.0 0 0 233 122 242 136 0 0 0 0 0 0 0
car 0.0 0 0 188 265 200 282 0 0 0 0 0 0 0
car 0.0 0 0 180 148 187 163 0 0 0 0 0 0 0
car 0.0 0 0 187 110 200 130 0 0 0 0 0 0 0
car 0.0 0 0 110 214 119 234 0 0 0 0 0 0 0
car 0.0 0 0 9 230 22 239 0 0 0 0 0 0 0
car 0.933333333333 0 0 0 212 1 227 0 0 0 0 0 0 0
car 0.0 0 0 3 259 16 265 0 0 0 0 0 0 0
car 0.0 0 0 308 264 318 280 0 0 0 0 0 0 0
car 0.0 0 0 195 143 203 161 0 0 0 0 0 0 0
car 0.0 0 0 339 261 351 279 0 0 0 0 0 0 0
car 0.0 0 0 101 211 112 232 0 0 0 0 0 0 0
car 0.0 0 0 36 214 50 232 0 0 0 0 0 0 0
car 0.214285714286 0 0 6 0 18 11 0 0 0 0 0 0 0
car 0.0 0 0 222 108 234 128 0 0 0 0 0 0 0
car 0.0 0 0 103 116 119 136 0 0 0 0 0 0 0
car 0.0 0 0 237 238 251 250 0 0 0 0 0 0 0
car 0.0 0 0 21 208 33 221 0 0 0 0 0 0 0
car 0.0 0 0 318 145 331 161 0 0 0 0 0 0 0
car 0.0 0 0 290 31 305 43 0 0 0 0 0 0 0
car 0.0 0 0 114 115 126 134 0 0 0 0 0 0 0
car 0.0 0 0 187 146 195 161 0 0 0 0 0 0 0
car 0.916666666667 0 0 0 245 1 261 0 0 0 0 0 0 0
car 0.0 0 0 196 269 207 285 0 0 0 0 0 0 0
car 0.2 0 0 0 17 16 28 0 0 0 0 0 0 0
car 0.0 0 0 330 261 341 279 0 0 0 0 0 0 0
car 0.0 0 0 191 221 204 239 0 0 0 0 0 0 0
car 0.0 0 0 68 217 76 234 0 0 0 0 0 0 0
car 0.0 0 0 238 258 249 276 0 0 0 0 0 0 0
car 0.0 0 0 207 112 220 133 0 0 0 0 0 0 0
car 0.0 0 0 93 215 104 231 0 0 0 0 0 0 0
car 0.0 0 0 76 218 85 235 0 0 0 0 0 0 0
car 0.0 0 0 294 259 304 279 0 0 0 0 0 0 0
car 0.0 0 0 302 261 311 278 0 0 0 0 0 0 0
car 0.0 0 0 205 266 217 282 0 0 0 0 0 0 0
car 0.315789473684 0 0 19 0 30 13 0 0 0 0 0 0 0
car 0.0 0 0 14 194 28 205 0 0 0 0 0 0 0
car 0.538461538462 0 0 0 224 6 241 0 0 0 0 0 0 0
car 0.0 0 0 300 147 315 159 0 0 0 0 0 0 0
car 0.0 0 0 277 256 287 278 0 0 0 0 0 0 0
car 0.0 0 0 266 259 276 279 0 0 0 0 0 0 0
car 0.0 0 0 250 257 260 276 0 0 0 0 0 0 0
car 0.0 0 0 119 217 126 231 0 0 0 0 0 0 0
car 0.0 0 0 258 259 267 274 0 0 0 0 0 0 0
car 0.0 0 0 196 111 206 129 0 0 0 0 0 0 0
car 0.0 0 0 203 221 218 234 0 0 0 0 0 0 0
