car 0.0 0 0 332 161 348 170 0 0 0 0 0 0 0
car 0.0 0 0 35 261 61 272 0 0 0 0 0 0 0
car 0.0 0 0 115 239 140 251 0 0 0 0 0 0 0
car 0.0 0 0 266 187 287 199 0 0 0 0 0 0 0
car 0.0 0 0 173 214 192 226 0 0 0 0 0 0 0
car 0.176470588235 0 0 0 262 14 271 0 0 0 0 0 0 0
car 0.0 0 0 228 162 245 175 0 0 0 0 0 0 0
car 0.0 0 0 221 204 236 213 0 0 0 0 0 0 0
car 0.0 0 0 229 194 243 203 0 0 0 0 0 0 0
car 0.0 0 0 104 230 121 240 0 0 0 0 0 0 0
car 0.0 0 0 204 220 218 230 0 0 0 0 0 0 0
car 0.0 0 0 216 217 228 227 0 0 0 0 0 0 0
car 0.0 0 0 237 199 256 210 0 0 0 0 0 0 0
car 0.0 0 0 238 177 257 188 0 0 0 0 0 0 0
car 0.0 0 0 142 232 158 242 0 0 0 0 0 0 0
car 0.0 0 0 14 251 28 260 0 0 0 0 0 0 0
car 0.0 0 0 312 175 329 188 0 0 0 0 0 0 0
car 0.0 0 0 66 240 81 248 0 0 0 0 0 0 0
car 0.142857142857 0 0 0 238 12 246 0 0 0 0 0 0 0
car 0.0 0 0 104 202 120 213 0 0 0 0 0 0 0
car 0.0 0 0 136 226 150 236 0 0 0 0 0 0 0
car 0.0 0 0 87 205 105 215 0 0 0 0 0 0 0
car 0.0 0 0 34 212 47 222 0 0 0 0 0 0 0
car 0.0 0 0 148 217 163 227 0 0 0 0 0 0 0
car 0.0 0 0 161 233 175 243 0 0 0 0 0 0 0
car 0.0 0 0 45 226 60 235 0 0 0 0 0 0 0
car 0.0 0 0 205 197 226 210 0 0 0 0 0 0 0
car 0.0 0 0 42 250 55 261 0 0 0 0 0 0 0
car 0.0 0 0 290 177 306 189 0 0 0 0 0 0 0
car 0.0 0 0 92 239 107 249 0 0 0 0 0 0 0
car 0.0 0 0 157 229 170 239 0 0 0 0 0 0 0
car 0.0 0 0 192 192 207 203 0 0 0 0 0 0 0
car 0.0 0 0 191 205 207 216 0 0 0 0 0 0 0
car 0.0 0 0 145 237 162 246 0 0 0 0 0 0 0
car 0.0 0 0 188 222 204 232 0 0 0 0 0 0 0
car 0.0 0 0 157 202 171 214 0 0 0 0 0 0 0
car 0.0 0 0 304 167 323 182 0 0 0 0 0 0 0
car 0.0 0 0 202 208 221 219 0 0 0 0 0 0 0
