car 0.0 0 0 149 262 164 270 0 0 0 0 0 0 0
car 0.0 0 0 173 278 200 287 0 0 0 0 0 0 0
car 0.0 0 0 44 278 66 289 0 0 0 0 0 0 0
car 0.0 0 0 13 309 20 321 0 0 0 0 0 0 0
car 0.0 0 0 124 264 136 273 0 0 0 0 0 0 0
car 0.0 0 0 77 291 85 306 0 0 0 0 0 0 0
car 0.0 0 0 35 255 45 270 0 0 0 0 0 0 0
car 0.0 0 0 170 266 185 277 0 0 0 0 0 0 0
car 0.0 0 0 25 318 34 339 0 0 0 0 0 0 0
car 0.0 0 0 310 293 322 307 0 0 0 0 0 0 0
car 0.0 0 0 88 289 101 306 0 0 0 0 0 0 0
car 0.0 0 0 320 287 336 295 0 0 0 0 0 0 0
car 0.0 0 0 42 255 51 272 0 0 0 0 0 0 0
car 0.0 0 0 47 254 57 271 0 0 0 0 0 0 0
car 0.0 0 0 53 259 68 273 0 0 0 0 0 0 0
car 0.0 0 0 28 255 39 271 0 0 0 0 0 0 0
car 0.0 0 0 61 260 71 274 0 0 0 0 0 0 0
car 0.0 0 0 334 287 352 300 0 0 0 0 0 0 0
car 0.0 0 0 70 291 76 307 0 0 0 0 0 0 0
car 0.0 0 0 21 255 34 274 0 0 0 0 0 0 0
car 0.0 0 0 280 285 294 291 0 0 0 0 0 0 0
car 0.0 0 0 55 296 67 314 0 0 0 0 0 0 0
car 0.904761904762 0 0 272 350 285 352 0 0 0 0 0 0 0
