car 0.0 0 0 111 113 120 129 0 0 0 0 0 0 0
car 0.0 0 0 335 175 344 188 0 0 0 0 0 0 0
car 0.466666666667 0 0 302 0 309 8 0 0 0 0 0 0 0
car 0.0 0 0 268 256 282 267 0 0 0 0 0 0 0
car 0.0 0 0 300 223 311 239 0 0 0 0 0 0 0
car 0.0 0 0 296 31 302 42 0 0 0 0 0 0 0
car 0.0 0 0 301 33 309 43 0 0 0 0 0 0 0
car 0.0 0 0 302 3 309 16 0 0 0 0 0 0 0
car 0.0 0 0 108 184 123 198 0 0 0 0 0 0 0
car 0.0 0 0 112 181 128 194 0 0 0 0 0 0 0
car 0.0 0 0 145 136 159 148 0 0 0 0 0 0 0
car 0.0 0 0 148 125 165 137 0 0 0 0 0 0 0
car 0.0 0 0 141 101 155 109 0 0 0 0 0 0 0
car 0.4375 0 0 343 190 352 200 0 0 0 0 0 0 0
car 0.0 0 0 334 199 349 208 0 0 0 0 0 0 0
car 0.0 0 0 281 236 289 253 0 0 0 0 0 0 0
car 0.0 0 0 293 253 303 270 0 0 0 0 0 0 0
car 0.0 0 0 135 132 149 148 0 0 0 0 0 0 0
car 0.0 0 0 72 146 84 161 0 0 0 0 0 0 0
car 0.0 0 0 102 112 111 125 0 0 0 0 0 0 0
car 0.8125 0 0 349 178 352 188 0 0 0 0 0 0 0
car 0.0 0 0 124 122 135 136 0 0 0 0 0 0 0
car 0.0 0 0 74 120 87 134 0 0 0 0 0 0 0
car 0.0 0 0 61 149 78 164 0 0 0 0 0 0 0
car 0.0 0 0 242 175 255 186 0 0 0 0 0 0 0
car 0.0 0 0 103 111 110 127 0 0 0 0 0 0 0
car 0.0 0 0 116 119 130 133 0 0 0 0 0 0 0
car 0.0 0 0 128 126 140 143 0 0 0 0 0 0 0
