car 0.0 0 0 184 216 196 245 0 0 0 0 0 0 0
car 0.0967741935484 0 0 182 324 193 352 0 0 0 0 0 0 0
car 0.0 0 0 12 194 19 206 0 0 0 0 0 0 0
car 0.0 0 0 5 195 13 205 0 0 0 0 0 0 0
car 0.0 0 0 87 165 93 180 0 0 0 0 0 0 0
car 0.0 0 0 21 102 33 120 0 0 0 0 0 0 0
car 0.0 0 0 195 124 204 137 0 0 0 0 0 0 0
car 0.0 0 0 84 100 101 109 0 0 0 0 0 0 0
car 0.0 0 0 201 326 211 341 0 0 0 0 0 0 0
car 0.0 0 0 210 285 218 301 0 0 0 0 0 0 0
car 0.909090909091 0 0 0 107 1 124 0 0 0 0 0 0 0
car 0.0 0 0 196 135 202 147 0 0 0 0 0 0 0
car 0.0 0 0 96 40 105 56 0 0 0 0 0 0 0
car 0.0 0 0 199 21 206 34 0 0 0 0 0 0 0
car 0.0 0 0 188 35 197 49 0 0 0 0 0 0 0
car 0.0 0 0 194 17 202 31 0 0 0 0 0 0 0
car 0.0 0 0 195 59 206 79 0 0 0 0 0 0 0
car 0.0 0 0 205 63 213 79 0 0 0 0 0 0 0
car 0.0 0 0 205 107 213 124 0 0 0 0 0 0 0
car 0.0 0 0 194 108 205 125 0 0 0 0 0 0 0
car 0.0 0 0 84 90 100 98 0 0 0 0 0 0 0
car 0.0 0 0 228 237 236 247 0 0 0 0 0 0 0
car 0.0 0 0 205 255 216 271 0 0 0 0 0 0 0
car 0.0 0 0 88 39 99 57 0 0 0 0 0 0 0
car 0.0 0 0 207 230 215 240 0 0 0 0 0 0 0
car 0.0 0 0 206 79 214 92 0 0 0 0 0 0 0
car 0.0 0 0 226 221 236 236 0 0 0 0 0 0 0
car 0.0 0 0 4 101 14 117 0 0 0 0 0 0 0
car 0.0 0 0 203 137 212 152 0 0 0 0 0 0 0
car 0.0 0 0 82 83 97 90 0 0 0 0 0 0 0
car 0.0 0 0 86 103 104 115 0 0 0 0 0 0 0
car 0.933333333333 0 0 197 0 205 1 0 0 0 0 0 0 0
car 0.0 0 0 219 59 227 73 0 0 0 0 0 0 0
car 0.0 0 0 228 198 247 210 0 0 0 0 0 0 0
car 0.0 0 0 295 258 309 266 0 0 0 0 0 0 0
car 0.0 0 0 223 21 233 38 0 0 0 0 0 0 0
car 0.0 0 0 181 135 190 149 0 0 0 0 0 0 0
car 0.0 0 0 220 331 235 343 0 0 0 0 0 0 0
car 0.0 0 0 81 95 102 104 0 0 0 0 0 0 0
car 0.0 0 0 81 39 89 56 0 0 0 0 0 0 0
car 0.0714285714286 0 0 202 0 211 13 0 0 0 0 0 0 0
car 0.0 0 0 200 91 208 108 0 0 0 0 0 0 0
car 0.722222222222 0 0 220 347 233 352 0 0 0 0 0 0 0
car 0.0 0 0 283 257 295 265 0 0 0 0 0 0 0
car 0.0 0 0 182 88 191 104 0 0 0 0 0 0 0
car 0.0 0 0 190 92 197 107 0 0 0 0 0 0 0
car 0.0 0 0 206 91 216 108 0 0 0 0 0 0 0
car 0.0 0 0 204 125 211 140 0 0 0 0 0 0 0
car 0.0 0 0 275 250 293 257 0 0 0 0 0 0 0
car 0.0 0 0 81 69 97 78 0 0 0 0 0 0 0
car 0.0 0 0 210 0 218 17 0 0 0 0 0 0 0
car 0.0 0 0 325 52 341 61 0 0 0 0 0 0 0
car 0.0 0 0 211 17 220 32 0 0 0 0 0 0 0
car 0.0 0 0 214 169 224 187 0 0 0 0 0 0 0
car 0.0 0 0 232 267 241 281 0 0 0 0 0 0 0
car 0.0 0 0 101 39 112 55 0 0 0 0 0 0 0
car 0.0 0 0 238 56 250 73 0 0 0 0 0 0 0
car 0.0 0 0 187 290 196 306 0 0 0 0 0 0 0
car 0.0 0 0 189 167 197 182 0 0 0 0 0 0 0
car 0.0 0 0 229 165 241 181 0 0 0 0 0 0 0
car 0.0 0 0 65 107 84 126 0 0 0 0 0 0 0
