car 0.0 0 0 164 277 181 289 0 0 0 0 0 0 0
car 0.0 0 0 20 221 54 239 0 0 0 0 0 0 0
car 0.0 0 0 47 208 57 224 0 0 0 0 0 0 0
car 0.0 0 0 84 198 92 213 0 0 0 0 0 0 0
car 0.0 0 0 271 248 283 259 0 0 0 0 0 0 0
car 0.0 0 0 93 236 111 249 0 0 0 0 0 0 0
car 0.0 0 0 31 204 40 216 0 0 0 0 0 0 0
car 0.0 0 0 323 207 333 223 0 0 0 0 0 0 0
car 0.0 0 0 116 78 131 92 0 0 0 0 0 0 0
car 0.0 0 0 234 301 254 318 0 0 0 0 0 0 0
car 0.0 0 0 114 102 129 121 0 0 0 0 0 0 0
car 0.0 0 0 261 255 277 269 0 0 0 0 0 0 0
car 0.0 0 0 134 268 149 282 0 0 0 0 0 0 0
car 0.0 0 0 37 206 51 222 0 0 0 0 0 0 0
car 0.0 0 0 164 261 180 279 0 0 0 0 0 0 0
car 0.0 0 0 22 200 34 214 0 0 0 0 0 0 0
car 0.0 0 0 86 220 99 236 0 0 0 0 0 0 0
car 0.0 0 0 121 64 133 76 0 0 0 0 0 0 0
