car 0.0 0 0 241 64 253 100 0 0 0 0 0 0 0
car 0.0 0 0 289 287 324 297 0 0 0 0 0 0 0
car 0.0 0 0 316 295 333 302 0 0 0 0 0 0 0
car 0.0 0 0 245 15 254 31 0 0 0 0 0 0 0
car 0.0 0 0 195 165 205 178 0 0 0 0 0 0 0
car 0.0 0 0 233 42 243 57 0 0 0 0 0 0 0
car 0.0 0 0 232 75 240 89 0 0 0 0 0 0 0
car 0.0 0 0 196 41 203 55 0 0 0 0 0 0 0
car 0.0 0 0 190 111 199 126 0 0 0 0 0 0 0
car 0.0 0 0 175 105 193 114 0 0 0 0 0 0 0
car 0.0 0 0 250 106 258 122 0 0 0 0 0 0 0
car 0.0 0 0 255 256 270 270 0 0 0 0 0 0 0
car 0.461538461538 0 0 199 345 206 352 0 0 0 0 0 0 0
car 0.214285714286 0 0 194 341 202 352 0 0 0 0 0 0 0
car 0.0 0 0 327 257 341 264 0 0 0 0 0 0 0
car 0.25 0 0 0 287 12 295 0 0 0 0 0 0 0
car 0.0 0 0 234 27 243 40 0 0 0 0 0 0 0
car 0.0 0 0 230 144 238 157 0 0 0 0 0 0 0
car 0.0 0 0 218 136 225 148 0 0 0 0 0 0 0
car 0.0 0 0 241 187 249 203 0 0 0 0 0 0 0
car 0.0 0 0 229 224 237 238 0 0 0 0 0 0 0
car 0.0 0 0 237 165 244 178 0 0 0 0 0 0 0
car 0.0 0 0 187 57 201 66 0 0 0 0 0 0 0
car 0.0 0 0 191 89 199 100 0 0 0 0 0 0 0
car 0.0 0 0 48 297 59 312 0 0 0 0 0 0 0
car 0.0 0 0 214 98 221 109 0 0 0 0 0 0 0
car 0.0 0 0 215 118 224 134 0 0 0 0 0 0 0
car 0.0 0 0 221 244 232 258 0 0 0 0 0 0 0
car 0.0 0 0 41 292 53 310 0 0 0 0 0 0 0
car 0.0 0 0 74 299 81 314 0 0 0 0 0 0 0
car 0.0 0 0 168 62 183 72 0 0 0 0 0 0 0
car 0.0 0 0 168 89 178 106 0 0 0 0 0 0 0
car 0.0 0 0 244 222 254 237 0 0 0 0 0 0 0
car 0.0 0 0 177 112 193 121 0 0 0 0 0 0 0
car 0.0 0 0 251 124 258 139 0 0 0 0 0 0 0
car 0.0 0 0 210 153 218 163 0 0 0 0 0 0 0
car 0.0 0 0 229 122 237 139 0 0 0 0 0 0 0
car 0.0 0 0 242 238 252 254 0 0 0 0 0 0 0
car 0.0 0 0 197 310 205 325 0 0 0 0 0 0 0
car 0.0 0 0 56 299 66 313 0 0 0 0 0 0 0
car 0.0 0 0 204 174 212 192 0 0 0 0 0 0 0
car 0.588235294118 0 0 223 345 233 352 0 0 0 0 0 0 0
car 0.0 0 0 238 221 246 237 0 0 0 0 0 0 0
car 0.0 0 0 244 150 251 165 0 0 0 0 0 0 0
car 0.0 0 0 202 323 211 337 0 0 0 0 0 0 0
car 0.0 0 0 10 287 28 300 0 0 0 0 0 0 0
car 0.0 0 0 270 289 286 301 0 0 0 0 0 0 0
car 0.0 0 0 203 41 212 57 0 0 0 0 0 0 0
car 0.0 0 0 250 46 257 62 0 0 0 0 0 0 0
car 0.0 0 0 202 145 210 157 0 0 0 0 0 0 0
car 0.0 0 0 273 250 287 262 0 0 0 0 0 0 0
car 0.0 0 0 279 270 297 277 0 0 0 0 0 0 0
car 0.0 0 0 251 20 260 34 0 0 0 0 0 0 0
car 0.0 0 0 191 99 199 112 0 0 0 0 0 0 0
car 0.0 0 0 198 100 208 116 0 0 0 0 0 0 0
car 0.0 0 0 251 156 258 168 0 0 0 0 0 0 0
car 0.0 0 0 307 267 320 276 0 0 0 0 0 0 0
car 0.0 0 0 291 293 305 300 0 0 0 0 0 0 0
car 0.0 0 0 200 17 210 35 0 0 0 0 0 0 0
car 0.0 0 0 230 98 239 115 0 0 0 0 0 0 0
car 0.0 0 0 233 57 243 74 0 0 0 0 0 0 0
car 0.0 0 0 210 324 218 341 0 0 0 0 0 0 0
car 0.266666666667 0 0 211 341 220 352 0 0 0 0 0 0 0
car 0.0 0 0 242 3 251 19 0 0 0 0 0 0 0
car 0.0 0 0 168 71 183 77 0 0 0 0 0 0 0
car 0.0 0 0 251 238 262 253 0 0 0 0 0 0 0
car 0.0 0 0 229 269 246 284 0 0 0 0 0 0 0
car 0.0 0 0 197 86 208 101 0 0 0 0 0 0 0
car 0.0 0 0 191 124 198 135 0 0 0 0 0 0 0
car 0.0 0 0 251 140 259 153 0 0 0 0 0 0 0
car 0.0 0 0 251 304 268 313 0 0 0 0 0 0 0
car 0.0 0 0 253 6 262 21 0 0 0 0 0 0 0
car 0.0 0 0 166 76 181 84 0 0 0 0 0 0 0
car 0.0 0 0 177 98 194 107 0 0 0 0 0 0 0
car 0.0 0 0 214 168 224 184 0 0 0 0 0 0 0
