car 0.0 0 0 274 344 287 351 0 0 0 0 0 0 0
car 0.0 0 0 282 345 298 351 0 0 0 0 0 0 0
car 0.0 0 0 148 86 157 100 0 0 0 0 0 0 0
car 0.0 0 0 271 99 280 114 0 0 0 0 0 0 0
car 0.0 0 0 226 86 239 96 0 0 0 0 0 0 0
car 0.0 0 0 11 175 20 188 0 0 0 0 0 0 0
car 0.0 0 0 54 179 63 193 0 0 0 0 0 0 0
car 0.0 0 0 37 183 49 191 0 0 0 0 0 0 0
car 0.0 0 0 267 78 276 88 0 0 0 0 0 0 0
car 0.0 0 0 71 147 86 157 0 0 0 0 0 0 0
car 0.0 0 0 71 172 88 182 0 0 0 0 0 0 0
car 0.0 0 0 43 164 58 172 0 0 0 0 0 0 0
car 0.0 0 0 84 110 97 126 0 0 0 0 0 0 0
car 0.0 0 0 19 190 35 200 0 0 0 0 0 0 0
car 0.0 0 0 10 199 25 208 0 0 0 0 0 0 0
car 0.0 0 0 249 134 258 146 0 0 0 0 0 0 0
car 0.0 0 0 202 88 208 101 0 0 0 0 0 0 0
car 0.0 0 0 37 173 55 187 0 0 0 0 0 0 0
car 0.0 0 0 207 87 219 106 0 0 0 0 0 0 0
car 0.0 0 0 286 327 295 347 0 0 0 0 0 0 0
car 0.0 0 0 162 325 177 340 0 0 0 0 0 0 0
car 0.0 0 0 121 323 133 338 0 0 0 0 0 0 0
car 0.0 0 0 277 324 288 345 0 0 0 0 0 0 0
car 0.0 0 0 46 145 66 160 0 0 0 0 0 0 0
car 0.0 0 0 71 178 92 190 0 0 0 0 0 0 0
car 0.0 0 0 212 327 226 345 0 0 0 0 0 0 0
car 0.0 0 0 182 110 194 124 0 0 0 0 0 0 0
car 0.0 0 0 279 229 295 249 0 0 0 0 0 0 0
car 0.0 0 0 45 158 66 168 0 0 0 0 0 0 0
car 0.0 0 0 25 178 41 188 0 0 0 0 0 0 0
car 0.0 0 0 197 321 209 334 0 0 0 0 0 0 0
car 0.0 0 0 146 323 160 338 0 0 0 0 0 0 0
car 0.0 0 0 135 322 151 342 0 0 0 0 0 0 0
car 0.0 0 0 144 98 158 115 0 0 0 0 0 0 0
car 0.0 0 0 290 228 302 247 0 0 0 0 0 0 0
car 0.0 0 0 155 110 171 118 0 0 0 0 0 0 0
car 0.0 0 0 172 130 192 141 0 0 0 0 0 0 0
car 0.0 0 0 244 330 252 347 0 0 0 0 0 0 0
car 0.0 0 0 269 328 280 344 0 0 0 0 0 0 0
car 0.0 0 0 252 331 261 348 0 0 0 0 0 0 0
car 0.0 0 0 151 335 164 351 0 0 0 0 0 0 0
car 0.0 0 0 150 71 162 87 0 0 0 0 0 0 0
car 0.0 0 0 131 324 143 339 0 0 0 0 0 0 0
car 0.0 0 0 113 322 127 337 0 0 0 0 0 0 0
car 0.0 0 0 36 190 54 202 0 0 0 0 0 0 0
car 0.0 0 0 195 107 206 126 0 0 0 0 0 0 0
car 0.0 0 0 190 307 204 318 0 0 0 0 0 0 0
car 0.0 0 0 295 330 302 344 0 0 0 0 0 0 0
car 0.0 0 0 141 75 151 92 0 0 0 0 0 0 0
car 0.0 0 0 78 134 96 149 0 0 0 0 0 0 0
