car 0.0 0 0 337 309 344 321 0 0 0 0 0 0 0
car 0.0 0 0 283 305 290 317 0 0 0 0 0 0 0
car 0.0 0 0 253 307 262 322 0 0 0 0 0 0 0
car 0.0 0 0 41 299 60 313 0 0 0 0 0 0 0
car 0.0 0 0 63 168 72 181 0 0 0 0 0 0 0
car 0.533333333333 0 0 137 345 146 352 0 0 0 0 0 0 0
car 0.0 0 0 18 70 36 79 0 0 0 0 0 0 0
car 0.0 0 0 39 89 52 107 0 0 0 0 0 0 0
car 0.0 0 0 4 276 19 285 0 0 0 0 0 0 0
car 0.666666666667 0 0 349 318 352 339 0 0 0 0 0 0 0
car 0.0 0 0 17 20 34 29 0 0 0 0 0 0 0
car 0.0 0 0 50 284 70 293 0 0 0 0 0 0 0
car 0.0 0 0 34 283 49 291 0 0 0 0 0 0 0
car 0.0 0 0 155 330 173 352 0 0 0 0 0 0 0
car 0.0 0 0 64 231 76 249 0 0 0 0 0 0 0
car 0.0 0 0 20 34 36 46 0 0 0 0 0 0 0
car 0.0 0 0 59 214 76 233 0 0 0 0 0 0 0
car 0.0 0 0 16 61 36 71 0 0 0 0 0 0 0
car 0.461538461538 0 0 345 255 352 274 0 0 0 0 0 0 0
car 0.0 0 0 38 62 49 75 0 0 0 0 0 0 0
car 0.0 0 0 244 282 264 292 0 0 0 0 0 0 0
car 0.0 0 0 18 10 35 21 0 0 0 0 0 0 0
car 0.0 0 0 18 76 35 86 0 0 0 0 0 0 0
