car 0.0 0 0 239 281 248 294 0 0 0 0 0 0 0
car 0.0 0 0 194 183 212 192 0 0 0 0 0 0 0
car 0.0 0 0 40 72 53 90 0 0 0 0 0 0 0
car 0.0 0 0 215 202 228 220 0 0 0 0 0 0 0
car 0.0 0 0 212 105 224 119 0 0 0 0 0 0 0
car 0.0 0 0 193 133 210 142 0 0 0 0 0 0 0
car 0.0 0 0 97 58 110 75 0 0 0 0 0 0 0
car 0.0 0 0 67 59 88 70 0 0 0 0 0 0 0
car 0.1 0 0 0 207 9 223 0 0 0 0 0 0 0
car 0.0 0 0 97 33 112 41 0 0 0 0 0 0 0
car 0.0 0 0 101 300 110 319 0 0 0 0 0 0 0
car 0.0 0 0 113 330 125 337 0 0 0 0 0 0 0
car 0.0 0 0 117 337 130 346 0 0 0 0 0 0 0
car 0.0 0 0 96 39 115 50 0 0 0 0 0 0 0
car 0.0 0 0 84 54 100 72 0 0 0 0 0 0 0
car 0.0 0 0 67 51 86 61 0 0 0 0 0 0 0
car 0.555555555556 0 0 240 344 252 352 0 0 0 0 0 0 0
car 0.0 0 0 196 147 212 159 0 0 0 0 0 0 0
car 0.0 0 0 235 327 252 346 0 0 0 0 0 0 0
car 0.0 0 0 192 174 212 184 0 0 0 0 0 0 0
car 0.0 0 0 227 7 241 25 0 0 0 0 0 0 0
car 0.0 0 0 214 175 225 188 0 0 0 0 0 0 0
car 0.0 0 0 64 38 85 50 0 0 0 0 0 0 0
car 0.0 0 0 80 73 103 82 0 0 0 0 0 0 0
car 0.0 0 0 109 56 119 75 0 0 0 0 0 0 0
car 0.0 0 0 66 47 83 54 0 0 0 0 0 0 0
car 0.0 0 0 194 123 211 134 0 0 0 0 0 0 0
car 0.0 0 0 194 189 211 199 0 0 0 0 0 0 0
