car 0.0 0 0 48 216 60 245 0 0 0 0 0 0 0
car 0.0967741935484 0 0 46 324 57 352 0 0 0 0 0 0 0
car 0.0 0 0 203 71 218 79 0 0 0 0 0 0 0
car 0.0 0 0 59 124 68 137 0 0 0 0 0 0 0
car 0.0 0 0 243 217 256 231 0 0 0 0 0 0 0
car 0.0 0 0 65 326 75 341 0 0 0 0 0 0 0
car 0.0 0 0 74 285 82 301 0 0 0 0 0 0 0
car 0.0 0 0 235 226 252 241 0 0 0 0 0 0 0
car 0.0 0 0 276 228 291 236 0 0 0 0 0 0 0
car 0.0 0 0 306 231 325 243 0 0 0 0 0 0 0
car 0.0 0 0 60 135 66 147 0 0 0 0 0 0 0
car 0.0 0 0 237 238 251 247 0 0 0 0 0 0 0
car 0.0 0 0 63 21 70 34 0 0 0 0 0 0 0
car 0.0 0 0 52 35 61 49 0 0 0 0 0 0 0
car 0.0 0 0 243 210 255 221 0 0 0 0 0 0 0
car 0.0 0 0 58 17 66 31 0 0 0 0 0 0 0
car 0.0 0 0 59 59 70 79 0 0 0 0 0 0 0
car 0.0 0 0 69 63 77 79 0 0 0 0 0 0 0
car 0.0 0 0 69 107 77 124 0 0 0 0 0 0 0
car 0.0 0 0 58 108 69 125 0 0 0 0 0 0 0
car 0.0 0 0 92 237 100 247 0 0 0 0 0 0 0
car 0.0 0 0 69 255 80 271 0 0 0 0 0 0 0
car 0.0 0 0 71 230 79 240 0 0 0 0 0 0 0
car 0.0 0 0 222 217 234 234 0 0 0 0 0 0 0
car 0.0 0 0 271 240 285 250 0 0 0 0 0 0 0
car 0.0 0 0 70 79 78 92 0 0 0 0 0 0 0
car 0.0 0 0 90 221 100 236 0 0 0 0 0 0 0
car 0.0 0 0 67 137 76 152 0 0 0 0 0 0 0
car 0.0 0 0 245 202 262 212 0 0 0 0 0 0 0
car 0.0 0 0 274 223 292 231 0 0 0 0 0 0 0
car 0.933333333333 0 0 61 0 69 1 0 0 0 0 0 0 0
car 0.0 0 0 83 59 91 73 0 0 0 0 0 0 0
car 0.0 0 0 92 198 111 210 0 0 0 0 0 0 0
car 0.0 0 0 159 258 173 266 0 0 0 0 0 0 0
car 0.0 0 0 87 21 97 38 0 0 0 0 0 0 0
car 0.0 0 0 45 135 54 149 0 0 0 0 0 0 0
car 0.0 0 0 84 331 99 343 0 0 0 0 0 0 0
car 0.0714285714286 0 0 66 0 75 13 0 0 0 0 0 0 0
car 0.0 0 0 64 91 72 108 0 0 0 0 0 0 0
car 0.722222222222 0 0 84 347 97 352 0 0 0 0 0 0 0
car 0.0 0 0 147 257 159 265 0 0 0 0 0 0 0
car 0.0 0 0 222 200 232 216 0 0 0 0 0 0 0
car 0.0 0 0 46 88 55 104 0 0 0 0 0 0 0
car 0.0 0 0 54 92 61 107 0 0 0 0 0 0 0
car 0.0 0 0 70 91 80 108 0 0 0 0 0 0 0
car 0.0 0 0 68 125 75 140 0 0 0 0 0 0 0
car 0.0 0 0 139 250 157 257 0 0 0 0 0 0 0
car 0.0 0 0 74 0 82 17 0 0 0 0 0 0 0
car 0.0 0 0 254 225 266 242 0 0 0 0 0 0 0
car 0.0 0 0 189 52 205 61 0 0 0 0 0 0 0
car 0.0 0 0 75 17 84 32 0 0 0 0 0 0 0
car 0.0 0 0 78 169 88 187 0 0 0 0 0 0 0
car 0.0 0 0 96 267 105 281 0 0 0 0 0 0 0
car 0.0 0 0 266 247 284 256 0 0 0 0 0 0 0
car 0.0 0 0 102 56 114 73 0 0 0 0 0 0 0
car 0.0 0 0 51 290 60 306 0 0 0 0 0 0 0
car 0.0 0 0 53 167 61 182 0 0 0 0 0 0 0
car 0.0 0 0 93 165 105 181 0 0 0 0 0 0 0
car 0.0 0 0 273 237 290 243 0 0 0 0 0 0 0
