car 0.0 0 0 105 64 117 100 0 0 0 0 0 0 0
car 0.0 0 0 153 287 188 297 0 0 0 0 0 0 0
car 0.0 0 0 180 295 197 302 0 0 0 0 0 0 0
car 0.0 0 0 221 287 239 297 0 0 0 0 0 0 0
car 0.0 0 0 109 15 118 31 0 0 0 0 0 0 0
car 0.0 0 0 59 165 69 178 0 0 0 0 0 0 0
car 0.0 0 0 321 262 338 271 0 0 0 0 0 0 0
car 0.0 0 0 97 42 107 57 0 0 0 0 0 0 0
car 0.0 0 0 258 237 273 248 0 0 0 0 0 0 0
car 0.0 0 0 96 75 104 89 0 0 0 0 0 0 0
car 0.0 0 0 207 283 223 292 0 0 0 0 0 0 0
car 0.0 0 0 60 41 67 55 0 0 0 0 0 0 0
car 0.0 0 0 54 111 63 126 0 0 0 0 0 0 0
car 0.0 0 0 39 105 57 114 0 0 0 0 0 0 0
car 0.0 0 0 114 106 122 122 0 0 0 0 0 0 0
car 0.0 0 0 119 256 134 270 0 0 0 0 0 0 0
car 0.0 0 0 272 265 288 274 0 0 0 0 0 0 0
car 0.461538461538 0 0 63 345 70 352 0 0 0 0 0 0 0
car 0.214285714286 0 0 58 341 66 352 0 0 0 0 0 0 0
car 0.0 0 0 191 257 205 264 0 0 0 0 0 0 0
car 0.0 0 0 98 27 107 40 0 0 0 0 0 0 0
car 0.0 0 0 94 144 102 157 0 0 0 0 0 0 0
car 0.0 0 0 82 136 89 148 0 0 0 0 0 0 0
car 0.0 0 0 105 187 113 203 0 0 0 0 0 0 0
car 0.0 0 0 93 224 101 238 0 0 0 0 0 0 0
car 0.0 0 0 101 165 108 178 0 0 0 0 0 0 0
car 0.0 0 0 51 57 65 66 0 0 0 0 0 0 0
car 0.0 0 0 55 89 63 100 0 0 0 0 0 0 0
car 0.0 0 0 78 98 85 109 0 0 0 0 0 0 0
car 0.0 0 0 79 118 88 134 0 0 0 0 0 0 0
car 0.0 0 0 85 244 96 258 0 0 0 0 0 0 0
car 0.0 0 0 338 251 352 260 0 0 0 0 0 0 0
car 0.0 0 0 32 62 47 72 0 0 0 0 0 0 0
car 0.0 0 0 32 89 42 106 0 0 0 0 0 0 0
car 0.0 0 0 108 222 118 237 0 0 0 0 0 0 0
car 0.0 0 0 41 112 57 121 0 0 0 0 0 0 0
car 0.0 0 0 208 277 219 284 0 0 0 0 0 0 0
car 0.0 0 0 297 259 316 270 0 0 0 0 0 0 0
car 0.0 0 0 115 124 122 139 0 0 0 0 0 0 0
car 0.0 0 0 322 238 336 246 0 0 0 0 0 0 0
car 0.0 0 0 74 153 82 163 0 0 0 0 0 0 0
car 0.0 0 0 93 122 101 139 0 0 0 0 0 0 0
car 0.0 0 0 106 238 116 254 0 0 0 0 0 0 0
car 0.0 0 0 61 310 69 325 0 0 0 0 0 0 0
car 0.0 0 0 68 174 76 192 0 0 0 0 0 0 0
car 0.588235294118 0 0 87 345 97 352 0 0 0 0 0 0 0
car 0.0 0 0 102 221 110 237 0 0 0 0 0 0 0
car 0.0 0 0 224 273 242 284 0 0 0 0 0 0 0
car 0.0 0 0 108 150 115 165 0 0 0 0 0 0 0
car 0.0 0 0 66 323 75 337 0 0 0 0 0 0 0
car 0.0 0 0 134 289 150 301 0 0 0 0 0 0 0
car 0.0 0 0 67 41 76 57 0 0 0 0 0 0 0
car 0.0 0 0 114 46 121 62 0 0 0 0 0 0 0
car 0.0 0 0 66 145 74 157 0 0 0 0 0 0 0
car 0.0 0 0 262 273 279 281 0 0 0 0 0 0 0
car 0.0 0 0 137 250 151 262 0 0 0 0 0 0 0
car 0.0 0 0 249 269 262 278 0 0 0 0 0 0 0
car 0.0 0 0 143 270 161 277 0 0 0 0 0 0 0
car 0.0 0 0 115 20 124 34 0 0 0 0 0 0 0
car 0.0 0 0 55 99 63 112 0 0 0 0 0 0 0
car 0.0 0 0 62 100 72 116 0 0 0 0 0 0 0
car 0.0 0 0 115 156 122 168 0 0 0 0 0 0 0
car 0.0 0 0 171 267 184 276 0 0 0 0 0 0 0
car 0.0 0 0 155 293 169 300 0 0 0 0 0 0 0
car 0.0 0 0 64 17 74 35 0 0 0 0 0 0 0
car 0.0 0 0 94 98 103 115 0 0 0 0 0 0 0
car 0.0 0 0 97 57 107 74 0 0 0 0 0 0 0
car 0.0 0 0 74 324 82 341 0 0 0 0 0 0 0
car 0.266666666667 0 0 75 341 84 352 0 0 0 0 0 0 0
car 0.0 0 0 106 3 115 19 0 0 0 0 0 0 0
car 0.0 0 0 32 71 47 77 0 0 0 0 0 0 0
car 0.0 0 0 115 238 126 253 0 0 0 0 0 0 0
car 0.0 0 0 93 269 110 284 0 0 0 0 0 0 0
car 0.0 0 0 295 238 310 249 0 0 0 0 0 0 0
car 0.0 0 0 61 86 72 101 0 0 0 0 0 0 0
car 0.0 0 0 55 124 62 135 0 0 0 0 0 0 0
car 0.0 0 0 115 140 123 153 0 0 0 0 0 0 0
car 0.0 0 0 115 304 132 313 0 0 0 0 0 0 0
car 0.0 0 0 271 291 282 301 0 0 0 0 0 0 0
car 0.0 0 0 117 6 126 21 0 0 0 0 0 0 0
car 0.0 0 0 30 76 45 84 0 0 0 0 0 0 0
car 0.0 0 0 41 98 58 107 0 0 0 0 0 0 0
car 0.0 0 0 78 168 88 184 0 0 0 0 0 0 0
