car 0.0 0 0 339 168 348 186 0 0 0 0 0 0 0
car 0.0 0 0 118 297 129 314 0 0 0 0 0 0 0
car 0.0 0 0 65 155 80 163 0 0 0 0 0 0 0
car 0.0 0 0 308 337 316 350 0 0 0 0 0 0 0
car 0.0 0 0 271 327 281 340 0 0 0 0 0 0 0
car 0.0 0 0 264 327 272 341 0 0 0 0 0 0 0
car 0.0 0 0 317 342 335 352 0 0 0 0 0 0 0
car 0.0 0 0 121 214 129 227 0 0 0 0 0 0 0
car 0.0 0 0 65 176 78 184 0 0 0 0 0 0 0
car 0.0 0 0 116 248 126 262 0 0 0 0 0 0 0
car 0.0 0 0 80 150 90 168 0 0 0 0 0 0 0
car 0.0 0 0 124 187 135 199 0 0 0 0 0 0 0
car 0.947368421053 0 0 0 231 1 243 0 0 0 0 0 0 0
car 0.0 0 0 154 125 165 143 0 0 0 0 0 0 0
car 0.0 0 0 95 170 110 180 0 0 0 0 0 0 0
car 0.0 0 0 95 175 112 185 0 0 0 0 0 0 0
car 0.0 0 0 115 235 125 251 0 0 0 0 0 0 0
car 0.0 0 0 125 155 141 170 0 0 0 0 0 0 0
car 0.0 0 0 179 124 189 142 0 0 0 0 0 0 0
car 0.0 0 0 124 176 136 190 0 0 0 0 0 0 0
car 0.0 0 0 167 124 177 140 0 0 0 0 0 0 0
car 0.0 0 0 161 124 170 139 0 0 0 0 0 0 0
car 0.0 0 0 148 124 160 140 0 0 0 0 0 0 0
car 0.0 0 0 56 167 74 178 0 0 0 0 0 0 0
car 0.0 0 0 68 184 82 195 0 0 0 0 0 0 0
car 0.0 0 0 111 265 121 280 0 0 0 0 0 0 0
