car 0.0 0 0 264 158 272 171 0 0 0 0 0 0 0
car 0.0 0 0 97 122 106 136 0 0 0 0 0 0 0
car 0.0 0 0 52 265 64 282 0 0 0 0 0 0 0
car 0.0 0 0 44 148 51 163 0 0 0 0 0 0 0
car 0.0 0 0 51 110 64 130 0 0 0 0 0 0 0
car 0.0 0 0 172 264 182 280 0 0 0 0 0 0 0
car 0.0 0 0 227 265 236 278 0 0 0 0 0 0 0
car 0.0 0 0 59 143 67 161 0 0 0 0 0 0 0
car 0.0 0 0 203 261 215 279 0 0 0 0 0 0 0
car 0.0 0 0 219 264 229 279 0 0 0 0 0 0 0
car 0.0 0 0 238 272 254 288 0 0 0 0 0 0 0
car 0.0 0 0 86 108 98 128 0 0 0 0 0 0 0
car 0.0 0 0 253 132 269 143 0 0 0 0 0 0 0
car 0.0 0 0 101 238 115 250 0 0 0 0 0 0 0
car 0.0 0 0 182 145 195 161 0 0 0 0 0 0 0
car 0.0 0 0 154 31 169 43 0 0 0 0 0 0 0
car 0.0 0 0 51 146 59 161 0 0 0 0 0 0 0
car 0.0 0 0 60 269 71 285 0 0 0 0 0 0 0
car 0.0 0 0 194 261 205 279 0 0 0 0 0 0 0
car 0.0 0 0 55 221 68 239 0 0 0 0 0 0 0
car 0.0 0 0 102 258 113 276 0 0 0 0 0 0 0
car 0.0 0 0 241 151 257 161 0 0 0 0 0 0 0
car 0.0 0 0 71 112 84 133 0 0 0 0 0 0 0
car 0.0 0 0 158 259 168 279 0 0 0 0 0 0 0
car 0.0 0 0 166 261 175 278 0 0 0 0 0 0 0
car 0.0 0 0 69 266 81 282 0 0 0 0 0 0 0
car 0.0 0 0 164 147 179 159 0 0 0 0 0 0 0
car 0.0 0 0 141 256 151 278 0 0 0 0 0 0 0
car 0.0 0 0 130 259 140 279 0 0 0 0 0 0 0
car 0.0 0 0 114 257 124 276 0 0 0 0 0 0 0
car 0.0 0 0 122 259 131 274 0 0 0 0 0 0 0
car 0.75 0 0 350 111 352 123 0 0 0 0 0 0 0
car 0.0 0 0 60 111 70 129 0 0 0 0 0 0 0
car 0.0 0 0 67 221 82 234 0 0 0 0 0 0 0
