car 0.0 0 0 50 312 57 324 0 0 0 0 0 0 0
car 0.0 0 0 72 247 85 261 0 0 0 0 0 0 0
car 0.0 0 0 46 0 57 31 0 0 0 0 0 0 0
car 0.0 0 0 73 46 82 64 0 0 0 0 0 0 0
car 0.0 0 0 77 173 87 185 0 0 0 0 0 0 0
car 0.0 0 0 34 258 44 274 0 0 0 0 0 0 0
car 0.0 0 0 53 255 58 263 0 0 0 0 0 0 0
car 0.0 0 0 65 2 75 17 0 0 0 0 0 0 0
car 0.0 0 0 128 78 139 91 0 0 0 0 0 0 0
car 0.0 0 0 82 42 95 60 0 0 0 0 0 0 0
car 0.0 0 0 80 146 91 162 0 0 0 0 0 0 0
car 0.0 0 0 34 121 43 136 0 0 0 0 0 0 0
car 0.0 0 0 39 135 49 147 0 0 0 0 0 0 0
car 0.0 0 0 80 130 89 143 0 0 0 0 0 0 0
car 0.0 0 0 111 105 127 115 0 0 0 0 0 0 0
car 0.0 0 0 57 188 70 204 0 0 0 0 0 0 0
car 0.0 0 0 41 175 54 191 0 0 0 0 0 0 0
car 0.0 0 0 44 102 55 117 0 0 0 0 0 0 0
car 0.0 0 0 85 75 96 87 0 0 0 0 0 0 0
car 0.0 0 0 84 7 99 19 0 0 0 0 0 0 0
car 0.0 0 0 136 78 146 95 0 0 0 0 0 0 0
car 0.0 0 0 144 80 155 96 0 0 0 0 0 0 0
car 0.0 0 0 85 61 93 76 0 0 0 0 0 0 0
car 0.0 0 0 84 23 97 41 0 0 0 0 0 0 0
car 0.0 0 0 60 58 71 72 0 0 0 0 0 0 0
car 0.0 0 0 127 91 137 101 0 0 0 0 0 0 0
car 0.0 0 0 83 88 94 102 0 0 0 0 0 0 0
car 0.0 0 0 50 226 60 240 0 0 0 0 0 0 0
car 0.0 0 0 60 123 71 143 0 0 0 0 0 0 0
car 0.0 0 0 95 92 110 109 0 0 0 0 0 0 0
car 0.0 0 0 26 111 34 123 0 0 0 0 0 0 0
