car 0.0 0 0 327 230 342 239 0 0 0 0 0 0 0
car 0.0 0 0 321 216 334 224 0 0 0 0 0 0 0
car 0.0 0 0 240 277 253 285 0 0 0 0 0 0 0
car 0.0 0 0 93 262 103 268 0 0 0 0 0 0 0
car 0.0 0 0 147 248 156 254 0 0 0 0 0 0 0
car 0.0 0 0 120 258 142 270 0 0 0 0 0 0 0
car 0.0 0 0 269 258 287 267 0 0 0 0 0 0 0
car 0.0 0 0 241 316 262 324 0 0 0 0 0 0 0
car 0.0 0 0 217 297 236 307 0 0 0 0 0 0 0
car 0.181818181818 0 0 124 343 142 352 0 0 0 0 0 0 0
car 0.0 0 0 280 307 297 316 0 0 0 0 0 0 0
car 0.0 0 0 64 305 82 313 0 0 0 0 0 0 0
car 0.0 0 0 215 275 227 282 0 0 0 0 0 0 0
car 0.0 0 0 266 138 283 150 0 0 0 0 0 0 0
car 0.0 0 0 233 257 247 265 0 0 0 0 0 0 0
car 0.0 0 0 77 295 94 303 0 0 0 0 0 0 0
car 0.0 0 0 99 185 114 193 0 0 0 0 0 0 0
car 0.0 0 0 120 300 133 306 0 0 0 0 0 0 0
car 0.0 0 0 0 231 15 238 0 0 0 0 0 0 0
car 0.0 0 0 173 326 189 340 0 0 0 0 0 0 0
car 0.0 0 0 185 303 203 311 0 0 0 0 0 0 0
car 0.0 0 0 162 284 177 292 0 0 0 0 0 0 0
car 0.0 0 0 172 154 186 164 0 0 0 0 0 0 0
car 0.0 0 0 254 289 274 299 0 0 0 0 0 0 0
car 0.0 0 0 264 214 281 223 0 0 0 0 0 0 0
car 0.0 0 0 154 302 171 310 0 0 0 0 0 0 0
car 0.0 0 0 148 287 162 295 0 0 0 0 0 0 0
car 0.0 0 0 153 167 167 174 0 0 0 0 0 0 0
car 0.0 0 0 210 146 224 157 0 0 0 0 0 0 0
car 0.0 0 0 205 247 218 258 0 0 0 0 0 0 0
car 0.0 0 0 261 249 280 260 0 0 0 0 0 0 0
car 0.0 0 0 296 119 313 133 0 0 0 0 0 0 0
car 0.0 0 0 194 282 212 292 0 0 0 0 0 0 0
car 0.0 0 0 296 241 310 250 0 0 0 0 0 0 0
car 0.0 0 0 48 312 65 322 0 0 0 0 0 0 0
car 0.0 0 0 142 280 159 287 0 0 0 0 0 0 0
car 0.0 0 0 69 189 81 203 0 0 0 0 0 0 0
car 0.0 0 0 243 149 258 160 0 0 0 0 0 0 0
car 0.0 0 0 185 157 201 163 0 0 0 0 0 0 0
car 0.0 0 0 141 192 156 204 0 0 0 0 0 0 0
car 0.0 0 0 211 226 227 235 0 0 0 0 0 0 0
car 0.0 0 0 125 268 140 276 0 0 0 0 0 0 0
car 0.0 0 0 13 306 29 315 0 0 0 0 0 0 0
car 0.0 0 0 192 78 204 92 0 0 0 0 0 0 0
car 0.0 0 0 247 209 263 219 0 0 0 0 0 0 0
car 0.0 0 0 257 233 273 242 0 0 0 0 0 0 0
car 0.0 0 0 265 310 280 319 0 0 0 0 0 0 0
car 0.5625 0 0 0 293 7 302 0 0 0 0 0 0 0
car 0.0 0 0 227 160 244 169 0 0 0 0 0 0 0
car 0.0 0 0 176 289 191 297 0 0 0 0 0 0 0
car 0.0 0 0 51 258 61 264 0 0 0 0 0 0 0
car 0.0 0 0 32 190 53 199 0 0 0 0 0 0 0
car 0.0 0 0 107 286 121 297 0 0 0 0 0 0 0
car 0.0 0 0 251 284 271 290 0 0 0 0 0 0 0
car 0.0 0 0 209 163 223 169 0 0 0 0 0 0 0
car 0.0 0 0 307 191 319 198 0 0 0 0 0 0 0
car 0.0 0 0 155 175 171 182 0 0 0 0 0 0 0
car 0.0 0 0 84 187 99 199 0 0 0 0 0 0 0
car 0.0 0 0 172 271 193 280 0 0 0 0 0 0 0
car 0.6 0 0 0 318 6 325 0 0 0 0 0 0 0
car 0.0 0 0 241 263 255 271 0 0 0 0 0 0 0
car 0.0 0 0 84 309 99 316 0 0 0 0 0 0 0
car 0.125 0 0 0 323 14 331 0 0 0 0 0 0 0
car 0.0 0 0 137 166 152 175 0 0 0 0 0 0 0
car 0.0 0 0 173 237 188 247 0 0 0 0 0 0 0
car 0.0 0 0 264 267 280 275 0 0 0 0 0 0 0
car 0.0 0 0 210 292 227 299 0 0 0 0 0 0 0
car 0.0 0 0 132 177 148 186 0 0 0 0 0 0 0
car 0.0 0 0 215 284 230 292 0 0 0 0 0 0 0
car 0.0 0 0 116 179 127 192 0 0 0 0 0 0 0
car 0.0 0 0 112 294 127 302 0 0 0 0 0 0 0
car 0.0 0 0 108 314 123 322 0 0 0 0 0 0 0
car 0.0 0 0 2 199 19 207 0 0 0 0 0 0 0
car 0.0 0 0 200 87 215 101 0 0 0 0 0 0 0
car 0.0 0 0 254 101 265 116 0 0 0 0 0 0 0
car 0.0 0 0 63 260 78 269 0 0 0 0 0 0 0
car 0.0 0 0 39 222 57 232 0 0 0 0 0 0 0
car 0.0 0 0 17 202 32 210 0 0 0 0 0 0 0
car 0.0 0 0 168 306 183 315 0 0 0 0 0 0 0
car 0.0 0 0 158 294 173 302 0 0 0 0 0 0 0
car 0.0 0 0 46 299 65 308 0 0 0 0 0 0 0
car 0.0 0 0 224 172 239 184 0 0 0 0 0 0 0
car 0.0 0 0 152 159 169 168 0 0 0 0 0 0 0
car 0.0 0 0 164 192 177 204 0 0 0 0 0 0 0
car 0.0 0 0 198 264 215 277 0 0 0 0 0 0 0
car 0.0 0 0 311 242 327 252 0 0 0 0 0 0 0
car 0.0 0 0 38 198 56 206 0 0 0 0 0 0 0
