car 0.75 0 0 208 350 223 352 0 0 0 0 0 0 0
car 0.0 0 0 10 265 25 273 0 0 0 0 0 0 0
car 0.0 0 0 224 288 247 299 0 0 0 0 0 0 0
car 0.0 0 0 51 242 72 251 0 0 0 0 0 0 0
car 0.0 0 0 324 231 339 238 0 0 0 0 0 0 0
car 0.0 0 0 215 82 232 93 0 0 0 0 0 0 0
car 0.0 0 0 90 338 102 344 0 0 0 0 0 0 0
car 0.0 0 0 250 323 266 330 0 0 0 0 0 0 0
car 0.0 0 0 73 329 87 336 0 0 0 0 0 0 0
car 0.0 0 0 175 59 191 69 0 0 0 0 0 0 0
car 0.0 0 0 171 257 188 268 0 0 0 0 0 0 0
car 0.0 0 0 300 208 319 216 0 0 0 0 0 0 0
car 0.666666666667 0 0 115 349 133 352 0 0 0 0 0 0 0
car 0.0 0 0 8 331 25 339 0 0 0 0 0 0 0
car 0.0 0 0 165 103 179 112 0 0 0 0 0 0 0
car 0.0 0 0 187 319 202 327 0 0 0 0 0 0 0
car 0.0625 0 0 337 306 352 315 0 0 0 0 0 0 0
car 0.0 0 0 277 331 292 339 0 0 0 0 0 0 0
car 0.0 0 0 315 293 331 302 0 0 0 0 0 0 0
car 0.0 0 0 264 327 279 337 0 0 0 0 0 0 0
car 0.0 0 0 169 234 187 244 0 0 0 0 0 0 0
car 0.0 0 0 293 323 308 331 0 0 0 0 0 0 0
car 0.0 0 0 216 329 231 337 0 0 0 0 0 0 0
car 0.0 0 0 189 214 204 225 0 0 0 0 0 0 0
car 0.0 0 0 213 305 229 313 0 0 0 0 0 0 0
car 0.428571428571 0 0 265 348 279 352 0 0 0 0 0 0 0
car 0.0 0 0 231 311 247 319 0 0 0 0 0 0 0
car 0.0 0 0 315 318 330 325 0 0 0 0 0 0 0
car 0.0 0 0 238 338 254 345 0 0 0 0 0 0 0
car 0.0 0 0 322 323 338 331 0 0 0 0 0 0 0
car 0.5 0 0 228 348 248 352 0 0 0 0 0 0 0
car 0.0 0 0 186 335 201 343 0 0 0 0 0 0 0
car 0.0 0 0 296 341 310 348 0 0 0 0 0 0 0
car 0.0 0 0 37 333 56 341 0 0 0 0 0 0 0
car 0.0 0 0 99 269 115 278 0 0 0 0 0 0 0
car 0.0 0 0 138 259 153 268 0 0 0 0 0 0 0
car 0.0 0 0 326 199 343 207 0 0 0 0 0 0 0
car 0.777777777778 0 0 165 350 180 352 0 0 0 0 0 0 0
car 0.266666666667 0 0 341 202 352 210 0 0 0 0 0 0 0
car 0.0 0 0 137 324 150 331 0 0 0 0 0 0 0
car 0.0 0 0 212 337 228 344 0 0 0 0 0 0 0
