car 0.0 0 0 45 173 53 185 0 0 0 0 0 0 0
car 0.0 0 0 74 236 83 248 0 0 0 0 0 0 0
car 0.0 0 0 48 303 58 330 0 0 0 0 0 0 0
car 0.0 0 0 73 191 81 205 0 0 0 0 0 0 0
car 0.0 0 0 64 304 73 321 0 0 0 0 0 0 0
car 0.0 0 0 36 80 42 94 0 0 0 0 0 0 0
car 0.0 0 0 139 68 147 80 0 0 0 0 0 0 0
car 0.0 0 0 78 261 85 273 0 0 0 0 0 0 0
car 0.0 0 0 133 251 140 265 0 0 0 0 0 0 0
car 0.0 0 0 31 114 40 132 0 0 0 0 0 0 0
car 0.0 0 0 100 336 110 350 0 0 0 0 0 0 0
car 0.0 0 0 71 161 80 177 0 0 0 0 0 0 0
car 0.0 0 0 38 9 46 18 0 0 0 0 0 0 0
car 0.0 0 0 83 138 92 153 0 0 0 0 0 0 0
car 0.0 0 0 37 135 48 149 0 0 0 0 0 0 0
car 0.0 0 0 91 46 106 61 0 0 0 0 0 0 0
car 0.0 0 0 147 335 158 350 0 0 0 0 0 0 0
car 0.25 0 0 93 0 103 12 0 0 0 0 0 0 0
car 0.0 0 0 53 147 62 167 0 0 0 0 0 0 0
car 0.0 0 0 140 49 150 66 0 0 0 0 0 0 0
car 0.0 0 0 43 236 54 255 0 0 0 0 0 0 0
car 0.0 0 0 143 322 152 335 0 0 0 0 0 0 0
car 0.0 0 0 93 205 103 224 0 0 0 0 0 0 0
car 0.0 0 0 80 298 92 313 0 0 0 0 0 0 0
car 0.0 0 0 50 42 61 77 0 0 0 0 0 0 0
car 0.0 0 0 138 291 148 305 0 0 0 0 0 0 0
car 0.0 0 0 97 292 105 306 0 0 0 0 0 0 0
car 1.0 0 0 102 0 115 0 0 0 0 0 0 0 0
car 0.0 0 0 77 91 86 106 0 0 0 0 0 0 0
car 0.0 0 0 93 228 100 241 0 0 0 0 0 0 0
car 0.0 0 0 81 55 92 72 0 0 0 0 0 0 0
car 0.0 0 0 56 224 64 241 0 0 0 0 0 0 0
car 0.0 0 0 164 18 173 38 0 0 0 0 0 0 0
car 0.0 0 0 58 253 65 269 0 0 0 0 0 0 0
car 0.0 0 0 34 306 42 321 0 0 0 0 0 0 0
car 0.0 0 0 116 32 125 47 0 0 0 0 0 0 0
car 0.0 0 0 133 115 140 129 0 0 0 0 0 0 0
car 0.0 0 0 33 264 42 277 0 0 0 0 0 0 0
car 0.0 0 0 103 208 110 222 0 0 0 0 0 0 0
car 0.0 0 0 71 141 80 156 0 0 0 0 0 0 0
car 0.0 0 0 35 180 44 195 0 0 0 0 0 0 0
car 0.0 0 0 88 335 97 349 0 0 0 0 0 0 0
car 0.0 0 0 106 291 115 304 0 0 0 0 0 0 0
car 0.0 0 0 88 256 94 273 0 0 0 0 0 0 0
car 0.0 0 0 84 189 91 205 0 0 0 0 0 0 0
car 0.0 0 0 14 144 22 159 0 0 0 0 0 0 0
car 0.0 0 0 90 160 97 178 0 0 0 0 0 0 0
car 0.0 0 0 98 61 111 77 0 0 0 0 0 0 0
car 0.0 0 0 98 258 106 274 0 0 0 0 0 0 0
car 0.0 0 0 71 18 80 53 0 0 0 0 0 0 0
car 0.0 0 0 132 263 146 278 0 0 0 0 0 0 0
