car 0.416666666667 0 0 345 16 352 24 0 0 0 0 0 0 0
car 0.0 0 0 280 13 290 21 0 0 0 0 0 0 0
car 0.0 0 0 238 85 258 95 0 0 0 0 0 0 0
car 0.0 0 0 28 209 45 225 0 0 0 0 0 0 0
car 0.0 0 0 60 255 78 270 0 0 0 0 0 0 0
car 0.0 0 0 88 326 99 343 0 0 0 0 0 0 0
car 0.428571428571 0 0 34 344 52 352 0 0 0 0 0 0 0
car 0.0 0 0 35 163 52 182 0 0 0 0 0 0 0
car 0.0 0 0 324 249 334 264 0 0 0 0 0 0 0
car 0.0 0 0 191 241 204 267 0 0 0 0 0 0 0
car 0.0 0 0 202 249 213 268 0 0 0 0 0 0 0
car 0.0 0 0 226 246 237 267 0 0 0 0 0 0 0
car 0.0 0 0 249 244 262 268 0 0 0 0 0 0 0
car 0.0 0 0 65 132 80 142 0 0 0 0 0 0 0
car 0.0 0 0 45 137 58 152 0 0 0 0 0 0 0
car 0.0 0 0 193 54 209 64 0 0 0 0 0 0 0
car 0.0 0 0 122 83 138 97 0 0 0 0 0 0 0
car 0.0 0 0 237 113 247 125 0 0 0 0 0 0 0
car 0.0 0 0 213 75 228 83 0 0 0 0 0 0 0
car 0.0 0 0 328 29 346 45 0 0 0 0 0 0 0
car 0.0 0 0 156 76 173 87 0 0 0 0 0 0 0
car 0.0 0 0 118 127 134 137 0 0 0 0 0 0 0
car 0.0 0 0 130 56 144 73 0 0 0 0 0 0 0
car 0.0 0 0 59 145 72 159 0 0 0 0 0 0 0
car 0.0 0 0 109 105 126 120 0 0 0 0 0 0 0
car 0.0 0 0 217 25 228 33 0 0 0 0 0 0 0
car 0.0 0 0 91 107 107 123 0 0 0 0 0 0 0
car 0.0 0 0 297 82 310 94 0 0 0 0 0 0 0
car 0.0 0 0 237 52 255 63 0 0 0 0 0 0 0
car 0.0 0 0 4 165 25 180 0 0 0 0 0 0 0
car 0.0 0 0 164 157 179 171 0 0 0 0 0 0 0
car 0.0 0 0 291 47 307 55 0 0 0 0 0 0 0
car 0.0 0 0 142 62 157 72 0 0 0 0 0 0 0
car 0.0 0 0 86 171 102 180 0 0 0 0 0 0 0
car 0.214285714286 0 0 0 202 11 216 0 0 0 0 0 0 0
car 0.0 0 0 143 119 159 129 0 0 0 0 0 0 0
car 0.333333333333 0 0 0 238 14 251 0 0 0 0 0 0 0
car 0.0 0 0 243 30 256 38 0 0 0 0 0 0 0
car 0.0 0 0 104 202 121 212 0 0 0 0 0 0 0
car 0.0 0 0 202 70 218 80 0 0 0 0 0 0 0
car 0.0 0 0 83 151 102 162 0 0 0 0 0 0 0
car 0.0 0 0 259 3 273 12 0 0 0 0 0 0 0
car 0.285714285714 0 0 0 226 10 237 0 0 0 0 0 0 0
car 0.0 0 0 209 130 222 140 0 0 0 0 0 0 0
car 0.0 0 0 162 119 175 128 0 0 0 0 0 0 0
car 0.0 0 0 249 67 267 76 0 0 0 0 0 0 0
car 0.0 0 0 306 16 327 26 0 0 0 0 0 0 0
car 0.0 0 0 271 94 284 105 0 0 0 0 0 0 0
car 0.0 0 0 163 59 177 67 0 0 0 0 0 0 0
car 0.0 0 0 210 83 228 94 0 0 0 0 0 0 0
car 0.0 0 0 118 138 137 150 0 0 0 0 0 0 0
car 0.0 0 0 220 120 240 134 0 0 0 0 0 0 0
car 0.0 0 0 83 127 99 138 0 0 0 0 0 0 0
car 0.0 0 0 319 71 337 81 0 0 0 0 0 0 0
car 0.0 0 0 231 28 246 36 0 0 0 0 0 0 0
car 0.0 0 0 58 170 77 182 0 0 0 0 0 0 0
car 0.0 0 0 196 44 211 54 0 0 0 0 0 0 0
car 0.0 0 0 274 6 289 15 0 0 0 0 0 0 0
car 0.0 0 0 280 39 298 49 0 0 0 0 0 0 0
car 0.0 0 0 120 188 132 203 0 0 0 0 0 0 0
car 0.0 0 0 181 106 218 129 0 0 0 0 0 0 0
car 0.0 0 0 142 76 157 87 0 0 0 0 0 0 0
