car 0.0 0 0 129 27 136 38 0 0 0 0 0 0 0
car 0.0 0 0 113 74 120 87 0 0 0 0 0 0 0
car 0.0 0 0 110 329 126 337 0 0 0 0 0 0 0
car 0.0 0 0 116 314 131 324 0 0 0 0 0 0 0
car 0.0 0 0 107 305 121 316 0 0 0 0 0 0 0
car 0.0 0 0 120 309 133 316 0 0 0 0 0 0 0
car 0.0 0 0 99 326 114 333 0 0 0 0 0 0 0
car 0.0 0 0 100 319 115 326 0 0 0 0 0 0 0
car 0.0 0 0 102 311 116 319 0 0 0 0 0 0 0
car 0.0 0 0 285 224 295 235 0 0 0 0 0 0 0
car 0.0 0 0 301 280 311 290 0 0 0 0 0 0 0
car 0.2 0 0 115 340 128 352 0 0 0 0 0 0 0
car 0.0 0 0 282 272 298 290 0 0 0 0 0 0 0
car 0.0 0 0 296 227 310 239 0 0 0 0 0 0 0
car 0.0 0 0 182 260 196 273 0 0 0 0 0 0 0
car 0.0 0 0 22 294 38 308 0 0 0 0 0 0 0
car 0.538461538462 0 0 225 346 237 352 0 0 0 0 0 0 0
car 0.0 0 0 328 165 349 180 0 0 0 0 0 0 0
car 0.0 0 0 257 306 269 318 0 0 0 0 0 0 0
car 0.0 0 0 241 189 254 202 0 0 0 0 0 0 0
car 0.0 0 0 321 202 335 216 0 0 0 0 0 0 0
car 0.0 0 0 52 273 69 287 0 0 0 0 0 0 0
car 0.0 0 0 317 238 338 251 0 0 0 0 0 0 0
car 0.0 0 0 260 271 272 287 0 0 0 0 0 0 0
car 0.529411764706 0 0 179 344 193 352 0 0 0 0 0 0 0
car 0.0 0 0 145 213 160 226 0 0 0 0 0 0 0
car 0.0 0 0 320 226 334 237 0 0 0 0 0 0 0
car 0.0 0 0 248 332 263 348 0 0 0 0 0 0 0
car 0.0 0 0 303 196 323 216 0 0 0 0 0 0 0
car 0.0 0 0 197 327 214 342 0 0 0 0 0 0 0
car 0.0 0 0 196 249 212 265 0 0 0 0 0 0 0
car 0.0 0 0 240 276 253 293 0 0 0 0 0 0 0
car 0.0 0 0 227 313 242 330 0 0 0 0 0 0 0
car 0.0 0 0 251 255 265 269 0 0 0 0 0 0 0
car 0.0 0 0 289 279 304 294 0 0 0 0 0 0 0
