car 0.0 0 0 333 113 345 152 0 0 0 0 0 0 0
car 0.0 0 0 276 195 303 204 0 0 0 0 0 0 0
car 0.0 0 0 126 161 167 172 0 0 0 0 0 0 0
car 0.0 0 0 203 113 245 122 0 0 0 0 0 0 0
car 0.0 0 0 213 92 246 103 0 0 0 0 0 0 0
car 0.0 0 0 281 95 294 116 0 0 0 0 0 0 0
car 0.0 0 0 311 98 333 107 0 0 0 0 0 0 0
car 0.0 0 0 322 144 334 163 0 0 0 0 0 0 0
car 0.0 0 0 313 144 324 165 0 0 0 0 0 0 0
car 0.0 0 0 300 144 313 165 0 0 0 0 0 0 0
car 0.0 0 0 291 143 300 162 0 0 0 0 0 0 0
car 0.0 0 0 278 143 289 164 0 0 0 0 0 0 0
car 0.0 0 0 265 145 277 167 0 0 0 0 0 0 0
car 0.0 0 0 293 133 317 140 0 0 0 0 0 0 0
car 0.0 0 0 240 69 250 86 0 0 0 0 0 0 0
car 0.0 0 0 230 70 240 83 0 0 0 0 0 0 0
car 0.0 0 0 217 71 226 87 0 0 0 0 0 0 0
