car 0.0 0 0 338 66 347 76 0 0 0 0 0 0 0
car 0.0 0 0 180 176 203 185 0 0 0 0 0 0 0
car 0.0 0 0 210 182 221 195 0 0 0 0 0 0 0
car 0.0 0 0 117 300 129 313 0 0 0 0 0 0 0
car 0.0 0 0 273 65 293 84 0 0 0 0 0 0 0
car 0.0 0 0 324 78 335 92 0 0 0 0 0 0 0
car 0.0 0 0 201 99 212 112 0 0 0 0 0 0 0
car 0.0 0 0 110 5 126 13 0 0 0 0 0 0 0
car 1.0 0 0 116 0 131 0 0 0 0 0 0 0 0
car 0.75 0 0 348 34 352 49 0 0 0 0 0 0 0
car 0.1875 0 0 339 48 352 61 0 0 0 0 0 0 0
car 0.0 0 0 99 2 114 9 0 0 0 0 0 0 0
car 0.714285714286 0 0 100 0 115 2 0 0 0 0 0 0 0
car 0.0 0 0 90 223 99 235 0 0 0 0 0 0 0
car 0.0 0 0 137 82 147 97 0 0 0 0 0 0 0
car 0.0 0 0 184 108 194 123 0 0 0 0 0 0 0
car 0.0 0 0 85 75 95 90 0 0 0 0 0 0 0
car 0.0 0 0 38 333 46 342 0 0 0 0 0 0 0
car 0.0 0 0 115 16 128 31 0 0 0 0 0 0 0
car 0.0 0 0 141 245 151 260 0 0 0 0 0 0 0
car 0.0 0 0 111 256 119 270 0 0 0 0 0 0 0
car 0.0 0 0 198 30 209 47 0 0 0 0 0 0 0
car 0.0 0 0 225 22 237 35 0 0 0 0 0 0 0
car 0.0 0 0 129 228 138 242 0 0 0 0 0 0 0
car 0.0 0 0 93 320 103 336 0 0 0 0 0 0 0
car 0.0 0 0 131 283 140 296 0 0 0 0 0 0 0
car 0.0 0 0 125 127 135 142 0 0 0 0 0 0 0
car 0.0 0 0 158 75 171 90 0 0 0 0 0 0 0
car 0.0 0 0 89 84 103 101 0 0 0 0 0 0 0
car 0.0 0 0 85 279 93 293 0 0 0 0 0 0 0
car 0.0 0 0 102 309 115 324 0 0 0 0 0 0 0
car 0.0 0 0 103 284 112 299 0 0 0 0 0 0 0
car 0.0 0 0 55 264 73 298 0 0 0 0 0 0 0
car 0.0 0 0 226 45 241 60 0 0 0 0 0 0 0
car 0.0 0 0 96 245 104 255 0 0 0 0 0 0 0
car 0.0 0 0 179 20 193 37 0 0 0 0 0 0 0
car 0.5 0 0 164 342 173 352 0 0 0 0 0 0 0
car 0.0 0 0 90 62 99 76 0 0 0 0 0 0 0
car 0.0 0 0 248 8 263 24 0 0 0 0 0 0 0
car 0.0 0 0 101 44 117 58 0 0 0 0 0 0 0
car 0.0 0 0 269 99 286 109 0 0 0 0 0 0 0
car 0.0 0 0 64 78 77 94 0 0 0 0 0 0 0
car 0.0 0 0 79 244 88 259 0 0 0 0 0 0 0
car 0.0 0 0 184 256 191 273 0 0 0 0 0 0 0
car 0.0 0 0 197 3 214 18 0 0 0 0 0 0 0
car 0.0 0 0 173 290 183 308 0 0 0 0 0 0 0
car 0.0 0 0 124 211 136 230 0 0 0 0 0 0 0
car 0.647058823529 0 0 227 0 242 6 0 0 0 0 0 0 0
car 0.0 0 0 171 103 184 122 0 0 0 0 0 0 0
car 0.0 0 0 146 187 156 200 0 0 0 0 0 0 0
car 0.0 0 0 151 142 165 162 0 0 0 0 0 0 0
car 0.0 0 0 196 82 209 95 0 0 0 0 0 0 0
car 0.0 0 0 135 135 148 150 0 0 0 0 0 0 0
car 0.0 0 0 292 46 309 60 0 0 0 0 0 0 0
car 0.0 0 0 97 59 110 71 0 0 0 0 0 0 0
car 0.0 0 0 86 99 97 113 0 0 0 0 0 0 0
car 0.0 0 0 183 30 198 48 0 0 0 0 0 0 0
car 0.0 0 0 145 217 154 231 0 0 0 0 0 0 0
car 0.0 0 0 113 285 123 296 0 0 0 0 0 0 0
car 0.714285714286 0 0 71 342 80 352 0 0 0 0 0 0 0
car 0.0 0 0 175 61 190 77 0 0 0 0 0 0 0
