car 0.0 0 0 244 322 254 339 0 0 0 0 0 0 0
car 0.0 0 0 246 286 253 297 0 0 0 0 0 0 0
car 0.0 0 0 133 74 142 87 0 0 0 0 0 0 0
car 0.0 0 0 125 71 133 84 0 0 0 0 0 0 0
car 0.2 0 0 314 0 320 12 0 0 0 0 0 0 0
car 0.0 0 0 96 36 102 44 0 0 0 0 0 0 0
car 0.0 0 0 88 35 95 41 0 0 0 0 0 0 0
car 0.0 0 0 254 183 262 200 0 0 0 0 0 0 0
car 0.0 0 0 291 264 301 280 0 0 0 0 0 0 0
car 0.0 0 0 292 331 301 346 0 0 0 0 0 0 0
car 0.0 0 0 281 108 291 124 0 0 0 0 0 0 0
car 0.0 0 0 295 155 305 173 0 0 0 0 0 0 0
car 0.909090909091 0 0 351 249 352 266 0 0 0 0 0 0 0
car 0.0 0 0 292 182 301 197 0 0 0 0 0 0 0
car 0.0 0 0 314 270 325 282 0 0 0 0 0 0 0
car 0.2 0 0 313 340 323 352 0 0 0 0 0 0 0
car 0.0 0 0 306 312 314 323 0 0 0 0 0 0 0
car 0.0 0 0 134 31 140 48 0 0 0 0 0 0 0
car 0.444444444444 0 0 347 177 352 195 0 0 0 0 0 0 0
car 0.0 0 0 284 255 294 270 0 0 0 0 0 0 0
car 0.0 0 0 128 157 135 161 0 0 0 0 0 0 0
car 0.0 0 0 339 16 349 32 0 0 0 0 0 0 0
car 0.0 0 0 327 129 337 144 0 0 0 0 0 0 0
car 0.0 0 0 341 192 351 208 0 0 0 0 0 0 0
car 0.0909090909091 0 0 342 88 352 104 0 0 0 0 0 0 0
car 0.0 0 0 29 178 40 185 0 0 0 0 0 0 0
car 0.0 0 0 334 210 348 227 0 0 0 0 0 0 0
car 0.0 0 0 329 249 343 273 0 0 0 0 0 0 0
car 0.0 0 0 304 237 315 256 0 0 0 0 0 0 0
car 0.0 0 0 238 221 247 239 0 0 0 0 0 0 0
car 0.0 0 0 302 300 313 314 0 0 0 0 0 0 0
car 0.0 0 0 87 245 95 252 0 0 0 0 0 0 0
car 0.0 0 0 284 83 292 96 0 0 0 0 0 0 0
car 0.0 0 0 265 271 274 289 0 0 0 0 0 0 0
car 0.0 0 0 299 11 307 25 0 0 0 0 0 0 0
car 0.0 0 0 341 138 352 154 0 0 0 0 0 0 0
car 0.0 0 0 337 260 346 274 0 0 0 0 0 0 0
car 0.0 0 0 252 286 260 302 0 0 0 0 0 0 0
car 0.0 0 0 280 164 288 180 0 0 0 0 0 0 0
car 0.888888888889 0 0 237 350 246 352 0 0 0 0 0 0 0
car 0.0 0 0 321 6 332 19 0 0 0 0 0 0 0
car 0.0 0 0 281 42 301 76 0 0 0 0 0 0 0
car 0.0 0 0 301 55 312 71 0 0 0 0 0 0 0
car 0.25 0 0 199 340 209 352 0 0 0 0 0 0 0
car 0.0 0 0 273 290 282 306 0 0 0 0 0 0 0
car 0.0 0 0 87 232 102 240 0 0 0 0 0 0 0
car 0.0 0 0 26 184 42 193 0 0 0 0 0 0 0
car 0.0 0 0 286 208 294 222 0 0 0 0 0 0 0
car 0.0 0 0 258 244 269 261 0 0 0 0 0 0 0
car 0.0 0 0 341 283 349 296 0 0 0 0 0 0 0
car 0.428571428571 0 0 295 344 305 352 0 0 0 0 0 0 0
car 0.0 0 0 282 197 290 211 0 0 0 0 0 0 0
car 0.0 0 0 311 296 321 310 0 0 0 0 0 0 0
car 0.0 0 0 128 29 135 47 0 0 0 0 0 0 0
car 0.0 0 0 103 37 108 46 0 0 0 0 0 0 0
car 0.0 0 0 341 55 350 70 0 0 0 0 0 0 0
car 0.0 0 0 295 218 305 232 0 0 0 0 0 0 0
car 0.0 0 0 115 153 124 160 0 0 0 0 0 0 0
car 0.0 0 0 288 71 298 84 0 0 0 0 0 0 0
car 0.0 0 0 221 269 230 283 0 0 0 0 0 0 0
car 0.0 0 0 300 327 310 339 0 0 0 0 0 0 0
car 0.357142857143 0 0 320 0 328 9 0 0 0 0 0 0 0
car 0.0 0 0 309 22 319 38 0 0 0 0 0 0 0
car 0.0 0 0 334 280 344 295 0 0 0 0 0 0 0
car 0.0 0 0 273 99 284 116 0 0 0 0 0 0 0
car 0.0 0 0 328 318 338 331 0 0 0 0 0 0 0
car 0.0 0 0 298 314 308 326 0 0 0 0 0 0 0
car 0.846153846154 0 0 328 0 339 2 0 0 0 0 0 0 0
car 0.0 0 0 267 138 274 155 0 0 0 0 0 0 0
car 0.0 0 0 323 271 329 283 0 0 0 0 0 0 0
car 0.0 0 0 309 39 318 52 0 0 0 0 0 0 0
car 0.0 0 0 299 42 308 56 0 0 0 0 0 0 0
car 0.0 0 0 328 233 339 246 0 0 0 0 0 0 0
car 0.0 0 0 308 284 319 299 0 0 0 0 0 0 0
car 0.5 0 0 287 344 296 352 0 0 0 0 0 0 0
car 0.0 0 0 225 336 235 351 0 0 0 0 0 0 0
car 0.0 0 0 73 210 83 222 0 0 0 0 0 0 0
car 0.0 0 0 307 110 317 125 0 0 0 0 0 0 0
car 0.0 0 0 318 259 326 272 0 0 0 0 0 0 0
car 0.0 0 0 319 103 328 118 0 0 0 0 0 0 0
car 0.0 0 0 325 333 335 347 0 0 0 0 0 0 0
car 0.0 0 0 270 215 282 229 0 0 0 0 0 0 0
car 0.0 0 0 231 246 241 261 0 0 0 0 0 0 0
car 0.0 0 0 298 30 307 42 0 0 0 0 0 0 0
car 0.0 0 0 330 51 340 68 0 0 0 0 0 0 0
car 0.0 0 0 334 299 344 314 0 0 0 0 0 0 0
car 0.0 0 0 84 238 98 246 0 0 0 0 0 0 0
car 0.0 0 0 288 87 298 104 0 0 0 0 0 0 0
car 0.0 0 0 77 194 83 211 0 0 0 0 0 0 0
car 0.0 0 0 91 111 101 122 0 0 0 0 0 0 0
car 0.0 0 0 318 215 328 230 0 0 0 0 0 0 0
car 0.333333333333 0 0 253 342 264 352 0 0 0 0 0 0 0
car 0.0 0 0 268 332 277 348 0 0 0 0 0 0 0
car 0.0 0 0 321 312 330 326 0 0 0 0 0 0 0
