car 0.117647058824 0 0 244 0 254 15 0 0 0 0 0 0 0
car 0.0 0 0 308 39 316 50 0 0 0 0 0 0 0
car 0.0 0 0 148 131 153 144 0 0 0 0 0 0 0
car 0.0 0 0 171 290 183 306 0 0 0 0 0 0 0
car 0.0 0 0 160 320 172 342 0 0 0 0 0 0 0
car 0.0 0 0 316 31 327 45 0 0 0 0 0 0 0
car 0.0 0 0 176 148 188 163 0 0 0 0 0 0 0
car 0.0 0 0 135 320 144 337 0 0 0 0 0 0 0
car 0.0 0 0 242 55 252 72 0 0 0 0 0 0 0
car 0.0 0 0 292 7 301 22 0 0 0 0 0 0 0
car 0.0 0 0 227 214 238 231 0 0 0 0 0 0 0
car 0.0 0 0 102 284 109 298 0 0 0 0 0 0 0
car 0.0 0 0 313 16 323 31 0 0 0 0 0 0 0
car 0.0 0 0 260 96 270 112 0 0 0 0 0 0 0
car 0.0 0 0 217 238 224 250 0 0 0 0 0 0 0
car 0.0 0 0 212 288 221 304 0 0 0 0 0 0 0
car 0.0 0 0 193 311 206 327 0 0 0 0 0 0 0
car 0.0 0 0 286 95 295 110 0 0 0 0 0 0 0
car 0.0 0 0 222 259 231 272 0 0 0 0 0 0 0
car 0.0 0 0 203 167 212 181 0 0 0 0 0 0 0
car 0.0 0 0 212 251 223 265 0 0 0 0 0 0 0
car 0.0 0 0 282 35 292 49 0 0 0 0 0 0 0
car 0.0 0 0 197 138 210 155 0 0 0 0 0 0 0
car 0.0 0 0 243 181 253 195 0 0 0 0 0 0 0
car 0.0 0 0 232 191 244 205 0 0 0 0 0 0 0
car 0.0 0 0 230 236 242 254 0 0 0 0 0 0 0
car 0.0 0 0 246 157 256 170 0 0 0 0 0 0 0
car 0.0 0 0 193 327 203 342 0 0 0 0 0 0 0
car 0.0 0 0 250 58 259 72 0 0 0 0 0 0 0
car 0.0 0 0 211 67 222 83 0 0 0 0 0 0 0
car 0.0 0 0 234 203 246 217 0 0 0 0 0 0 0
car 0.0 0 0 161 230 169 243 0 0 0 0 0 0 0
car 0.0 0 0 114 244 123 262 0 0 0 0 0 0 0
car 0.0 0 0 237 26 246 44 0 0 0 0 0 0 0
car 0.0 0 0 279 61 288 74 0 0 0 0 0 0 0
car 0.0 0 0 199 16 209 32 0 0 0 0 0 0 0
car 0.0 0 0 165 78 176 98 0 0 0 0 0 0 0
car 0.0 0 0 267 76 277 88 0 0 0 0 0 0 0
car 0.0 0 0 200 300 209 313 0 0 0 0 0 0 0
car 0.0 0 0 295 20 305 34 0 0 0 0 0 0 0
car 0.0 0 0 283 68 293 82 0 0 0 0 0 0 0
car 0.0 0 0 244 195 254 210 0 0 0 0 0 0 0
car 0.0 0 0 145 265 155 280 0 0 0 0 0 0 0
car 0.0 0 0 188 304 197 318 0 0 0 0 0 0 0
car 0.0 0 0 274 114 286 130 0 0 0 0 0 0 0
car 0.0 0 0 223 53 233 70 0 0 0 0 0 0 0
car 0.0 0 0 285 78 294 90 0 0 0 0 0 0 0
car 0.0 0 0 286 114 297 130 0 0 0 0 0 0 0
car 0.0 0 0 218 130 230 146 0 0 0 0 0 0 0
car 0.0 0 0 234 221 245 234 0 0 0 0 0 0 0
car 0.0 0 0 265 104 274 117 0 0 0 0 0 0 0
car 0.0 0 0 203 256 211 270 0 0 0 0 0 0 0
car 0.0 0 0 209 235 218 250 0 0 0 0 0 0 0
car 0.0 0 0 190 199 201 214 0 0 0 0 0 0 0
car 0.0 0 0 300 3 310 15 0 0 0 0 0 0 0
car 0.0 0 0 222 156 231 170 0 0 0 0 0 0 0
car 0.0 0 0 222 199 237 218 0 0 0 0 0 0 0
car 0.0 0 0 200 276 211 289 0 0 0 0 0 0 0
car 0.0 0 0 155 269 163 282 0 0 0 0 0 0 0
car 0.461538461538 0 0 328 0 338 7 0 0 0 0 0 0 0
car 0.833333333333 0 0 298 0 308 2 0 0 0 0 0 0 0
car 0.0 0 0 195 292 203 307 0 0 0 0 0 0 0
car 0.0 0 0 274 76 283 89 0 0 0 0 0 0 0
car 0.0 0 0 264 144 273 157 0 0 0 0 0 0 0
car 0.0 0 0 172 251 183 268 0 0 0 0 0 0 0
car 0.0 0 0 217 270 228 287 0 0 0 0 0 0 0
car 0.0 0 0 162 297 171 311 0 0 0 0 0 0 0
car 0.0 0 0 302 28 311 39 0 0 0 0 0 0 0
car 0.0 0 0 223 239 231 253 0 0 0 0 0 0 0
car 0.0 0 0 196 114 207 133 0 0 0 0 0 0 0
car 0.0 0 0 287 20 296 36 0 0 0 0 0 0 0
car 0.0 0 0 225 12 235 27 0 0 0 0 0 0 0
car 0.0 0 0 247 139 256 151 0 0 0 0 0 0 0
car 0.0 0 0 190 228 200 245 0 0 0 0 0 0 0
car 0.0 0 0 194 275 204 291 0 0 0 0 0 0 0
car 0.0 0 0 268 150 280 167 0 0 0 0 0 0 0
car 0.0 0 0 206 285 215 299 0 0 0 0 0 0 0
car 0.0 0 0 90 281 101 297 0 0 0 0 0 0 0
car 0.0 0 0 213 302 224 318 0 0 0 0 0 0 0
car 0.0 0 0 276 51 284 64 0 0 0 0 0 0 0
car 0.0 0 0 252 141 263 156 0 0 0 0 0 0 0
car 0.0 0 0 177 206 185 220 0 0 0 0 0 0 0
car 0.0 0 0 202 314 213 330 0 0 0 0 0 0 0
car 0.0 0 0 297 42 308 59 0 0 0 0 0 0 0
car 0.0 0 0 308 52 319 66 0 0 0 0 0 0 0
car 0.0 0 0 284 48 293 61 0 0 0 0 0 0 0
car 0.0 0 0 220 288 232 304 0 0 0 0 0 0 0
car 0.0 0 0 325 9 335 23 0 0 0 0 0 0 0
car 0.0 0 0 155 296 164 309 0 0 0 0 0 0 0
car 0.0 0 0 117 203 126 217 0 0 0 0 0 0 0
car 0.0 0 0 298 60 307 76 0 0 0 0 0 0 0
car 0.0 0 0 183 59 193 74 0 0 0 0 0 0 0
car 0.0 0 0 179 175 189 192 0 0 0 0 0 0 0
car 0.0 0 0 238 175 249 188 0 0 0 0 0 0 0
car 0.0 0 0 260 114 270 129 0 0 0 0 0 0 0
car 0.0 0 0 200 80 210 98 0 0 0 0 0 0 0
car 0.0 0 0 233 170 243 185 0 0 0 0 0 0 0
car 0.0 0 0 206 263 216 278 0 0 0 0 0 0 0
car 0.0 0 0 253 18 264 33 0 0 0 0 0 0 0
car 0.0 0 0 190 40 199 54 0 0 0 0 0 0 0
car 0.0 0 0 240 153 250 166 0 0 0 0 0 0 0
car 0.0 0 0 202 190 212 202 0 0 0 0 0 0 0
car 0.0 0 0 268 8 277 24 0 0 0 0 0 0 0
car 0.857142857143 0 0 321 0 330 2 0 0 0 0 0 0 0
