car 0.0 0 0 173 252 185 256 0 0 0 0 0 0 0
car 0.0 0 0 210 120 221 126 0 0 0 0 0 0 0
car 0.0 0 0 310 312 325 318 0 0 0 0 0 0 0
car 0.0 0 0 121 231 132 238 0 0 0 0 0 0 0
car 0.0 0 0 48 139 67 149 0 0 0 0 0 0 0
car 0.0 0 0 21 209 37 218 0 0 0 0 0 0 0
car 0.0 0 0 105 200 120 209 0 0 0 0 0 0 0
car 0.0 0 0 37 173 47 180 0 0 0 0 0 0 0
car 0.0 0 0 48 181 61 189 0 0 0 0 0 0 0
car 0.0 0 0 34 195 49 201 0 0 0 0 0 0 0
car 0.0 0 0 79 146 93 154 0 0 0 0 0 0 0
car 0.0 0 0 240 148 250 154 0 0 0 0 0 0 0
car 0.0 0 0 248 121 258 128 0 0 0 0 0 0 0
car 0.0 0 0 275 154 289 161 0 0 0 0 0 0 0
car 0.0 0 0 263 137 274 144 0 0 0 0 0 0 0
car 0.75 0 0 350 137 352 143 0 0 0 0 0 0 0
car 0.5 0 0 0 205 5 211 0 0 0 0 0 0 0
car 0.0 0 0 100 201 107 207 0 0 0 0 0 0 0
car 0.0 0 0 91 219 97 223 0 0 0 0 0 0 0
car 0.0 0 0 133 230 140 236 0 0 0 0 0 0 0
car 0.0 0 0 130 256 138 263 0 0 0 0 0 0 0
car 0.0 0 0 139 240 149 245 0 0 0 0 0 0 0
car 0.0 0 0 344 209 350 222 0 0 0 0 0 0 0
car 0.0 0 0 340 244 347 258 0 0 0 0 0 0 0
car 0.0 0 0 198 242 207 248 0 0 0 0 0 0 0
car 0.0 0 0 42 217 53 224 0 0 0 0 0 0 0
car 0.0 0 0 81 194 89 199 0 0 0 0 0 0 0
car 0.0 0 0 57 130 66 136 0 0 0 0 0 0 0
car 0.0 0 0 59 186 67 193 0 0 0 0 0 0 0
car 0.0 0 0 248 155 253 163 0 0 0 0 0 0 0
car 0.0 0 0 209 111 221 119 0 0 0 0 0 0 0
car 0.0 0 0 222 115 237 123 0 0 0 0 0 0 0
car 0.0 0 0 199 257 211 264 0 0 0 0 0 0 0
car 0.0 0 0 342 313 350 326 0 0 0 0 0 0 0
car 0.0 0 0 87 226 105 233 0 0 0 0 0 0 0
car 0.0 0 0 186 247 203 256 0 0 0 0 0 0 0
car 0.0 0 0 345 272 352 284 0 0 0 0 0 0 0
car 0.0 0 0 224 263 241 272 0 0 0 0 0 0 0
car 0.0 0 0 212 263 221 269 0 0 0 0 0 0 0
car 0.0 0 0 225 130 236 135 0 0 0 0 0 0 0
car 0.0 0 0 342 294 348 307 0 0 0 0 0 0 0
car 0.0 0 0 329 260 335 274 0 0 0 0 0 0 0
car 0.0 0 0 232 258 246 264 0 0 0 0 0 0 0
