car 0.0 0 0 208 127 224 137 0 0 0 0 0 0 0
car 0.0 0 0 201 174 215 183 0 0 0 0 0 0 0
car 0.0 0 0 221 51 236 59 0 0 0 0 0 0 0
car 0.0 0 0 220 65 232 72 0 0 0 0 0 0 0
car 0.0 0 0 210 105 225 116 0 0 0 0 0 0 0
car 0.0 0 0 206 168 215 174 0 0 0 0 0 0 0
car 0.0 0 0 73 249 87 256 0 0 0 0 0 0 0
car 0.0 0 0 191 96 199 107 0 0 0 0 0 0 0
car 0.727272727273 0 0 0 31 3 45 0 0 0 0 0 0 0
car 0.461538461538 0 0 4 0 14 7 0 0 0 0 0 0 0
car 0.0 0 0 1 9 11 23 0 0 0 0 0 0 0
car 0.904761904762 0 0 0 0 6 2 0 0 0 0 0 0 0
