car 0.0 0 0 164 344 176 351 0 0 0 0 0 0 0
car 0.0 0 0 83 326 94 332 0 0 0 0 0 0 0
car 0.0 0 0 53 318 69 327 0 0 0 0 0 0 0
car 0.0 0 0 67 327 80 334 0 0 0 0 0 0 0
car 0.0 0 0 156 99 169 105 0 0 0 0 0 0 0
car 0.0 0 0 90 320 101 327 0 0 0 0 0 0 0
car 0.933333333333 0 0 0 312 1 318 0 0 0 0 0 0 0
car 0.0 0 0 100 311 112 319 0 0 0 0 0 0 0
car 0.0 0 0 107 325 118 330 0 0 0 0 0 0 0
car 0.0 0 0 76 318 87 324 0 0 0 0 0 0 0
car 0.0 0 0 158 91 171 99 0 0 0 0 0 0 0
car 0.0 0 0 104 334 115 339 0 0 0 0 0 0 0
car 0.0 0 0 31 301 40 310 0 0 0 0 0 0 0
car 0.0 0 0 39 137 48 143 0 0 0 0 0 0 0
car 0.0 0 0 26 137 34 143 0 0 0 0 0 0 0
car 0.4 0 0 204 0 211 9 0 0 0 0 0 0 0
car 0.0 0 0 182 100 190 115 0 0 0 0 0 0 0
car 0.0 0 0 20 209 26 222 0 0 0 0 0 0 0
car 0.0 0 0 100 236 106 247 0 0 0 0 0 0 0
car 0.0 0 0 106 241 113 252 0 0 0 0 0 0 0
car 0.0 0 0 16 244 23 258 0 0 0 0 0 0 0
car 0.0 0 0 44 308 74 323 0 0 0 0 0 0 0
car 0.0 0 0 125 333 135 341 0 0 0 0 0 0 0
car 0.0 0 0 41 161 49 174 0 0 0 0 0 0 0
car 0.0 0 0 128 329 139 335 0 0 0 0 0 0 0
car 0.0 0 0 18 313 26 326 0 0 0 0 0 0 0
car 0.0 0 0 21 272 28 284 0 0 0 0 0 0 0
car 0.0 0 0 18 294 24 307 0 0 0 0 0 0 0
car 0.0 0 0 5 260 11 274 0 0 0 0 0 0 0
