car 0.0 0 0 278 135 286 151 0 0 0 0 0 0 0
car 0.0 0 0 82 303 96 329 0 0 0 0 0 0 0
car 0.0 0 0 83 141 93 157 0 0 0 0 0 0 0
car 0.0 0 0 184 116 198 138 0 0 0 0 0 0 0
car 0.0 0 0 158 192 169 207 0 0 0 0 0 0 0
car 0.0 0 0 116 200 123 210 0 0 0 0 0 0 0
car 0.0 0 0 112 340 120 351 0 0 0 0 0 0 0
car 0.0 0 0 165 114 176 130 0 0 0 0 0 0 0
car 0.0 0 0 152 178 163 192 0 0 0 0 0 0 0
car 0.0 0 0 50 312 59 326 0 0 0 0 0 0 0
car 0.0 0 0 12 297 23 310 0 0 0 0 0 0 0
car 0.0 0 0 171 125 183 138 0 0 0 0 0 0 0
car 0.0 0 0 204 125 216 142 0 0 0 0 0 0 0
car 0.0 0 0 15 285 24 298 0 0 0 0 0 0 0
car 0.0 0 0 68 281 76 296 0 0 0 0 0 0 0
car 0.928571428571 0 0 100 351 111 352 0 0 0 0 0 0 0
car 0.0 0 0 75 201 83 213 0 0 0 0 0 0 0
car 0.0 0 0 108 243 117 256 0 0 0 0 0 0 0
car 0.933333333333 0 0 46 351 56 352 0 0 0 0 0 0 0
car 0.0 0 0 131 62 143 79 0 0 0 0 0 0 0
car 0.0 0 0 201 77 211 90 0 0 0 0 0 0 0
car 0.0 0 0 134 188 144 205 0 0 0 0 0 0 0
car 0.0 0 0 213 22 222 34 0 0 0 0 0 0 0
car 0.0 0 0 28 303 38 317 0 0 0 0 0 0 0
car 0.25 0 0 15 340 25 352 0 0 0 0 0 0 0
car 0.0 0 0 141 15 151 32 0 0 0 0 0 0 0
car 0.0 0 0 192 55 202 70 0 0 0 0 0 0 0
car 0.0 0 0 230 84 241 99 0 0 0 0 0 0 0
car 0.0 0 0 177 185 187 199 0 0 0 0 0 0 0
car 0.0 0 0 270 7 281 23 0 0 0 0 0 0 0
car 0.0 0 0 116 243 124 256 0 0 0 0 0 0 0
car 0.0 0 0 51 225 60 237 0 0 0 0 0 0 0
car 0.0 0 0 174 96 184 109 0 0 0 0 0 0 0
car 0.0 0 0 177 107 186 117 0 0 0 0 0 0 0
car 0.0 0 0 178 148 189 161 0 0 0 0 0 0 0
car 0.928571428571 0 0 82 351 93 352 0 0 0 0 0 0 0
car 0.0 0 0 156 228 166 243 0 0 0 0 0 0 0
car 0.0 0 0 126 308 136 321 0 0 0 0 0 0 0
car 0.0 0 0 213 111 221 121 0 0 0 0 0 0 0
car 0.272727272727 0 0 0 330 8 343 0 0 0 0 0 0 0
car 0.0 0 0 141 191 151 207 0 0 0 0 0 0 0
car 0.0 0 0 137 131 146 148 0 0 0 0 0 0 0
car 0.0 0 0 21 183 29 195 0 0 0 0 0 0 0
car 0.0 0 0 215 117 226 131 0 0 0 0 0 0 0
car 0.0 0 0 97 311 107 327 0 0 0 0 0 0 0
car 0.0 0 0 195 67 205 78 0 0 0 0 0 0 0
car 0.0 0 0 208 51 218 62 0 0 0 0 0 0 0
car 0.0 0 0 66 233 76 247 0 0 0 0 0 0 0
car 0.0 0 0 198 140 208 154 0 0 0 0 0 0 0
car 0.0 0 0 222 99 232 113 0 0 0 0 0 0 0
car 0.0 0 0 206 97 217 111 0 0 0 0 0 0 0
car 0.0 0 0 263 22 273 38 0 0 0 0 0 0 0
car 0.0 0 0 111 299 121 312 0 0 0 0 0 0 0
car 0.0 0 0 46 282 56 296 0 0 0 0 0 0 0
car 0.0 0 0 182 172 191 186 0 0 0 0 0 0 0
car 0.0 0 0 183 89 195 102 0 0 0 0 0 0 0
car 0.0 0 0 104 219 114 233 0 0 0 0 0 0 0
car 0.0 0 0 290 39 306 49 0 0 0 0 0 0 0
car 0.0 0 0 237 56 249 69 0 0 0 0 0 0 0
car 0.0 0 0 169 148 181 163 0 0 0 0 0 0 0
car 0.0 0 0 62 320 74 336 0 0 0 0 0 0 0
car 0.0 0 0 226 39 239 52 0 0 0 0 0 0 0
car 0.0 0 0 61 184 72 201 0 0 0 0 0 0 0
car 0.0 0 0 222 24 231 37 0 0 0 0 0 0 0
car 0.0 0 0 12 203 22 218 0 0 0 0 0 0 0
car 0.5 0 0 0 319 4 333 0 0 0 0 0 0 0
car 0.0 0 0 214 52 223 65 0 0 0 0 0 0 0
car 0.0 0 0 205 37 215 52 0 0 0 0 0 0 0
car 0.0 0 0 104 318 112 329 0 0 0 0 0 0 0
car 0.0 0 0 4 313 15 326 0 0 0 0 0 0 0
car 0.769230769231 0 0 92 349 101 352 0 0 0 0 0 0 0
car 0.0 0 0 117 67 128 84 0 0 0 0 0 0 0
car 0.0 0 0 119 219 130 235 0 0 0 0 0 0 0
car 0.0 0 0 158 12 170 27 0 0 0 0 0 0 0
car 0.0 0 0 137 220 147 233 0 0 0 0 0 0 0
car 0.0 0 0 146 250 156 263 0 0 0 0 0 0 0
car 0.0 0 0 165 143 175 154 0 0 0 0 0 0 0
car 0.0 0 0 156 158 169 171 0 0 0 0 0 0 0
car 0.0769230769231 0 0 63 340 75 352 0 0 0 0 0 0 0
car 0.0 0 0 121 46 129 61 0 0 0 0 0 0 0
car 0.0 0 0 64 198 73 213 0 0 0 0 0 0 0
car 0.0 0 0 296 22 312 32 0 0 0 0 0 0 0
car 0.0 0 0 206 17 216 31 0 0 0 0 0 0 0
car 0.0 0 0 231 68 243 84 0 0 0 0 0 0 0
car 0.0 0 0 80 289 92 304 0 0 0 0 0 0 0
car 0.0 0 0 192 99 201 112 0 0 0 0 0 0 0
car 0.0 0 0 126 295 137 306 0 0 0 0 0 0 0
car 0.0 0 0 107 330 119 343 0 0 0 0 0 0 0
car 0.0 0 0 146 165 155 178 0 0 0 0 0 0 0
car 0.0 0 0 207 138 219 149 0 0 0 0 0 0 0
car 0.0 0 0 34 317 44 331 0 0 0 0 0 0 0
car 0.214285714286 0 0 29 341 38 352 0 0 0 0 0 0 0
car 0.0 0 0 155 145 165 158 0 0 0 0 0 0 0
car 0.0 0 0 211 70 222 81 0 0 0 0 0 0 0
car 0.0 0 0 183 76 193 88 0 0 0 0 0 0 0
car 0.0 0 0 88 244 100 260 0 0 0 0 0 0 0
car 0.0 0 0 199 36 208 51 0 0 0 0 0 0 0
car 0.0 0 0 44 268 52 280 0 0 0 0 0 0 0
car 0.0 0 0 217 4 227 20 0 0 0 0 0 0 0
car 0.0 0 0 223 7 234 21 0 0 0 0 0 0 0
car 0.0 0 0 232 16 244 33 0 0 0 0 0 0 0
car 0.0 0 0 186 100 195 112 0 0 0 0 0 0 0
car 0.0 0 0 100 130 110 145 0 0 0 0 0 0 0
car 0.0 0 0 222 63 232 78 0 0 0 0 0 0 0
