car 0.0 0 0 33 115 47 123 0 0 0 0 0 0 0
car 0.0 0 0 51 112 62 118 0 0 0 0 0 0 0
car 0.0 0 0 176 173 193 180 0 0 0 0 0 0 0
car 0.0 0 0 60 285 68 295 0 0 0 0 0 0 0
car 0.0 0 0 294 185 309 193 0 0 0 0 0 0 0
car 0.0 0 0 276 179 293 189 0 0 0 0 0 0 0
car 0.0 0 0 261 174 275 184 0 0 0 0 0 0 0
car 0.0 0 0 293 204 306 217 0 0 0 0 0 0 0
car 0.5625 0 0 345 209 352 218 0 0 0 0 0 0 0
car 0.0 0 0 119 118 134 126 0 0 0 0 0 0 0
car 0.0 0 0 145 163 163 171 0 0 0 0 0 0 0
car 0.0 0 0 264 253 271 268 0 0 0 0 0 0 0
car 0.0 0 0 248 307 255 318 0 0 0 0 0 0 0
car 0.0 0 0 319 205 329 211 0 0 0 0 0 0 0
car 0.0 0 0 307 197 320 205 0 0 0 0 0 0 0
car 0.0 0 0 162 165 172 174 0 0 0 0 0 0 0
car 0.0 0 0 82 230 89 241 0 0 0 0 0 0 0
car 0.0 0 0 69 265 77 274 0 0 0 0 0 0 0
car 0.0 0 0 65 274 72 283 0 0 0 0 0 0 0
car 0.0 0 0 128 110 135 120 0 0 0 0 0 0 0
