car 0.0 0 0 239 29 250 41 0 0 0 0 0 0 0
car 0.0 0 0 143 240 156 253 0 0 0 0 0 0 0
car 0.0 0 0 289 110 298 119 0 0 0 0 0 0 0
car 0.0 0 0 296 78 308 88 0 0 0 0 0 0 0
car 0.0 0 0 259 101 280 129 0 0 0 0 0 0 0
car 0.0 0 0 235 151 250 169 0 0 0 0 0 0 0
car 0.0 0 0 205 196 221 213 0 0 0 0 0 0 0
car 0.0 0 0 176 237 195 266 0 0 0 0 0 0 0
car 0.0 0 0 144 305 162 330 0 0 0 0 0 0 0
car 0.0 0 0 158 271 174 294 0 0 0 0 0 0 0
car 0.0 0 0 139 333 151 347 0 0 0 0 0 0 0
car 0.0 0 0 245 131 257 148 0 0 0 0 0 0 0
car 0.0 0 0 212 84 223 98 0 0 0 0 0 0 0
car 0.0 0 0 205 103 214 117 0 0 0 0 0 0 0
car 0.0 0 0 201 115 208 126 0 0 0 0 0 0 0
car 0.0 0 0 194 218 205 233 0 0 0 0 0 0 0
car 0.0 0 0 167 263 177 275 0 0 0 0 0 0 0
car 0.464285714286 0 0 322 44 352 64 0 0 0 0 0 0 0
