car 0.807692307692 0 0 82 0 96 5 0 0 0 0 0 0 0
car 0.0 0 0 32 97 44 112 0 0 0 0 0 0 0
car 0.0 0 0 112 43 123 51 0 0 0 0 0 0 0
car 0.0 0 0 112 16 120 27 0 0 0 0 0 0 0
car 0.0 0 0 45 202 52 213 0 0 0 0 0 0 0
car 0.0 0 0 45 68 53 76 0 0 0 0 0 0 0
car 0.0 0 0 71 43 81 59 0 0 0 0 0 0 0
car 0.857142857143 0 0 50 0 59 2 0 0 0 0 0 0 0
car 0.0 0 0 49 95 58 111 0 0 0 0 0 0 0
car 0.0 0 0 27 249 38 266 0 0 0 0 0 0 0
car 0.0 0 0 100 27 111 41 0 0 0 0 0 0 0
car 0.909090909091 0 0 0 270 1 282 0 0 0 0 0 0 0
car 0.0 0 0 46 27 56 42 0 0 0 0 0 0 0
car 0.0 0 0 62 60 73 78 0 0 0 0 0 0 0
car 0.0 0 0 23 177 32 195 0 0 0 0 0 0 0
car 0.0 0 0 43 140 53 155 0 0 0 0 0 0 0
car 0.0 0 0 15 16 25 32 0 0 0 0 0 0 0
car 0.0 0 0 3 129 13 144 0 0 0 0 0 0 0
car 0.0 0 0 17 192 27 208 0 0 0 0 0 0 0
car 0.0 0 0 18 88 29 104 0 0 0 0 0 0 0
car 0.0 0 0 10 210 24 227 0 0 0 0 0 0 0
car 0.0 0 0 5 249 19 273 0 0 0 0 0 0 0
car 0.0 0 0 85 39 94 49 0 0 0 0 0 0 0
car 0.0 0 0 82 27 93 41 0 0 0 0 0 0 0
car 0.0 0 0 17 138 28 154 0 0 0 0 0 0 0
car 0.0 0 0 13 260 22 274 0 0 0 0 0 0 0
car 0.0 0 0 46 118 56 136 0 0 0 0 0 0 0
car 0.0 0 0 50 39 61 58 0 0 0 0 0 0 0
car 0.272727272727 0 0 0 6 8 19 0 0 0 0 0 0 0
car 0.0 0 0 67 109 76 123 0 0 0 0 0 0 0
car 0.8125 0 0 97 0 107 3 0 0 0 0 0 0 0
car 0.0 0 0 17 283 25 296 0 0 0 0 0 0 0
car 0.0 0 0 48 168 59 185 0 0 0 0 0 0 0
car 0.0 0 0 90 49 100 64 0 0 0 0 0 0 0
car 0.25 0 0 62 0 74 12 0 0 0 0 0 0 0
car 0.0 0 0 17 55 26 70 0 0 0 0 0 0 0
car 0.0 0 0 35 52 44 65 0 0 0 0 0 0 0
car 0.678571428571 0 0 0 0 4 9 0 0 0 0 0 0 0
car 0.0 0 0 10 280 20 295 0 0 0 0 0 0 0
car 0.0 0 0 4 318 14 331 0 0 0 0 0 0 0
car 0.545454545455 0 0 104 0 112 5 0 0 0 0 0 0 0
car 0.846153846154 0 0 4 0 15 2 0 0 0 0 0 0 0
car 0.0 0 0 92 25 101 38 0 0 0 0 0 0 0
car 0.166666666667 0 0 0 271 5 283 0 0 0 0 0 0 0
car 0.0 0 0 56 127 67 143 0 0 0 0 0 0 0
car 0.0 0 0 4 233 15 246 0 0 0 0 0 0 0
car 0.0 0 0 63 16 75 29 0 0 0 0 0 0 0
car 0.0 0 0 30 217 41 233 0 0 0 0 0 0 0
car 0.75 0 0 0 259 2 272 0 0 0 0 0 0 0
car 0.555555555556 0 0 0 103 4 118 0 0 0 0 0 0 0
car 0.0 0 0 107 6 119 19 0 0 0 0 0 0 0
car 0.0 0 0 84 68 94 82 0 0 0 0 0 0 0
car 0.0 0 0 78 51 88 65 0 0 0 0 0 0 0
car 0.0 0 0 28 182 38 199 0 0 0 0 0 0 0
car 0.0 0 0 1 333 11 347 0 0 0 0 0 0 0
car 0.5 0 0 34 0 44 7 0 0 0 0 0 0 0
car 0.0 0 0 29 17 38 31 0 0 0 0 0 0 0
car 0.0 0 0 6 51 16 68 0 0 0 0 0 0 0
car 0.0 0 0 10 299 20 314 0 0 0 0 0 0 0
car 0.0 0 0 31 153 40 168 0 0 0 0 0 0 0
car 0.0 0 0 71 66 80 80 0 0 0 0 0 0 0
car 0.6 0 0 0 215 4 230 0 0 0 0 0 0 0
car 0.0 0 0 36 197 43 211 0 0 0 0 0 0 0
car 0.0 0 0 59 82 74 114 0 0 0 0 0 0 0
car 0.0 0 0 61 144 71 158 0 0 0 0 0 0 0
car 0.333333333333 0 0 0 312 6 326 0 0 0 0 0 0 0
