car 0.0 0 0 338 283 352 300 0 0 0 0 0 0 0
car 0.0 0 0 299 277 308 293 0 0 0 0 0 0 0
car 0.0 0 0 285 275 294 288 0 0 0 0 0 0 0
car 0.0 0 0 276 269 286 288 0 0 0 0 0 0 0
car 0.0 0 0 263 270 279 297 0 0 0 0 0 0 0
car 0.0 0 0 249 268 256 282 0 0 0 0 0 0 0
car 0.0 0 0 208 259 222 282 0 0 0 0 0 0 0
car 0.0 0 0 199 258 212 284 0 0 0 0 0 0 0
car 0.0 0 0 223 302 244 315 0 0 0 0 0 0 0
car 0.0 0 0 254 328 268 352 0 0 0 0 0 0 0
car 0.0 0 0 247 331 256 346 0 0 0 0 0 0 0
car 0.0 0 0 237 328 247 344 0 0 0 0 0 0 0
car 0.0 0 0 169 253 181 273 0 0 0 0 0 0 0
car 0.0 0 0 161 251 170 273 0 0 0 0 0 0 0
car 0.0 0 0 122 249 133 269 0 0 0 0 0 0 0
car 0.0 0 0 103 308 113 323 0 0 0 0 0 0 0
car 0.0 0 0 101 245 110 263 0 0 0 0 0 0 0
car 0.0 0 0 58 239 68 254 0 0 0 0 0 0 0
car 0.0 0 0 35 238 43 251 0 0 0 0 0 0 0
car 0.0 0 0 17 237 26 253 0 0 0 0 0 0 0
car 0.0 0 0 26 237 35 253 0 0 0 0 0 0 0
car 0.125 0 0 0 266 14 275 0 0 0 0 0 0 0
car 0.0 0 0 71 301 82 318 0 0 0 0 0 0 0
car 0.0 0 0 62 102 70 115 0 0 0 0 0 0 0
car 0.0 0 0 67 87 75 104 0 0 0 0 0 0 0
car 0.0 0 0 75 103 82 118 0 0 0 0 0 0 0
car 0.0 0 0 31 81 46 90 0 0 0 0 0 0 0
car 0.0 0 0 75 88 84 101 0 0 0 0 0 0 0
car 0.0 0 0 165 320 173 332 0 0 0 0 0 0 0
car 0.0 0 0 183 327 192 336 0 0 0 0 0 0 0
car 0.0 0 0 134 318 144 328 0 0 0 0 0 0 0
car 0.0 0 0 80 309 89 319 0 0 0 0 0 0 0
car 0.0 0 0 60 305 70 317 0 0 0 0 0 0 0
car 0.0 0 0 241 269 249 286 0 0 0 0 0 0 0
car 0.0 0 0 232 265 240 282 0 0 0 0 0 0 0
car 0.33333333333333337 0 0 0 232 6 244 0 0 0 0 0 0 0
car 0.0 0 0 8 229 18 251 0 0 0 0 0 0 0
car 0.0 0 0 69 259 84 267 0 0 0 0 0 0 0
car 0.0 0 0 69 242 77 256 0 0 0 0 0 0 0
car 0.0 0 0 77 242 86 255 0 0 0 0 0 0 0
car 0.0 0 0 84 242 93 256 0 0 0 0 0 0 0
car 0.0 0 0 94 246 101 257 0 0 0 0 0 0 0
car 0.0 0 0 185 262 193 274 0 0 0 0 0 0 0
car 0.0 0 0 224 323 233 336 0 0 0 0 0 0 0
car 0.0 0 0 44 240 53 251 0 0 0 0 0 0 0
