car 0.0 0 0 269 325 277 344 0 0 0 0 0 0 0
car 0.0 0 0 259 325 269 343 0 0 0 0 0 0 0
car 0.0 0 0 237 323 245 338 0 0 0 0 0 0 0
car 0.0 0 0 212 317 221 333 0 0 0 0 0 0 0
car 0.0 0 0 204 316 212 330 0 0 0 0 0 0 0
car 0.0 0 0 170 308 178 324 0 0 0 0 0 0 0
car 0.0 0 0 147 309 157 326 0 0 0 0 0 0 0
car 0.0 0 0 137 306 147 321 0 0 0 0 0 0 0
car 0.0 0 0 103 300 113 314 0 0 0 0 0 0 0
car 0.0 0 0 67 292 75 308 0 0 0 0 0 0 0
car 0.0 0 0 14 283 28 300 0 0 0 0 0 0 0
car 0.0 0 0 195 316 204 329 0 0 0 0 0 0 0
car 0.0 0 0 77 297 87 310 0 0 0 0 0 0 0
car 0.0 0 0 87 297 97 312 0 0 0 0 0 0 0
car 0.0 0 0 179 313 186 327 0 0 0 0 0 0 0
car 0.0 0 0 221 319 231 335 0 0 0 0 0 0 0
