car 0.0 0 0 121 43 132 61 0 0 0 0 0 0 0
car 0.0 0 0 112 43 122 61 0 0 0 0 0 0 0
car 0.0 0 0 104 41 113 59 0 0 0 0 0 0 0
car 0.0 0 0 95 40 104 59 0 0 0 0 0 0 0
car 0.0 0 0 84 37 95 57 0 0 0 0 0 0 0
car 0.0 0 0 42 24 59 31 0 0 0 0 0 0 0
car 0.0 0 0 14 18 32 28 0 0 0 0 0 0 0
car 0.07692307692307687 0 0 75 0 85 12 0 0 0 0 0 0 0
car 0.25 0 0 85 0 93 12 0 0 0 0 0 0 0
car 0.3076923076923077 0 0 63 0 74 9 0 0 0 0 0 0 0
car 0.3529411764705882 0 0 54 0 64 11 0 0 0 0 0 0 0
car 0.375 0 0 41 0 55 10 0 0 0 0 0 0 0
car 0.4285714285714286 0 0 33 0 43 8 0 0 0 0 0 0 0
car 0.5625 0 0 13 0 24 7 0 0 0 0 0 0 0
car 0.9777777777777777 0 0 0 0 2 2 0 0 0 0 0 0 0
car 0.0 0 0 284 32 291 48 0 0 0 0 0 0 0
car 0.0 0 0 275 29 283 45 0 0 0 0 0 0 0
car 0.0 0 0 266 31 275 44 0 0 0 0 0 0 0
car 0.0 0 0 258 30 268 42 0 0 0 0 0 0 0
car 0.0 0 0 250 29 259 41 0 0 0 0 0 0 0
