car 0.0 0 0 254 4 268 28 0 0 0 0 0 0 0
car 0.0 0 0 247 7 256 22 0 0 0 0 0 0 0
car 0.0 0 0 237 4 247 20 0 0 0 0 0 0 0
car 0.0 0 0 39 118 57 128 0 0 0 0 0 0 0
car 0.0 0 0 37 127 52 135 0 0 0 0 0 0 0
car 0.0 0 0 16 132 33 141 0 0 0 0 0 0 0
car 0.0 0 0 36 135 50 143 0 0 0 0 0 0 0
car 0.0 0 0 34 143 50 149 0 0 0 0 0 0 0
car 0.0 0 0 33 161 48 168 0 0 0 0 0 0 0
car 0.0 0 0 63 122 79 132 0 0 0 0 0 0 0
car 0.0 0 0 210 183 225 208 0 0 0 0 0 0 0
car 0.0 0 0 314 169 335 178 0 0 0 0 0 0 0
car 0.0 0 0 276 67 284 82 0 0 0 0 0 0 0
car 0.0 0 0 310 213 330 224 0 0 0 0 0 0 0
car 0.0 0 0 295 103 312 115 0 0 0 0 0 0 0
car 0.0 0 0 233 243 246 263 0 0 0 0 0 0 0
car 0.0 0 0 266 208 285 218 0 0 0 0 0 0 0
car 0.0 0 0 263 218 280 227 0 0 0 0 0 0 0
car 0.0 0 0 63 177 73 189 0 0 0 0 0 0 0
car 0.0 0 0 54 176 63 188 0 0 0 0 0 0 0
car 0.0 0 0 79 180 87 192 0 0 0 0 0 0 0
car 0.0 0 0 71 177 80 189 0 0 0 0 0 0 0
car 0.33333333333333337 0 0 165 0 173 8 0 0 0 0 0 0 0
car 0.0 0 0 183 3 192 12 0 0 0 0 0 0 0
car 0.6 0 0 134 0 144 4 0 0 0 0 0 0 0
car 0.0 0 0 314 178 332 190 0 0 0 0 0 0 0
car 0.0 0 0 314 186 330 196 0 0 0 0 0 0 0
car 0.0 0 0 317 196 332 205 0 0 0 0 0 0 0
car 0.07692307692307687 0 0 224 0 233 12 0 0 0 0 0 0 0
