car 0.0 0 0 341 237 350 253 0 0 0 0 0 0 0
car 0.7777777777777778 0 0 350 237 352 253 0 0 0 0 0 0 0
car 0.0 0 0 322 266 338 275 0 0 0 0 0 0 0
car 0.0 0 0 291 252 309 262 0 0 0 0 0 0 0
car 0.0 0 0 245 218 253 232 0 0 0 0 0 0 0
car 0.0 0 0 227 216 235 229 0 0 0 0 0 0 0
car 0.0 0 0 217 214 226 227 0 0 0 0 0 0 0
car 0.0 0 0 204 209 217 233 0 0 0 0 0 0 0
car 0.0 0 0 207 266 220 288 0 0 0 0 0 0 0
car 0.0 0 0 186 269 196 285 0 0 0 0 0 0 0
car 0.0 0 0 178 269 186 283 0 0 0 0 0 0 0
car 0.0 0 0 118 206 130 221 0 0 0 0 0 0 0
car 0.0 0 0 148 279 158 299 0 0 0 0 0 0 0
car 0.5217391304347826 0 0 92 341 104 352 0 0 0 0 0 0 0
car 0.0 0 0 120 188 132 202 0 0 0 0 0 0 0
car 0.0 0 0 294 89 305 102 0 0 0 0 0 0 0
car 0.0 0 0 307 89 316 103 0 0 0 0 0 0 0
car 0.0 0 0 254 49 269 93 0 0 0 0 0 0 0
car 0.0 0 0 274 4 286 40 0 0 0 0 0 0 0
car 0.0 0 0 265 37 282 82 0 0 0 0 0 0 0
car 0.0 0 0 266 222 275 240 0 0 0 0 0 0 0
car 0.0 0 0 254 220 262 234 0 0 0 0 0 0 0
car 0.0 0 0 293 228 301 238 0 0 0 0 0 0 0
car 0.0 0 0 301 230 311 248 0 0 0 0 0 0 0
car 0.0 0 0 311 232 318 245 0 0 0 0 0 0 0
car 0.0 0 0 321 232 330 244 0 0 0 0 0 0 0
car 0.0 0 0 332 229 342 251 0 0 0 0 0 0 0
car 0.0 0 0 221 273 229 287 0 0 0 0 0 0 0
car 0.0 0 0 273 288 280 299 0 0 0 0 0 0 0
