car 0.2222222222222222 0 0 338 342 352 352 0 0 0 0 0 0 0
car 0.7857142857142857 0 0 349 295 352 315 0 0 0 0 0 0 0
car 0.0 0 0 337 315 348 331 0 0 0 0 0 0 0
car 0.0 0 0 341 295 349 309 0 0 0 0 0 0 0
car 0.0 0 0 330 295 341 312 0 0 0 0 0 0 0
car 0.0 0 0 322 293 331 309 0 0 0 0 0 0 0
car 0.0 0 0 316 308 326 326 0 0 0 0 0 0 0
car 0.0 0 0 306 307 317 327 0 0 0 0 0 0 0
car 0.0 0 0 311 290 322 307 0 0 0 0 0 0 0
car 0.0 0 0 301 289 310 306 0 0 0 0 0 0 0
car 0.0 0 0 295 308 306 325 0 0 0 0 0 0 0
car 0.0 0 0 289 289 300 305 0 0 0 0 0 0 0
car 0.0 0 0 279 286 289 303 0 0 0 0 0 0 0
car 0.0 0 0 285 304 297 322 0 0 0 0 0 0 0
car 0.0 0 0 278 304 287 320 0 0 0 0 0 0 0
car 0.0 0 0 272 287 281 303 0 0 0 0 0 0 0
car 0.0 0 0 265 285 274 302 0 0 0 0 0 0 0
car 0.0 0 0 268 302 279 320 0 0 0 0 0 0 0
car 0.0 0 0 259 302 267 316 0 0 0 0 0 0 0
car 0.0 0 0 253 283 265 300 0 0 0 0 0 0 0
car 0.0 0 0 244 282 254 298 0 0 0 0 0 0 0
car 0.0 0 0 251 302 259 316 0 0 0 0 0 0 0
car 0.0 0 0 236 280 246 298 0 0 0 0 0 0 0
car 0.0 0 0 240 297 250 313 0 0 0 0 0 0 0
car 0.0 0 0 321 264 334 278 0 0 0 0 0 0 0
car 0.0 0 0 316 257 328 271 0 0 0 0 0 0 0
car 0.0 0 0 303 258 315 272 0 0 0 0 0 0 0
car 0.0 0 0 297 257 306 268 0 0 0 0 0 0 0
car 0.0 0 0 276 251 287 263 0 0 0 0 0 0 0
car 0.0 0 0 253 249 266 263 0 0 0 0 0 0 0
car 0.0 0 0 266 247 279 262 0 0 0 0 0 0 0
car 0.0 0 0 285 250 299 265 0 0 0 0 0 0 0
