car 0.4285714285714286 0 0 42 348 59 352 0 0 0 0 0 0 0
car 0.0 0 0 14 342 32 352 0 0 0 0 0 0 0
car 0.0 0 0 75 323 85 336 0 0 0 0 0 0 0
car 0.0 0 0 85 320 93 336 0 0 0 0 0 0 0
car 0.0 0 0 63 320 74 333 0 0 0 0 0 0 0
car 0.0 0 0 58 305 68 320 0 0 0 0 0 0 0
car 0.0 0 0 68 304 77 321 0 0 0 0 0 0 0
car 0.0 0 0 76 306 88 321 0 0 0 0 0 0 0
car 0.0 0 0 49 303 57 317 0 0 0 0 0 0 0
car 0.0 0 0 54 318 64 335 0 0 0 0 0 0 0
car 0.0 0 0 41 318 55 334 0 0 0 0 0 0 0
car 0.0 0 0 38 302 47 316 0 0 0 0 0 0 0
car 0.0 0 0 25 295 39 315 0 0 0 0 0 0 0
car 0.0 0 0 33 318 43 332 0 0 0 0 0 0 0
car 0.0 0 0 13 315 24 331 0 0 0 0 0 0 0
car 0.0 0 0 17 295 25 309 0 0 0 0 0 0 0
car 0.0 0 0 6 295 17 312 0 0 0 0 0 0 0
car 0.2222222222222222 0 0 0 293 7 309 0 0 0 0 0 0 0
car 0.8 0 0 0 308 2 326 0 0 0 0 0 0 0
car 0.0 0 0 48 271 61 286 0 0 0 0 0 0 0
car 0.0 0 0 72 270 86 285 0 0 0 0 0 0 0
car 0.0 0 0 31 265 42 280 0 0 0 0 0 0 0
car 0.23076923076923073 0 0 0 264 10 278 0 0 0 0 0 0 0
car 0.6666666666666667 0 0 0 257 4 271 0 0 0 0 0 0 0
car 0.0 0 0 83 272 96 291 0 0 0 0 0 0 0
car 0.0 0 0 107 276 119 288 0 0 0 0 0 0 0
car 0.0 0 0 95 275 107 290 0 0 0 0 0 0 0
car 0.0 0 0 300 221 308 234 0 0 0 0 0 0 0
car 0.0 0 0 245 211 252 226 0 0 0 0 0 0 0
car 0.0 0 0 333 221 341 237 0 0 0 0 0 0 0
car 0.0 0 0 234 56 248 67 0 0 0 0 0 0 0
car 0.0 0 0 256 58 274 69 0 0 0 0 0 0 0
car 0.0 0 0 227 42 242 53 0 0 0 0 0 0 0
