car 0.0 0 0 269 1 277 20 0 0 0 0 0 0 0
car 0.0 0 0 259 1 269 19 0 0 0 0 0 0 0
car 0.06666666666666665 0 0 237 0 245 14 0 0 0 0 0 0 0
car 0.4375 0 0 212 0 221 9 0 0 0 0 0 0 0
car 0.5714285714285714 0 0 204 0 212 6 0 0 0 0 0 0 0
car 1.0 0 0 170 0 178 0 0 0 0 0 0 0 0
car 0.8823529411764706 0 0 147 0 157 2 0 0 0 0 0 0 0
car 0.6153846153846154 0 0 195 0 204 5 0 0 0 0 0 0 0
car 0.47619047619047616 0 0 0 169 11 178 0 0 0 0 0 0 0
car 0.0 0 0 64 95 73 110 0 0 0 0 0 0 0
car 0.7 0 0 0 213 6 224 0 0 0 0 0 0 0
car 0.0 0 0 102 214 118 224 0 0 0 0 0 0 0
car 0.0 0 0 205 217 220 226 0 0 0 0 0 0 0
car 0.0 0 0 204 224 219 232 0 0 0 0 0 0 0
car 0.0 0 0 199 230 216 241 0 0 0 0 0 0 0
car 0.0 0 0 200 237 215 248 0 0 0 0 0 0 0
car 0.0 0 0 297 168 318 184 0 0 0 0 0 0 0
car 0.0 0 0 232 159 249 171 0 0 0 0 0 0 0
car 0.0 0 0 167 50 176 62 0 0 0 0 0 0 0
car 0.0 0 0 157 48 166 60 0 0 0 0 0 0 0
car 0.0 0 0 148 48 157 57 0 0 0 0 0 0 0
car 0.0 0 0 192 53 199 65 0 0 0 0 0 0 0
car 0.0 0 0 239 61 248 73 0 0 0 0 0 0 0
car 0.5555555555555556 0 0 0 178 8 190 0 0 0 0 0 0 0
car 0.625 0 0 0 186 6 196 0 0 0 0 0 0 0
car 0.4666666666666667 0 0 0 196 8 205 0 0 0 0 0 0 0
car 0.0 0 0 207 203 223 211 0 0 0 0 0 0 0
car 0.7857142857142857 0 0 179 0 186 3 0 0 0 0 0 0 0
car 0.3125 0 0 221 0 231 11 0 0 0 0 0 0 0
