car 0.6875 0 0 0 127 5 142 0 0 0 0 0 0 0
car 0.8636363636363636 0 0 0 178 3 194 0 0 0 0 0 0 0
car 0.625 0 0 0 157 6 172 0 0 0 0 0 0 0
car 0.0 0 0 0 150 18 164 0 0 0 0 0 0 0
car 0.0 0 0 22 147 41 161 0 0 0 0 0 0 0
car 0.0 0 0 49 183 66 198 0 0 0 0 0 0 0
car 0.0 0 0 28 197 44 213 0 0 0 0 0 0 0
car 0.0 0 0 68 213 87 232 0 0 0 0 0 0 0
car 0.0 0 0 38 215 59 232 0 0 0 0 0 0 0
car 0.0 0 0 48 241 65 260 0 0 0 0 0 0 0
car 0.0 0 0 88 281 100 293 0 0 0 0 0 0 0
car 0.0 0 0 122 297 140 309 0 0 0 0 0 0 0
car 0.0 0 0 125 280 143 292 0 0 0 0 0 0 0
car 0.0 0 0 124 262 140 278 0 0 0 0 0 0 0
car 0.0 0 0 181 312 199 325 0 0 0 0 0 0 0
car 0.0 0 0 181 324 197 336 0 0 0 0 0 0 0
car 0.0 0 0 227 221 245 237 0 0 0 0 0 0 0
car 0.0 0 0 263 251 279 264 0 0 0 0 0 0 0
car 0.0 0 0 297 266 313 281 0 0 0 0 0 0 0
car 0.0 0 0 317 269 331 279 0 0 0 0 0 0 0
car 0.0 0 0 188 178 204 193 0 0 0 0 0 0 0
car 0.0 0 0 154 162 171 176 0 0 0 0 0 0 0
car 0.0 0 0 182 129 196 141 0 0 0 0 0 0 0
car 0.0 0 0 167 113 180 125 0 0 0 0 0 0 0
car 0.0 0 0 132 73 150 87 0 0 0 0 0 0 0
car 0.0 0 0 153 102 166 113 0 0 0 0 0 0 0
car 0.0 0 0 290 86 312 121 0 0 0 0 0 0 0
car 0.0 0 0 315 102 337 109 0 0 0 0 0 0 0
car 0.0 0 0 312 109 332 116 0 0 0 0 0 0 0
car 0.0 0 0 307 118 326 125 0 0 0 0 0 0 0
car 0.07692307692307687 0 0 164 0 197 36 0 0 0 0 0 0 0
car 0.0 0 0 107 23 124 37 0 0 0 0 0 0 0
car 0.0 0 0 101 20 119 33 0 0 0 0 0 0 0
car 0.0 0 0 94 13 112 25 0 0 0 0 0 0 0
car 0.0 0 0 91 9 106 20 0 0 0 0 0 0 0
car 0.0 0 0 85 3 102 17 0 0 0 0 0 0 0
car 0.1428571428571429 0 0 81 0 99 12 0 0 0 0 0 0 0
car 0.5 0 0 72 0 92 6 0 0 0 0 0 0 0
car 0.0 0 0 149 316 185 346 0 0 0 0 0 0 0
