car 0.9375 0 0 0 26 1 38 0 0 0 0 0 0 0
car 0.0 0 0 67 83 103 115 0 0 0 0 0 0 0
car 0.03703703703703709 0 0 72 0 87 26 0 0 0 0 0 0 0
car 0.33333333333333337 0 0 166 0 186 8 0 0 0 0 0 0 0
car 0.0 0 0 152 11 169 25 0 0 0 0 0 0 0
car 0.0 0 0 127 43 144 56 0 0 0 0 0 0 0
car 0.0 0 0 123 48 138 63 0 0 0 0 0 0 0
car 0.0 0 0 126 4 135 19 0 0 0 0 0 0 0
car 0.0 0 0 117 13 130 28 0 0 0 0 0 0 0
car 0.19999999999999996 0 0 0 198 16 212 0 0 0 0 0 0 0
car 0.0 0 0 18 225 37 240 0 0 0 0 0 0 0
car 0.0 0 0 89 239 107 255 0 0 0 0 0 0 0
car 0.0 0 0 67 274 83 287 0 0 0 0 0 0 0
car 0.0 0 0 129 302 145 320 0 0 0 0 0 0 0
car 0.0 0 0 333 200 348 229 0 0 0 0 0 0 0
car 0.0 0 0 118 121 156 154 0 0 0 0 0 0 0
car 0.0 0 0 112 144 129 159 0 0 0 0 0 0 0
car 0.0 0 0 170 188 186 202 0 0 0 0 0 0 0
car 0.0 0 0 192 86 209 100 0 0 0 0 0 0 0
car 0.0 0 0 191 217 210 231 0 0 0 0 0 0 0
car 0.0 0 0 256 279 278 295 0 0 0 0 0 0 0
car 0.0 0 0 87 274 105 291 0 0 0 0 0 0 0
car 0.0 0 0 292 319 310 337 0 0 0 0 0 0 0
car 0.0 0 0 155 317 167 328 0 0 0 0 0 0 0
