car 0.0 0 0 328 212 345 226 0 0 0 0 0 0 0
car 0.8461538461538461 0 0 350 154 352 164 0 0 0 0 0 0 0
car 0.0 0 0 336 163 351 176 0 0 0 0 0 0 0
car 0.0 0 0 325 172 339 185 0 0 0 0 0 0 0
car 0.0 0 0 307 186 324 197 0 0 0 0 0 0 0
car 0.0 0 0 235 241 249 250 0 0 0 0 0 0 0
car 0.0 0 0 231 255 246 265 0 0 0 0 0 0 0
car 0.0 0 0 292 198 307 208 0 0 0 0 0 0 0
car 0.0 0 0 214 254 229 268 0 0 0 0 0 0 0
car 0.0 0 0 179 274 195 284 0 0 0 0 0 0 0
car 0.0 0 0 189 275 205 288 0 0 0 0 0 0 0
car 0.0 0 0 177 286 192 298 0 0 0 0 0 0 0
car 0.0 0 0 146 310 163 322 0 0 0 0 0 0 0
car 0.0 0 0 121 330 138 341 0 0 0 0 0 0 0
car 0.0 0 0 98 339 114 350 0 0 0 0 0 0 0
car 0.1428571428571429 0 0 110 340 125 352 0 0 0 0 0 0 0
car 0.9090909090909091 0 0 96 351 112 352 0 0 0 0 0 0 0
car 0.0 0 0 221 310 232 319 0 0 0 0 0 0 0
car 0.0 0 0 114 326 127 337 0 0 0 0 0 0 0
car 0.0 0 0 140 319 149 327 0 0 0 0 0 0 0
car 0.0 0 0 134 324 142 331 0 0 0 0 0 0 0
car 0.0 0 0 160 301 172 310 0 0 0 0 0 0 0
car 0.0 0 0 265 279 280 292 0 0 0 0 0 0 0
car 0.0 0 0 253 225 266 238 0 0 0 0 0 0 0
