car 0.0 0 0 152 10 164 29 0 0 0 0 0 0 0
car 0.0 0 0 238 14 262 32 0 0 0 0 0 0 0
car 0.0 0 0 253 39 269 54 0 0 0 0 0 0 0
car 0.0 0 0 287 37 304 49 0 0 0 0 0 0 0
car 0.0 0 0 289 75 306 89 0 0 0 0 0 0 0
car 0.0 0 0 299 69 316 83 0 0 0 0 0 0 0
car 0.0 0 0 314 83 331 98 0 0 0 0 0 0 0
car 0.0 0 0 334 74 351 86 0 0 0 0 0 0 0
car 0.0 0 0 330 83 348 97 0 0 0 0 0 0 0
car 0.0 0 0 137 48 152 63 0 0 0 0 0 0 0
car 0.0 0 0 130 68 146 83 0 0 0 0 0 0 0
car 0.0 0 0 111 81 131 96 0 0 0 0 0 0 0
car 0.0 0 0 4 212 21 226 0 0 0 0 0 0 0
car 0.0 0 0 74 116 90 126 0 0 0 0 0 0 0
car 0.0 0 0 61 126 75 137 0 0 0 0 0 0 0
car 0.0 0 0 53 136 64 145 0 0 0 0 0 0 0
car 0.0 0 0 40 143 54 156 0 0 0 0 0 0 0
car 0.0 0 0 26 154 39 164 0 0 0 0 0 0 0
car 0.0 0 0 12 163 27 176 0 0 0 0 0 0 0
car 0.0 0 0 1 172 15 185 0 0 0 0 0 0 0
car 1.0 0 0 0 186 0 197 0 0 0 0 0 0 0
car 0.0 0 0 209 8 221 22 0 0 0 0 0 0 0
car 0.0 0 0 311 34 324 45 0 0 0 0 0 0 0
