car 0.0 0 0 121 6 138 17 0 0 0 0 0 0 0
car 0.0 0 0 98 15 114 26 0 0 0 0 0 0 0
car 0.0 0 0 110 16 125 30 0 0 0 0 0 0 0
car 0.0 0 0 96 27 112 38 0 0 0 0 0 0 0
car 0.0 0 0 155 41 170 51 0 0 0 0 0 0 0
car 0.0 0 0 111 60 125 69 0 0 0 0 0 0 0
car 0.0 0 0 98 69 114 80 0 0 0 0 0 0 0
car 0.0 0 0 88 77 103 88 0 0 0 0 0 0 0
car 0.0 0 0 104 83 117 95 0 0 0 0 0 0 0
car 0.0 0 0 27 83 44 96 0 0 0 0 0 0 0
car 0.0 0 0 62 100 76 111 0 0 0 0 0 0 0
car 0.0 0 0 84 38 97 49 0 0 0 0 0 0 0
car 0.0 0 0 57 57 73 69 0 0 0 0 0 0 0
car 0.0 0 0 42 67 60 82 0 0 0 0 0 0 0
car 0.0 0 0 114 2 127 13 0 0 0 0 0 0 0
car 0.625 0 0 140 0 149 3 0 0 0 0 0 0 0
car 0.0 0 0 134 0 142 7 0 0 0 0 0 0 0
car 0.0 0 0 11 113 24 125 0 0 0 0 0 0 0
