car 0.0 0 0 226 110 239 124 0 0 0 0 0 0 0
car 0.0 0 0 181 144 198 157 0 0 0 0 0 0 0
car 0.0 0 0 189 138 204 149 0 0 0 0 0 0 0
car 0.0 0 0 197 134 211 145 0 0 0 0 0 0 0
car 0.0 0 0 204 130 217 139 0 0 0 0 0 0 0
car 0.0 0 0 208 125 225 136 0 0 0 0 0 0 0
car 0.0 0 0 247 92 262 102 0 0 0 0 0 0 0
car 0.0 0 0 255 90 268 99 0 0 0 0 0 0 0
car 0.0 0 0 259 81 275 93 0 0 0 0 0 0 0
car 0.0 0 0 246 49 259 58 0 0 0 0 0 0 0
car 0.0 0 0 235 57 248 64 0 0 0 0 0 0 0
car 0.0 0 0 232 63 243 70 0 0 0 0 0 0 0
car 0.0 0 0 116 61 128 71 0 0 0 0 0 0 0
