car 0.0 0 0 0 266 17 277 0 0 0 0 0 0 0
car 0.9895833333333334 0 0 0 350 1 352 0 0 0 0 0 0 0
car 0.0 0 0 72 323 87 350 0 0 0 0 0 0 0
car 0.0 0 0 166 320 186 332 0 0 0 0 0 0 0
car 0.0 0 0 152 335 169 349 0 0 0 0 0 0 0
car 0.0 0 0 156 289 174 300 0 0 0 0 0 0 0
car 0.0 0 0 149 298 165 308 0 0 0 0 0 0 0
car 0.0 0 0 144 302 161 314 0 0 0 0 0 0 0
car 0.0 0 0 126 328 135 343 0 0 0 0 0 0 0
car 0.0 0 0 117 337 130 352 0 0 0 0 0 0 0
car 0.0 0 0 37 281 55 295 0 0 0 0 0 0 0
car 0.0 0 0 31 278 47 289 0 0 0 0 0 0 0
car 0.0 0 0 25 262 47 284 0 0 0 0 0 0 0
car 0.0 0 0 17 254 38 282 0 0 0 0 0 0 0
