car 0.0 0 0 142 87 156 103 0 0 0 0 0 0 0
car 0.0 0 0 158 77 174 86 0 0 0 0 0 0 0
car 0.0 0 0 174 103 188 112 0 0 0 0 0 0 0
car 0.0 0 0 145 152 159 162 0 0 0 0 0 0 0
car 0.0 0 0 148 162 158 169 0 0 0 0 0 0 0
car 0.0 0 0 215 164 228 174 0 0 0 0 0 0 0
car 0.0 0 0 218 171 234 180 0 0 0 0 0 0 0
car 0.0 0 0 155 172 168 181 0 0 0 0 0 0 0
car 0.0 0 0 160 179 175 186 0 0 0 0 0 0 0
car 0.0 0 0 164 185 179 194 0 0 0 0 0 0 0
car 0.0 0 0 170 193 181 200 0 0 0 0 0 0 0
car 0.0 0 0 179 211 194 218 0 0 0 0 0 0 0
car 0.0 0 0 185 216 201 223 0 0 0 0 0 0 0
car 0.0 0 0 238 206 254 214 0 0 0 0 0 0 0
car 0.0 0 0 250 299 262 314 0 0 0 0 0 0 0
car 0.0 0 0 300 315 313 325 0 0 0 0 0 0 0
car 0.0 0 0 297 308 310 314 0 0 0 0 0 0 0
car 0.0 0 0 252 341 265 347 0 0 0 0 0 0 0
car 0.0 0 0 284 290 296 296 0 0 0 0 0 0 0
car 0.0 0 0 141 147 154 156 0 0 0 0 0 0 0
car 0.0 0 0 174 199 188 207 0 0 0 0 0 0 0
car 0.0 0 0 137 41 151 49 0 0 0 0 0 0 0
car 0.0 0 0 145 55 164 67 0 0 0 0 0 0 0
car 0.0 0 0 175 114 195 121 0 0 0 0 0 0 0
car 0.0 0 0 122 122 130 129 0 0 0 0 0 0 0
car 0.0 0 0 78 50 88 59 0 0 0 0 0 0 0
car 0.0 0 0 92 77 104 83 0 0 0 0 0 0 0
car 0.0 0 0 165 86 176 92 0 0 0 0 0 0 0
car 0.0 0 0 239 310 253 321 0 0 0 0 0 0 0
