car 0.0 0 0 0 205 13 215 0 0 0 0 0 0 0
car 0.0 0 0 2 216 16 226 0 0 0 0 0 0 0
car 0.0 0 0 23 221 41 234 0 0 0 0 0 0 0
car 0.0 0 0 42 237 55 246 0 0 0 0 0 0 0
car 0.0 0 0 15 246 32 259 0 0 0 0 0 0 0
car 0.0 0 0 65 250 78 259 0 0 0 0 0 0 0
car 0.0 0 0 85 258 97 268 0 0 0 0 0 0 0
car 0.0 0 0 51 254 68 265 0 0 0 0 0 0 0
car 0.0 0 0 47 262 63 273 0 0 0 0 0 0 0
car 0.0 0 0 89 275 106 285 0 0 0 0 0 0 0
car 0.0 0 0 41 277 58 287 0 0 0 0 0 0 0
car 0.0 0 0 121 276 136 287 0 0 0 0 0 0 0
car 0.0 0 0 139 289 154 299 0 0 0 0 0 0 0
car 0.0 0 0 118 299 130 309 0 0 0 0 0 0 0
car 0.0 0 0 165 308 178 316 0 0 0 0 0 0 0
car 0.0 0 0 188 304 202 314 0 0 0 0 0 0 0
car 0.0 0 0 157 328 175 338 0 0 0 0 0 0 0
car 0.0 0 0 215 330 229 342 0 0 0 0 0 0 0
car 0.0 0 0 181 323 194 333 0 0 0 0 0 0 0
car 0.0 0 0 192 315 211 328 0 0 0 0 0 0 0
car 0.9 0 0 215 351 227 352 0 0 0 0 0 0 0
car 0.555555555556 0 0 225 348 238 352 0 0 0 0 0 0 0
car 0.7 0 0 248 349 262 352 0 0 0 0 0 0 0
car 0.636363636364 0 0 169 348 181 352 0 0 0 0 0 0 0
car 0.0 0 0 41 136 61 147 0 0 0 0 0 0 0
car 0.529411764706 0 0 0 104 8 115 0 0 0 0 0 0 0
car 1.0 0 0 0 2 0 11 0 0 0 0 0 0 0
car 0.0 0 0 5 6 14 16 0 0 0 0 0 0 0
car 0.0 0 0 15 10 26 24 0 0 0 0 0 0 0
car 0.0 0 0 31 3 42 14 0 0 0 0 0 0 0
car 0.0 0 0 15 71 34 87 0 0 0 0 0 0 0
car 0.0 0 0 26 10 34 20 0 0 0 0 0 0 0
