car 0.1875 0 0 339 9 352 16 0 0 0 0 0 0 0
car 0.0 0 0 306 10 319 19 0 0 0 0 0 0 0
car 0.9375 0 0 351 183 352 197 0 0 0 0 0 0 0
car 0.0 0 0 326 157 341 168 0 0 0 0 0 0 0
car 0.0 0 0 258 43 271 50 0 0 0 0 0 0 0
car 0.0 0 0 246 49 258 58 0 0 0 0 0 0 0
car 0.0 0 0 316 325 330 335 0 0 0 0 0 0 0
car 0.0 0 0 44 252 54 262 0 0 0 0 0 0 0
car 0.0 0 0 38 264 48 278 0 0 0 0 0 0 0
car 0.0 0 0 37 283 46 295 0 0 0 0 0 0 0
car 0.0 0 0 280 313 317 336 0 0 0 0 0 0 0
car 0.0 0 0 32 236 41 246 0 0 0 0 0 0 0
car 0.0 0 0 25 286 33 298 0 0 0 0 0 0 0
car 0.0 0 0 326 16 339 24 0 0 0 0 0 0 0
car 0.0 0 0 280 27 292 37 0 0 0 0 0 0 0
car 0.0 0 0 267 34 281 45 0 0 0 0 0 0 0
car 0.0 0 0 237 53 249 61 0 0 0 0 0 0 0
car 0.0 0 0 232 58 242 64 0 0 0 0 0 0 0
car 0.0 0 0 138 41 147 49 0 0 0 0 0 0 0
car 0.0 0 0 299 119 311 127 0 0 0 0 0 0 0
car 0.0 0 0 53 229 64 240 0 0 0 0 0 0 0
car 0.0 0 0 35 297 43 305 0 0 0 0 0 0 0
