car 0.0 0 0 17 39 31 49 0 0 0 0 0 0 0
car 0.0 0 0 4 52 21 62 0 0 0 0 0 0 0
car 0.0 0 0 24 72 37 81 0 0 0 0 0 0 0
car 0.0 0 0 30 67 45 75 0 0 0 0 0 0 0
car 0.0 0 0 41 49 53 59 0 0 0 0 0 0 0
car 0.0 0 0 84 72 96 82 0 0 0 0 0 0 0
car 0.0 0 0 59 72 74 79 0 0 0 0 0 0 0
car 0.0 0 0 66 83 87 97 0 0 0 0 0 0 0
car 0.0 0 0 41 94 59 106 0 0 0 0 0 0 0
car 0.0 0 0 88 106 100 115 0 0 0 0 0 0 0
car 0.0 0 0 104 94 116 102 0 0 0 0 0 0 0
car 0.0 0 0 136 122 152 132 0 0 0 0 0 0 0
car 0.0 0 0 105 127 166 166 0 0 0 0 0 0 0
car 0.0 0 0 171 139 185 150 0 0 0 0 0 0 0
car 0.0 0 0 162 113 178 125 0 0 0 0 0 0 0
car 0.0 0 0 189 138 201 148 0 0 0 0 0 0 0
car 0.0 0 0 212 142 228 152 0 0 0 0 0 0 0
car 0.0 0 0 233 166 251 176 0 0 0 0 0 0 0
car 0.0 0 0 258 169 272 179 0 0 0 0 0 0 0
car 0.0 0 0 227 189 240 200 0 0 0 0 0 0 0
car 0.0 0 0 241 183 255 192 0 0 0 0 0 0 0
car 0.0 0 0 266 185 281 196 0 0 0 0 0 0 0
car 0.0 0 0 294 191 308 200 0 0 0 0 0 0 0
car 0.0 0 0 289 197 299 207 0 0 0 0 0 0 0
car 0.0 0 0 289 207 304 217 0 0 0 0 0 0 0
car 0.0 0 0 275 211 289 222 0 0 0 0 0 0 0
car 0.0 0 0 261 214 273 224 0 0 0 0 0 0 0
car 0.0 0 0 142 240 158 250 0 0 0 0 0 0 0
car 0.0 0 0 150 234 164 243 0 0 0 0 0 0 0
car 0.0 0 0 155 228 169 237 0 0 0 0 0 0 0
car 0.0 0 0 140 250 154 259 0 0 0 0 0 0 0
car 0.0 0 0 98 260 113 270 0 0 0 0 0 0 0
car 0.0 0 0 324 205 337 215 0 0 0 0 0 0 0
car 0.0 0 0 326 216 340 226 0 0 0 0 0 0 0
car 0.722222222222 0 0 347 221 352 234 0 0 0 0 0 0 0
car 0.235294117647 0 0 339 246 352 259 0 0 0 0 0 0 0
car 0.0 0 0 315 104 332 115 0 0 0 0 0 0 0
car 0.0 0 0 308 2 324 11 0 0 0 0 0 0 0
car 0.0 0 0 329 6 338 16 0 0 0 0 0 0 0
car 0.0 0 0 339 10 350 24 0 0 0 0 0 0 0
car 0.315789473684 0 0 339 71 352 87 0 0 0 0 0 0 0
car 0.559440559441 0 0 0 343 14 352 0 0 0 0 0 0 0
car 0.0 0 0 32 228 43 235 0 0 0 0 0 0 0
car 0.0 0 0 39 220 53 232 0 0 0 0 0 0 0
car 0.0 0 0 47 216 61 227 0 0 0 0 0 0 0
car 0.0 0 0 56 210 69 222 0 0 0 0 0 0 0
car 0.0 0 0 82 194 95 203 0 0 0 0 0 0 0
car 0.0 0 0 161 221 176 232 0 0 0 0 0 0 0
car 0.75 0 0 350 10 352 20 0 0 0 0 0 0 0
