car 0.0 0 0 292 16 307 25 0 0 0 0 0 0 0
car 0.0 0 0 257 10 270 18 0 0 0 0 0 0 0
car 0.0 0 0 276 27 291 36 0 0 0 0 0 0 0
car 0.0 0 0 309 32 321 41 0 0 0 0 0 0 0
car 0.0 0 0 290 45 306 56 0 0 0 0 0 0 0
car 0.0 0 0 257 50 270 60 0 0 0 0 0 0 0
car 0.0 0 0 252 28 267 38 0 0 0 0 0 0 0
car 0.214285714286 0 0 341 39 352 49 0 0 0 0 0 0 0
car 0.0 0 0 328 52 345 62 0 0 0 0 0 0 0
car 0.0 0 0 294 62 311 76 0 0 0 0 0 0 0
car 0.692307692308 0 0 348 72 352 81 0 0 0 0 0 0 0
car 0.166666666667 0 0 264 342 285 352 0 0 0 0 0 0 0
car 0.307692307692 0 0 316 343 338 352 0 0 0 0 0 0 0
