car 0.0 0 0 157 4 175 14 0 0 0 0 0 0 0
car 0.0 0 0 199 32 215 44 0 0 0 0 0 0 0
car 0.0 0 0 215 6 229 18 0 0 0 0 0 0 0
car 0.1 0 0 181 0 194 9 0 0 0 0 0 0 0
car 0.692307692308 0 0 192 0 211 4 0 0 0 0 0 0 0
car 0.0 0 0 215 27 227 37 0 0 0 0 0 0 0
car 0.0 0 0 225 24 238 33 0 0 0 0 0 0 0
car 0.0 0 0 248 25 262 35 0 0 0 0 0 0 0
car 0.0 0 0 285 43 301 54 0 0 0 0 0 0 0
car 0.0 0 0 250 45 263 55 0 0 0 0 0 0 0
car 0.0 0 0 264 65 278 74 0 0 0 0 0 0 0
car 0.0 0 0 286 58 302 68 0 0 0 0 0 0 0
car 0.0 0 0 316 52 329 60 0 0 0 0 0 0 0
car 0.0 0 0 251 67 266 79 0 0 0 0 0 0 0
car 0.0 0 0 308 80 330 95 0 0 0 0 0 0 0
car 0.0 0 0 169 24 181 35 0 0 0 0 0 0 0
car 0.0 0 0 335 69 350 80 0 0 0 0 0 0 0
car 0.0 0 0 232 112 284 139 0 0 0 0 0 0 0
car 0.0 0 0 213 132 270 163 0 0 0 0 0 0 0
