car 0.0 0 0 336 79 350 93 0 0 0 0 0 0 0
car 0.521739130435 0 0 341 326 352 352 0 0 0 0 0 0 0
car 0.0 0 0 42 141 63 150 0 0 0 0 0 0 0
car 0.0 0 0 25 49 38 71 0 0 0 0 0 0 0
car 0.0 0 0 77 137 96 151 0 0 0 0 0 0 0
car 0.0 0 0 48 106 65 129 0 0 0 0 0 0 0
car 0.0 0 0 137 108 143 127 0 0 0 0 0 0 0
car 0.0 0 0 263 133 281 143 0 0 0 0 0 0 0
car 0.0 0 0 324 44 334 65 0 0 0 0 0 0 0
car 0.0 0 0 158 106 164 123 0 0 0 0 0 0 0
car 0.0 0 0 76 105 85 122 0 0 0 0 0 0 0
car 0.0 0 0 169 140 191 153 0 0 0 0 0 0 0
car 0.0 0 0 145 109 153 127 0 0 0 0 0 0 0
car 0.0 0 0 115 111 124 131 0 0 0 0 0 0 0
car 0.0 0 0 60 141 78 148 0 0 0 0 0 0 0
car 0.0 0 0 104 37 123 50 0 0 0 0 0 0 0
car 0.0 0 0 166 259 186 267 0 0 0 0 0 0 0
car 0.0 0 0 326 134 336 155 0 0 0 0 0 0 0
car 0.0 0 0 122 140 141 150 0 0 0 0 0 0 0
car 0.0 0 0 186 138 204 150 0 0 0 0 0 0 0
car 0.0 0 0 123 240 142 250 0 0 0 0 0 0 0
car 0.0 0 0 166 108 176 126 0 0 0 0 0 0 0
car 0.695652173913 0 0 345 242 352 253 0 0 0 0 0 0 0
