car 0.0 0 0 305 221 317 239 0 0 0 0 0 0 0
car 0.0 0 0 331 185 346 193 0 0 0 0 0 0 0
car 0.0 0 0 32 59 49 66 0 0 0 0 0 0 0
car 0.0 0 0 294 215 311 233 0 0 0 0 0 0 0
car 0.0 0 0 15 183 32 198 0 0 0 0 0 0 0
car 0.0 0 0 225 203 246 213 0 0 0 0 0 0 0
car 0.681818181818 0 0 0 39 7 52 0 0 0 0 0 0 0
car 0.0 0 0 177 76 194 94 0 0 0 0 0 0 0
car 0.0 0 0 138 160 155 172 0 0 0 0 0 0 0
car 0.0 0 0 221 193 242 201 0 0 0 0 0 0 0
car 0.571428571429 0 0 0 255 6 272 0 0 0 0 0 0 0
car 0.0 0 0 217 181 238 191 0 0 0 0 0 0 0
car 0.0 0 0 226 289 242 301 0 0 0 0 0 0 0
car 0.0 0 0 78 153 93 164 0 0 0 0 0 0 0
car 0.0 0 0 337 169 350 186 0 0 0 0 0 0 0
car 0.0 0 0 152 72 173 90 0 0 0 0 0 0 0
car 0.0 0 0 228 212 249 224 0 0 0 0 0 0 0
