car 0.0 0 0 64 86 76 95 0 0 0 0 0 0 0
car 0.0 0 0 89 225 110 238 0 0 0 0 0 0 0
car 0.0 0 0 80 245 109 252 0 0 0 0 0 0 0
car 0.0 0 0 225 187 235 201 0 0 0 0 0 0 0
car 0.0 0 0 221 160 238 177 0 0 0 0 0 0 0
car 0.0 0 0 80 33 97 56 0 0 0 0 0 0 0
car 0.0 0 0 74 129 85 145 0 0 0 0 0 0 0
car 0.0 0 0 108 249 132 261 0 0 0 0 0 0 0
car 0.0 0 0 92 80 110 96 0 0 0 0 0 0 0
car 0.0 0 0 318 288 340 306 0 0 0 0 0 0 0
car 0.0 0 0 298 1 316 10 0 0 0 0 0 0 0
car 0.0 0 0 121 276 135 295 0 0 0 0 0 0 0
car 0.0 0 0 217 276 241 287 0 0 0 0 0 0 0
car 0.0 0 0 307 205 331 216 0 0 0 0 0 0 0
