car 0.0 0 0 110 109 127 116 0 0 0 0 0 0 0
car 0.0 0 0 130 9 145 17 0 0 0 0 0 0 0
car 0.0 0 0 49 5 65 11 0 0 0 0 0 0 0
car 0.0 0 0 0 70 10 83 0 0 0 0 0 0 0
car 0.0 0 0 47 183 59 193 0 0 0 0 0 0 0
car 0.0 0 0 217 277 231 293 0 0 0 0 0 0 0
car 0.0 0 0 170 7 191 22 0 0 0 0 0 0 0
car 0.363636363636 0 0 0 272 7 289 0 0 0 0 0 0 0
car 0.0 0 0 127 274 141 290 0 0 0 0 0 0 0
car 0.0 0 0 322 317 331 330 0 0 0 0 0 0 0
car 0.0 0 0 305 104 323 116 0 0 0 0 0 0 0
car 0.0 0 0 88 273 96 288 0 0 0 0 0 0 0
car 0.0 0 0 80 311 100 324 0 0 0 0 0 0 0
car 0.0 0 0 278 306 289 328 0 0 0 0 0 0 0
car 0.0 0 0 199 276 212 293 0 0 0 0 0 0 0
car 0.0 0 0 245 13 268 20 0 0 0 0 0 0 0
car 0.0 0 0 26 273 35 289 0 0 0 0 0 0 0
car 0.0 0 0 27 308 38 320 0 0 0 0 0 0 0
car 0.0 0 0 294 277 302 295 0 0 0 0 0 0 0
car 0.0 0 0 77 329 99 343 0 0 0 0 0 0 0
car 0.0 0 0 37 309 50 325 0 0 0 0 0 0 0
car 0.0 0 0 323 19 342 29 0 0 0 0 0 0 0
car 0.0 0 0 162 274 171 290 0 0 0 0 0 0 0
car 0.0 0 0 77 305 92 317 0 0 0 0 0 0 0
