car 0.0 0 0 263 182 281 202 0 0 0 0 0 0 0
car 0.0 0 0 64 208 90 225 0 0 0 0 0 0 0
car 0.0 0 0 95 188 107 204 0 0 0 0 0 0 0
car 0.0 0 0 290 309 310 320 0 0 0 0 0 0 0
car 0.0 0 0 2 27 21 42 0 0 0 0 0 0 0
car 0.0 0 0 278 182 290 202 0 0 0 0 0 0 0
car 0.0 0 0 90 274 107 286 0 0 0 0 0 0 0
car 0.0 0 0 8 158 31 174 0 0 0 0 0 0 0
car 0.0 0 0 178 307 203 323 0 0 0 0 0 0 0
car 0.0 0 0 18 251 34 264 0 0 0 0 0 0 0
car 0.0 0 0 103 267 124 280 0 0 0 0 0 0 0
car 0.0 0 0 116 296 131 315 0 0 0 0 0 0 0
car 0.0 0 0 30 244 45 258 0 0 0 0 0 0 0
