car 0.0 0 0 60 310 76 317 0 0 0 0 0 0 0
car 0.833333333333 0 0 291 0 305 3 0 0 0 0 0 0 0
car 0.0 0 0 274 158 288 173 0 0 0 0 0 0 0
car 0.818181818182 0 0 0 315 4 332 0 0 0 0 0 0 0
car 0.0 0 0 139 307 191 322 0 0 0 0 0 0 0
car 0.0 0 0 27 307 47 320 0 0 0 0 0 0 0
car 0.0 0 0 77 59 99 77 0 0 0 0 0 0 0
car 0.0 0 0 198 184 218 201 0 0 0 0 0 0 0
car 0.0 0 0 116 139 137 154 0 0 0 0 0 0 0
car 0.0 0 0 293 200 303 225 0 0 0 0 0 0 0
car 0.0 0 0 255 200 273 218 0 0 0 0 0 0 0
car 0.0 0 0 308 152 327 172 0 0 0 0 0 0 0
car 0.0 0 0 140 154 158 170 0 0 0 0 0 0 0
car 0.0 0 0 260 191 279 201 0 0 0 0 0 0 0
