car 0.0 0 0 324 70 334 83 0 0 0 0 0 0 0
car 0.0 0 0 123 281 136 299 0 0 0 0 0 0 0
car 0.0 0 0 320 272 331 289 0 0 0 0 0 0 0
car 0.914438502674 0 0 0 0 4 8 0 0 0 0 0 0 0
car 0.0 0 0 23 280 40 289 0 0 0 0 0 0 0
car 0.0 0 0 216 291 229 311 0 0 0 0 0 0 0
car 0.777777777778 0 0 350 273 352 289 0 0 0 0 0 0 0
car 0.909090909091 0 0 351 308 352 320 0 0 0 0 0 0 0
car 0.0 0 0 154 280 167 298 0 0 0 0 0 0 0
car 0.0 0 0 52 300 62 316 0 0 0 0 0 0 0
car 0.0 0 0 105 281 123 300 0 0 0 0 0 0 0
car 0.0 0 0 149 244 160 264 0 0 0 0 0 0 0
car 0.0 0 0 195 297 204 309 0 0 0 0 0 0 0
car 0.0 0 0 102 249 116 265 0 0 0 0 0 0 0
car 0.0 0 0 299 270 313 285 0 0 0 0 0 0 0
