car 0.0 0 0 193 180 205 192 0 0 0 0 0 0 0
car 0.0 0 0 209 33 225 49 0 0 0 0 0 0 0
car 0.0 0 0 155 301 185 320 0 0 0 0 0 0 0
car 0.0 0 0 119 318 134 330 0 0 0 0 0 0 0
car 0.0 0 0 110 312 125 323 0 0 0 0 0 0 0
car 0.0 0 0 147 177 162 196 0 0 0 0 0 0 0
car 0.235294117647 0 0 339 183 352 198 0 0 0 0 0 0 0
car 0.0 0 0 193 225 209 247 0 0 0 0 0 0 0
car 0.0 0 0 309 39 331 52 0 0 0 0 0 0 0
car 0.0 0 0 148 242 159 255 0 0 0 0 0 0 0
car 0.0 0 0 316 255 330 272 0 0 0 0 0 0 0
car 0.0 0 0 38 183 59 199 0 0 0 0 0 0 0
car 1.0 0 0 0 298 0 321 0 0 0 0 0 0 0
car 0.111111111111 0 0 0 117 16 134 0 0 0 0 0 0 0
car 0.0 0 0 178 293 196 301 0 0 0 0 0 0 0
