car 0.0 0 0 57 234 65 251 0 0 0 0 0 0 0
car 0.0 0 0 142 273 160 293 0 0 0 0 0 0 0
car 0.0 0 0 16 233 37 254 0 0 0 0 0 0 0
car 0.0 0 0 303 308 322 321 0 0 0 0 0 0 0
car 0.0 0 0 232 270 248 286 0 0 0 0 0 0 0
car 0.0 0 0 189 224 206 245 0 0 0 0 0 0 0
car 0.0 0 0 164 270 178 292 0 0 0 0 0 0 0
car 0.0 0 0 310 10 325 29 0 0 0 0 0 0 0
car 0.0 0 0 170 225 181 245 0 0 0 0 0 0 0
car 0.0 0 0 238 40 253 52 0 0 0 0 0 0 0
car 0.0 0 0 301 299 319 311 0 0 0 0 0 0 0
car 0.0 0 0 81 275 92 298 0 0 0 0 0 0 0
car 0.0 0 0 248 223 263 241 0 0 0 0 0 0 0
car 0.0 0 0 124 231 139 251 0 0 0 0 0 0 0
