car 0.0 0 0 113 103 127 116 0 0 0 0 0 0 0
car 0.0 0 0 288 103 298 115 0 0 0 0 0 0 0
car 0.0 0 0 253 105 262 124 0 0 0 0 0 0 0
car 0.0 0 0 197 120 213 131 0 0 0 0 0 0 0
car 0.0 0 0 122 51 144 65 0 0 0 0 0 0 0
car 0.0 0 0 245 298 258 314 0 0 0 0 0 0 0
car 0.0 0 0 122 77 143 93 0 0 0 0 0 0 0
car 0.0 0 0 293 84 316 98 0 0 0 0 0 0 0
car 0.0 0 0 274 126 291 150 0 0 0 0 0 0 0
car 0.0 0 0 162 26 176 46 0 0 0 0 0 0 0
car 0.0 0 0 218 125 229 137 0 0 0 0 0 0 0
car 0.0 0 0 336 153 352 174 0 0 0 0 0 0 0
car 0.0 0 0 163 280 184 297 0 0 0 0 0 0 0
car 0.0 0 0 55 92 73 112 0 0 0 0 0 0 0
car 0.0 0 0 247 225 262 241 0 0 0 0 0 0 0
car 0.0 0 0 120 68 142 86 0 0 0 0 0 0 0
