car 0.0 0 0 30 291 40 308 0 0 0 0 0 0 0
car 0.0 0 0 160 49 172 58 0 0 0 0 0 0 0
car 0.0 0 0 76 112 84 122 0 0 0 0 0 0 0
car 0.0 0 0 89 117 104 124 0 0 0 0 0 0 0
car 0.0 0 0 135 261 157 276 0 0 0 0 0 0 0
car 0.0 0 0 90 74 104 90 0 0 0 0 0 0 0
car 0.0 0 0 119 94 139 110 0 0 0 0 0 0 0
car 0.0 0 0 150 192 177 202 0 0 0 0 0 0 0
car 0.0 0 0 150 56 169 67 0 0 0 0 0 0 0
car 0.0 0 0 185 158 206 176 0 0 0 0 0 0 0
car 0.111111111111 0 0 80 336 106 352 0 0 0 0 0 0 0
car 0.0 0 0 99 76 117 100 0 0 0 0 0 0 0
car 0.0 0 0 201 98 221 113 0 0 0 0 0 0 0
