car 0.0 0 0 322 145 339 155 0 0 0 0 0 0 0
car 0.0 0 0 343 113 352 129 0 0 0 0 0 0 0
car 0.777777777778 0 0 350 75 352 89 0 0 0 0 0 0 0
car 0.0 0 0 340 76 350 90 0 0 0 0 0 0 0
car 0.0 0 0 332 77 343 91 0 0 0 0 0 0 0
car 0.0 0 0 323 77 334 93 0 0 0 0 0 0 0
car 0.0 0 0 331 60 342 76 0 0 0 0 0 0 0
car 0.0 0 0 340 60 351 76 0 0 0 0 0 0 0
car 0.0 0 0 292 24 304 38 0 0 0 0 0 0 0
car 0.0 0 0 300 24 311 40 0 0 0 0 0 0 0
car 0.0 0 0 317 23 328 40 0 0 0 0 0 0 0
car 0.0 0 0 325 23 336 40 0 0 0 0 0 0 0
car 0.0 0 0 340 21 352 38 0 0 0 0 0 0 0
car 0.0 0 0 129 288 146 300 0 0 0 0 0 0 0
