car 0.0 0 0 300 241 318 257 0 0 0 0 0 0 0
car 0.0 0 0 298 231 315 242 0 0 0 0 0 0 0
car 0.272727272727 0 0 336 292 352 309 0 0 0 0 0 0 0
car 0.0 0 0 332 284 346 296 0 0 0 0 0 0 0
car 0.0 0 0 117 314 131 333 0 0 0 0 0 0 0
car 0.0 0 0 133 283 150 296 0 0 0 0 0 0 0
car 0.0 0 0 132 274 150 287 0 0 0 0 0 0 0
car 0.0 0 0 234 333 245 350 0 0 0 0 0 0 0
car 0.0 0 0 241 274 258 286 0 0 0 0 0 0 0
car 0.0 0 0 239 264 257 276 0 0 0 0 0 0 0
car 0.0 0 0 238 254 256 266 0 0 0 0 0 0 0
car 0.0 0 0 224 227 241 241 0 0 0 0 0 0 0
car 0.0 0 0 211 230 226 243 0 0 0 0 0 0 0
car 0.0 0 0 221 243 237 257 0 0 0 0 0 0 0
car 0.0 0 0 235 243 252 255 0 0 0 0 0 0 0
car 0.0 0 0 202 237 220 249 0 0 0 0 0 0 0
car 0.0 0 0 177 258 196 272 0 0 0 0 0 0 0
car 0.0 0 0 179 279 197 290 0 0 0 0 0 0 0
car 0.0 0 0 195 245 213 256 0 0 0 0 0 0 0
car 0.0 0 0 197 254 216 266 0 0 0 0 0 0 0
car 0.0 0 0 199 265 216 274 0 0 0 0 0 0 0
car 0.0 0 0 235 314 246 330 0 0 0 0 0 0 0
car 0.0 0 0 247 310 261 329 0 0 0 0 0 0 0
car 0.0 0 0 219 319 229 333 0 0 0 0 0 0 0
car 0.0 0 0 226 315 236 331 0 0 0 0 0 0 0
car 0.0 0 0 198 308 217 319 0 0 0 0 0 0 0
car 0.0 0 0 200 299 219 311 0 0 0 0 0 0 0
car 0.0 0 0 200 290 217 302 0 0 0 0 0 0 0
car 0.0 0 0 201 281 217 293 0 0 0 0 0 0 0
car 0.0 0 0 195 271 215 282 0 0 0 0 0 0 0
car 0.0 0 0 28 270 46 282 0 0 0 0 0 0 0
