car 0.0 0 0 314 20 329 30 0 0 0 0 0 0 0
car 0.0 0 0 326 21 343 31 0 0 0 0 0 0 0
car 0.0 0 0 333 29 346 39 0 0 0 0 0 0 0
car 0.0 0 0 333 37 349 47 0 0 0 0 0 0 0
car 0.0 0 0 336 47 350 56 0 0 0 0 0 0 0
car 0.0 0 0 256 71 266 87 0 0 0 0 0 0 0
car 0.0 0 0 255 84 267 99 0 0 0 0 0 0 0
car 0.0 0 0 258 99 268 112 0 0 0 0 0 0 0
car 0.0 0 0 258 113 270 126 0 0 0 0 0 0 0
car 0.0 0 0 261 125 272 141 0 0 0 0 0 0 0
car 0.0 0 0 273 42 282 55 0 0 0 0 0 0 0
car 0.0 0 0 284 227 296 243 0 0 0 0 0 0 0
car 0.0 0 0 293 227 304 242 0 0 0 0 0 0 0
car 0.0 0 0 302 225 312 241 0 0 0 0 0 0 0
car 0.0 0 0 299 211 310 225 0 0 0 0 0 0 0
car 0.0 0 0 290 211 299 225 0 0 0 0 0 0 0
car 0.0 0 0 270 212 280 229 0 0 0 0 0 0 0
car 0.0 0 0 263 200 274 214 0 0 0 0 0 0 0
car 0.0 0 0 277 212 289 229 0 0 0 0 0 0 0
car 0.0 0 0 326 208 343 219 0 0 0 0 0 0 0
car 0.0 0 0 328 217 343 226 0 0 0 0 0 0 0
car 0.0 0 0 309 211 324 218 0 0 0 0 0 0 0
car 0.0 0 0 308 218 323 228 0 0 0 0 0 0 0
car 0.0 0 0 309 224 325 234 0 0 0 0 0 0 0
car 0.0 0 0 312 232 326 241 0 0 0 0 0 0 0
car 0.0 0 0 328 232 343 242 0 0 0 0 0 0 0
car 0.0 0 0 325 225 344 235 0 0 0 0 0 0 0
car 0.466666666667 0 0 344 207 352 218 0 0 0 0 0 0 0
car 0.428571428571 0 0 344 223 352 233 0 0 0 0 0 0 0
car 0.642857142857 0 0 347 232 352 241 0 0 0 0 0 0 0
car 0.0 0 0 262 183 273 200 0 0 0 0 0 0 0
car 0.0 0 0 271 182 280 197 0 0 0 0 0 0 0
car 0.0 0 0 269 167 279 182 0 0 0 0 0 0 0
car 0.0 0 0 261 170 271 183 0 0 0 0 0 0 0
car 0.9 0 0 351 119 352 134 0 0 0 0 0 0 0
car 0.916666666667 0 0 351 133 352 146 0 0 0 0 0 0 0
car 0.0833333333333 0 0 341 134 352 143 0 0 0 0 0 0 0
car 0.0 0 0 340 127 351 136 0 0 0 0 0 0 0
car 0.0 0 0 338 117 352 127 0 0 0 0 0 0 0
car 0.0 0 0 338 108 351 117 0 0 0 0 0 0 0
car 0.0 0 0 338 101 351 109 0 0 0 0 0 0 0
car 0.0 0 0 339 94 351 103 0 0 0 0 0 0 0
car 0.0 0 0 338 87 351 95 0 0 0 0 0 0 0
car 0.0 0 0 337 79 350 88 0 0 0 0 0 0 0
car 0.0 0 0 337 71 349 79 0 0 0 0 0 0 0
car 0.0 0 0 335 62 349 71 0 0 0 0 0 0 0
car 0.0 0 0 284 83 298 93 0 0 0 0 0 0 0
car 0.0 0 0 287 99 297 107 0 0 0 0 0 0 0
car 0.0 0 0 283 66 297 75 0 0 0 0 0 0 0
car 0.0 0 0 283 59 296 67 0 0 0 0 0 0 0
car 0.0 0 0 283 52 294 59 0 0 0 0 0 0 0
car 0.0 0 0 263 41 273 53 0 0 0 0 0 0 0
car 0.0 0 0 280 40 296 50 0 0 0 0 0 0 0
car 0.0 0 0 299 41 314 49 0 0 0 0 0 0 0
car 0.0 0 0 286 76 298 84 0 0 0 0 0 0 0
car 0.0 0 0 1 28 19 40 0 0 0 0 0 0 0
car 0.0 0 0 2 44 16 54 0 0 0 0 0 0 0
car 0.0 0 0 118 262 133 272 0 0 0 0 0 0 0
car 0.0 0 0 106 262 120 279 0 0 0 0 0 0 0
car 0.0 0 0 157 255 170 272 0 0 0 0 0 0 0
car 0.0 0 0 146 257 157 272 0 0 0 0 0 0 0
car 0.0 0 0 24 265 36 281 0 0 0 0 0 0 0
car 0.0 0 0 16 266 27 281 0 0 0 0 0 0 0
car 0.0 0 0 8 268 18 283 0 0 0 0 0 0 0
car 0.454545454545 0 0 0 268 6 282 0 0 0 0 0 0 0
car 0.0 0 0 44 152 55 168 0 0 0 0 0 0 0
car 0.0 0 0 56 188 73 199 0 0 0 0 0 0 0
car 0.0 0 0 58 181 73 190 0 0 0 0 0 0 0
car 0.0 0 0 56 175 72 183 0 0 0 0 0 0 0
car 0.0 0 0 56 168 70 176 0 0 0 0 0 0 0
car 0.0 0 0 56 160 72 169 0 0 0 0 0 0 0
car 0.0 0 0 56 153 69 162 0 0 0 0 0 0 0
car 0.0 0 0 55 146 69 155 0 0 0 0 0 0 0
car 0.0 0 0 54 138 68 147 0 0 0 0 0 0 0
car 0.0 0 0 54 130 69 140 0 0 0 0 0 0 0
car 0.0 0 0 54 124 69 132 0 0 0 0 0 0 0
car 0.0 0 0 53 117 67 124 0 0 0 0 0 0 0
car 0.0 0 0 53 110 68 118 0 0 0 0 0 0 0
car 0.0 0 0 54 102 67 112 0 0 0 0 0 0 0
car 0.0 0 0 52 95 68 104 0 0 0 0 0 0 0
car 0.0 0 0 52 88 67 98 0 0 0 0 0 0 0
car 0.0 0 0 50 81 66 91 0 0 0 0 0 0 0
car 0.0 0 0 51 74 66 83 0 0 0 0 0 0 0
car 0.0 0 0 50 66 67 75 0 0 0 0 0 0 0
car 0.0 0 0 296 168 303 186 0 0 0 0 0 0 0
