car 0.0 0 0 333 200 351 211 0 0 0 0 0 0 0
car 0.0 0 0 332 176 342 191 0 0 0 0 0 0 0
car 0.0 0 0 322 176 335 191 0 0 0 0 0 0 0
car 0.0 0 0 305 173 323 192 0 0 0 0 0 0 0
car 0.0 0 0 280 256 298 268 0 0 0 0 0 0 0
car 0.0 0 0 239 268 260 281 0 0 0 0 0 0 0
car 0.0 0 0 246 251 261 261 0 0 0 0 0 0 0
car 0.0 0 0 247 241 261 251 0 0 0 0 0 0 0
car 0.0 0 0 246 217 257 226 0 0 0 0 0 0 0
car 0.0 0 0 249 208 259 217 0 0 0 0 0 0 0
car 0.0 0 0 148 205 168 219 0 0 0 0 0 0 0
car 0.0 0 0 130 172 146 183 0 0 0 0 0 0 0
car 0.0 0 0 89 164 106 176 0 0 0 0 0 0 0
car 0.0 0 0 0 277 16 289 0 0 0 0 0 0 0
car 0.733333333333 0 0 0 344 5 352 0 0 0 0 0 0 0
car 0.3 0 0 2 345 19 352 0 0 0 0 0 0 0
car 0.0 0 0 83 343 99 351 0 0 0 0 0 0 0
car 0.8 0 0 82 350 101 352 0 0 0 0 0 0 0
car 0.0 0 0 81 311 94 327 0 0 0 0 0 0 0
car 0.0 0 0 95 309 105 322 0 0 0 0 0 0 0
car 0.0 0 0 96 321 107 334 0 0 0 0 0 0 0
car 0.0 0 0 96 334 113 343 0 0 0 0 0 0 0
car 0.0 0 0 98 342 113 351 0 0 0 0 0 0 0
car 0.666666666667 0 0 100 349 113 352 0 0 0 0 0 0 0
car 0.0 0 0 39 285 62 294 0 0 0 0 0 0 0
