car 0.133333333333 0 0 286 339 297 352 0 0 0 0 0 0 0
car 0.0 0 0 281 284 294 301 0 0 0 0 0 0 0
car 0.0 0 0 266 274 282 287 0 0 0 0 0 0 0
car 0.0 0 0 239 264 256 276 0 0 0 0 0 0 0
car 0.538461538462 0 0 153 346 164 352 0 0 0 0 0 0 0
car 0.0 0 0 107 311 117 325 0 0 0 0 0 0 0
car 0.0 0 0 99 313 109 326 0 0 0 0 0 0 0
car 0.0 0 0 117 309 126 323 0 0 0 0 0 0 0
car 0.0 0 0 141 308 150 321 0 0 0 0 0 0 0
car 0.0 0 0 49 315 60 331 0 0 0 0 0 0 0
car 0.0 0 0 46 287 59 297 0 0 0 0 0 0 0
car 0.0 0 0 59 285 75 297 0 0 0 0 0 0 0
car 0.0 0 0 76 283 93 294 0 0 0 0 0 0 0
car 0.0 0 0 92 283 108 294 0 0 0 0 0 0 0
car 0.0 0 0 108 281 125 292 0 0 0 0 0 0 0
car 0.0 0 0 151 270 167 281 0 0 0 0 0 0 0
car 0.0 0 0 150 307 160 322 0 0 0 0 0 0 0
car 0.0 0 0 167 268 184 279 0 0 0 0 0 0 0
car 0.0 0 0 182 266 199 277 0 0 0 0 0 0 0
car 0.0 0 0 202 265 219 276 0 0 0 0 0 0 0
car 0.0 0 0 220 264 238 276 0 0 0 0 0 0 0
car 0.9375 0 0 80 351 89 352 0 0 0 0 0 0 0
car 0.875 0 0 54 350 65 352 0 0 0 0 0 0 0
car 0.888888888889 0 0 45 350 56 352 0 0 0 0 0 0 0
car 0.0 0 0 77 314 83 327 0 0 0 0 0 0 0
car 0.0 0 0 69 317 75 327 0 0 0 0 0 0 0
