car 0.0 0 0 282 199 294 214 0 0 0 0 0 0 0
car 0.0 0 0 289 205 302 217 0 0 0 0 0 0 0
car 0.0 0 0 291 214 309 224 0 0 0 0 0 0 0
car 0.0 0 0 292 228 309 240 0 0 0 0 0 0 0
car 0.0 0 0 324 277 340 289 0 0 0 0 0 0 0
car 0.0 0 0 229 201 240 217 0 0 0 0 0 0 0
car 0.0 0 0 218 202 228 216 0 0 0 0 0 0 0
car 0.0 0 0 211 203 221 218 0 0 0 0 0 0 0
car 0.0 0 0 221 216 231 232 0 0 0 0 0 0 0
car 0.0 0 0 211 218 222 232 0 0 0 0 0 0 0
car 0.0 0 0 203 204 212 218 0 0 0 0 0 0 0
car 0.0 0 0 195 220 206 235 0 0 0 0 0 0 0
car 0.0 0 0 194 204 206 220 0 0 0 0 0 0 0
car 0.0 0 0 185 207 195 222 0 0 0 0 0 0 0
car 0.0 0 0 187 222 196 236 0 0 0 0 0 0 0
car 0.0 0 0 177 209 187 224 0 0 0 0 0 0 0
car 0.0 0 0 170 209 179 223 0 0 0 0 0 0 0
car 0.0 0 0 165 225 175 239 0 0 0 0 0 0 0
car 0.0 0 0 172 223 182 239 0 0 0 0 0 0 0
car 0.0 0 0 179 223 188 237 0 0 0 0 0 0 0
car 0.0 0 0 133 215 148 226 0 0 0 0 0 0 0
car 0.0 0 0 154 249 163 263 0 0 0 0 0 0 0
car 0.0 0 0 169 253 178 266 0 0 0 0 0 0 0
car 0.0 0 0 179 250 188 265 0 0 0 0 0 0 0
car 0.0 0 0 185 251 194 265 0 0 0 0 0 0 0
car 0.0 0 0 198 246 208 261 0 0 0 0 0 0 0
car 0.0 0 0 210 234 227 244 0 0 0 0 0 0 0
car 0.0 0 0 204 264 219 275 0 0 0 0 0 0 0
car 0.0 0 0 189 266 204 276 0 0 0 0 0 0 0
car 0.0 0 0 171 267 186 278 0 0 0 0 0 0 0
car 0.0 0 0 154 267 171 279 0 0 0 0 0 0 0
car 0.0 0 0 100 253 117 264 0 0 0 0 0 0 0
car 0.0 0 0 124 300 134 315 0 0 0 0 0 0 0
car 0.0 0 0 153 298 163 314 0 0 0 0 0 0 0
car 0.0 0 0 176 295 187 312 0 0 0 0 0 0 0
car 0.0 0 0 185 297 195 311 0 0 0 0 0 0 0
car 0.0 0 0 192 296 203 311 0 0 0 0 0 0 0
car 0.0 0 0 201 296 211 310 0 0 0 0 0 0 0
car 0.0 0 0 208 296 219 311 0 0 0 0 0 0 0
car 0.0 0 0 218 295 227 308 0 0 0 0 0 0 0
car 0.0 0 0 226 296 236 309 0 0 0 0 0 0 0
car 0.0 0 0 209 250 217 262 0 0 0 0 0 0 0
car 0.0 0 0 52 195 71 210 0 0 0 0 0 0 0
car 0.0 0 0 295 301 314 312 0 0 0 0 0 0 0
car 0.0 0 0 293 294 312 306 0 0 0 0 0 0 0
car 0.0 0 0 296 287 310 297 0 0 0 0 0 0 0
car 0.2 0 0 314 344 329 352 0 0 0 0 0 0 0
car 0.3 0 0 326 345 343 352 0 0 0 0 0 0 0
car 0.0 0 0 260 295 273 314 0 0 0 0 0 0 0
car 0.0 0 0 271 297 285 312 0 0 0 0 0 0 0
car 0.0 0 0 280 289 296 311 0 0 0 0 0 0 0
car 0.0 0 0 266 278 283 288 0 0 0 0 0 0 0
car 0.0 0 0 268 285 283 295 0 0 0 0 0 0 0
car 0.0 0 0 81 281 93 298 0 0 0 0 0 0 0
car 0.0 0 0 73 284 82 299 0 0 0 0 0 0 0
car 0.0 0 0 12 292 34 309 0 0 0 0 0 0 0
car 0.0 0 0 8 284 22 296 0 0 0 0 0 0 0
car 0.0 0 0 299 244 310 252 0 0 0 0 0 0 0
