car 0.0 0 0 293 197 316 213 0 0 0 0 0 0 0
car 0.0 0 0 333 83 344 99 0 0 0 0 0 0 0
car 0.333333333333 0 0 346 46 352 61 0 0 0 0 0 0 0
car 0.0 0 0 337 46 347 61 0 0 0 0 0 0 0
car 0.0 0 0 330 47 340 62 0 0 0 0 0 0 0
car 0.0 0 0 327 29 338 46 0 0 0 0 0 0 0
car 0.0 0 0 335 30 345 46 0 0 0 0 0 0 0
car 0.0 0 0 313 49 324 64 0 0 0 0 0 0 0
car 0.0 0 0 311 29 323 46 0 0 0 0 0 0 0
car 0.0 0 0 302 31 315 47 0 0 0 0 0 0 0
car 0.0 0 0 294 31 307 49 0 0 0 0 0 0 0
car 0.0 0 0 303 49 315 63 0 0 0 0 0 0 0
car 0.0 0 0 296 50 306 63 0 0 0 0 0 0 0
car 0.0 0 0 286 32 297 49 0 0 0 0 0 0 0
car 0.0 0 0 261 34 272 51 0 0 0 0 0 0 0
car 0.0 0 0 261 52 274 68 0 0 0 0 0 0 0
car 0.0 0 0 271 34 281 49 0 0 0 0 0 0 0
car 0.0 0 0 271 50 282 64 0 0 0 0 0 0 0
car 0.0 0 0 280 50 289 63 0 0 0 0 0 0 0
car 0.0 0 0 288 50 297 63 0 0 0 0 0 0 0
car 0.0 0 0 279 36 289 50 0 0 0 0 0 0 0
car 0.0 0 0 248 54 256 68 0 0 0 0 0 0 0
car 0.0 0 0 244 36 256 52 0 0 0 0 0 0 0
car 0.0 0 0 227 36 240 54 0 0 0 0 0 0 0
car 0.0 0 0 240 55 249 69 0 0 0 0 0 0 0
car 0.0 0 0 229 53 240 69 0 0 0 0 0 0 0
car 0.0 0 0 257 88 267 105 0 0 0 0 0 0 0
car 0.0 0 0 232 93 243 107 0 0 0 0 0 0 0
car 0.0 0 0 202 53 214 71 0 0 0 0 0 0 0
car 0.0 0 0 203 35 214 53 0 0 0 0 0 0 0
car 0.0 0 0 194 38 204 53 0 0 0 0 0 0 0
car 0.0 0 0 186 55 198 71 0 0 0 0 0 0 0
car 0.0 0 0 178 41 189 57 0 0 0 0 0 0 0
car 0.0 0 0 162 58 174 73 0 0 0 0 0 0 0
car 0.0 0 0 170 39 181 58 0 0 0 0 0 0 0
car 0.0 0 0 162 42 172 56 0 0 0 0 0 0 0
car 0.0 0 0 153 42 164 57 0 0 0 0 0 0 0
car 0.0 0 0 137 41 149 61 0 0 0 0 0 0 0
car 0.0 0 0 128 42 139 58 0 0 0 0 0 0 0
car 0.0 0 0 129 61 141 78 0 0 0 0 0 0 0
car 0.0 0 0 316 84 327 99 0 0 0 0 0 0 0
car 0.0 0 0 81 61 89 76 0 0 0 0 0 0 0
car 0.0 0 0 59 48 72 64 0 0 0 0 0 0 0
car 0.0 0 0 49 13 59 30 0 0 0 0 0 0 0
car 0.0 0 0 56 11 66 24 0 0 0 0 0 0 0
car 0.0 0 0 65 12 74 27 0 0 0 0 0 0 0
car 0.0 0 0 75 12 83 22 0 0 0 0 0 0 0
car 0.0 0 0 99 11 110 23 0 0 0 0 0 0 0
car 0.0 0 0 109 11 119 26 0 0 0 0 0 0 0
car 0.230769230769 0 0 0 13 10 31 0 0 0 0 0 0 0
