car 0.0 0 0 304 332 314 346 0 0 0 0 0 0 0
car 0.0 0 0 296 332 307 347 0 0 0 0 0 0 0
car 0.0 0 0 289 332 298 347 0 0 0 0 0 0 0
car 0.0 0 0 281 332 291 348 0 0 0 0 0 0 0
car 0.0 0 0 268 334 278 349 0 0 0 0 0 0 0
car 0.0 0 0 260 334 269 349 0 0 0 0 0 0 0
car 0.0 0 0 51 317 70 331 0 0 0 0 0 0 0
car 0.0 0 0 284 231 305 243 0 0 0 0 0 0 0
car 0.0 0 0 193 177 209 188 0 0 0 0 0 0 0
car 0.0 0 0 287 33 300 53 0 0 0 0 0 0 0
car 0.0 0 0 286 15 297 30 0 0 0 0 0 0 0
car 0.0 0 0 173 72 187 91 0 0 0 0 0 0 0
car 0.0 0 0 49 80 63 98 0 0 0 0 0 0 0
car 0.0 0 0 40 84 52 99 0 0 0 0 0 0 0
car 0.0 0 0 9 83 20 99 0 0 0 0 0 0 0
car 0.0 0 0 180 36 191 51 0 0 0 0 0 0 0
car 0.0 0 0 154 36 168 51 0 0 0 0 0 0 0
car 0.0 0 0 153 22 164 35 0 0 0 0 0 0 0
car 0.0 0 0 130 37 143 53 0 0 0 0 0 0 0
car 0.0 0 0 98 41 112 59 0 0 0 0 0 0 0
car 0.0 0 0 89 42 100 58 0 0 0 0 0 0 0
car 0.928571428571 0 0 107 0 117 1 0 0 0 0 0 0 0
car 0.846153846154 0 0 99 0 109 2 0 0 0 0 0 0 0
car 0.5625 0 0 49 0 60 7 0 0 0 0 0 0 0
car 0.0 0 0 87 28 97 39 0 0 0 0 0 0 0
car 0.0 0 0 80 27 89 43 0 0 0 0 0 0 0
car 0.0 0 0 81 42 92 59 0 0 0 0 0 0 0
car 0.0 0 0 73 42 83 56 0 0 0 0 0 0 0
car 0.0 0 0 71 28 82 42 0 0 0 0 0 0 0
car 0.0 0 0 54 26 65 42 0 0 0 0 0 0 0
car 0.0 0 0 45 26 56 44 0 0 0 0 0 0 0
car 0.0 0 0 65 43 74 60 0 0 0 0 0 0 0
car 0.0 0 0 54 45 67 63 0 0 0 0 0 0 0
car 0.0 0 0 30 30 40 44 0 0 0 0 0 0 0
car 0.0 0 0 39 44 50 60 0 0 0 0 0 0 0
car 0.0 0 0 30 45 42 64 0 0 0 0 0 0 0
car 0.0 0 0 22 46 31 61 0 0 0 0 0 0 0
car 0.0 0 0 13 46 23 61 0 0 0 0 0 0 0
car 0.0 0 0 6 47 16 62 0 0 0 0 0 0 0
car 0.0 0 0 3 29 14 46 0 0 0 0 0 0 0
car 0.0 0 0 11 30 21 46 0 0 0 0 0 0 0
car 1.0 0 0 0 49 0 64 0 0 0 0 0 0 0
car 0.727272727273 0 0 0 84 3 99 0 0 0 0 0 0 0
car 0.769230769231 0 0 77 0 83 3 0 0 0 0 0 0 0
car 0.7 0 0 69 0 75 3 0 0 0 0 0 0 0
