car 0.666666666667 0 0 0 20 5 30 0 0 0 0 0 0 0
car 0.0 0 0 2 21 19 31 0 0 0 0 0 0 0
car 0.0 0 0 9 29 22 39 0 0 0 0 0 0 0
car 0.0 0 0 9 37 25 47 0 0 0 0 0 0 0
car 0.0 0 0 12 47 26 56 0 0 0 0 0 0 0
car 0.0 0 0 58 75 74 85 0 0 0 0 0 0 0
car 0.0 0 0 58 99 73 110 0 0 0 0 0 0 0
car 0.0 0 0 60 109 73 119 0 0 0 0 0 0 0
car 0.0 0 0 60 114 74 125 0 0 0 0 0 0 0
car 0.0 0 0 58 86 73 96 0 0 0 0 0 0 0
car 0.0 0 0 83 19 99 27 0 0 0 0 0 0 0
car 0.0 0 0 82 26 101 36 0 0 0 0 0 0 0
car 0.0 0 0 83 36 98 44 0 0 0 0 0 0 0
car 0.0 0 0 86 42 102 51 0 0 0 0 0 0 0
car 0.0 0 0 87 69 103 79 0 0 0 0 0 0 0
car 0.0 0 0 91 98 108 110 0 0 0 0 0 0 0
car 0.0 0 0 87 108 106 119 0 0 0 0 0 0 0
car 0.0 0 0 91 113 108 124 0 0 0 0 0 0 0
car 0.0 0 0 91 122 107 132 0 0 0 0 0 0 0
car 0.0 0 0 88 129 108 141 0 0 0 0 0 0 0
car 0.0 0 0 2 208 19 219 0 0 0 0 0 0 0
car 0.0 0 0 4 217 19 226 0 0 0 0 0 0 0
car 1.0 0 0 0 211 0 218 0 0 0 0 0 0 0
car 0.9375 0 0 0 224 1 234 0 0 0 0 0 0 0
car 0.857142857143 0 0 0 232 2 241 0 0 0 0 0 0 0
car 0.0 0 0 4 232 19 242 0 0 0 0 0 0 0
car 0.0 0 0 1 225 20 235 0 0 0 0 0 0 0
car 0.0 0 0 20 207 35 218 0 0 0 0 0 0 0
car 0.0 0 0 20 223 34 233 0 0 0 0 0 0 0
car 0.0 0 0 23 232 37 241 0 0 0 0 0 0 0
car 0.0 0 0 34 222 48 232 0 0 0 0 0 0 0
car 0.0 0 0 37 230 53 240 0 0 0 0 0 0 0
car 0.0 0 0 35 207 49 216 0 0 0 0 0 0 0
car 0.0 0 0 48 222 63 233 0 0 0 0 0 0 0
car 0.0 0 0 52 231 66 240 0 0 0 0 0 0 0
car 0.0 0 0 48 206 64 215 0 0 0 0 0 0 0
car 0.0 0 0 65 203 80 214 0 0 0 0 0 0 0
car 0.0 0 0 63 220 81 231 0 0 0 0 0 0 0
car 0.0 0 0 66 229 82 238 0 0 0 0 0 0 0
car 0.0 0 0 77 204 94 214 0 0 0 0 0 0 0
car 0.0 0 0 82 229 98 237 0 0 0 0 0 0 0
car 0.0 0 0 81 220 96 230 0 0 0 0 0 0 0
car 0.0 0 0 113 209 128 219 0 0 0 0 0 0 0
car 0.0 0 0 112 218 128 227 0 0 0 0 0 0 0
car 0.0 0 0 112 225 129 235 0 0 0 0 0 0 0
car 0.0 0 0 78 173 96 184 0 0 0 0 0 0 0
car 0.0 0 0 62 171 80 182 0 0 0 0 0 0 0
car 0.0 0 0 29 146 41 163 0 0 0 0 0 0 0
car 0.0 0 0 27 119 37 134 0 0 0 0 0 0 0
car 0.0 0 0 27 133 39 146 0 0 0 0 0 0 0
car 0.0 0 0 17 134 29 143 0 0 0 0 0 0 0
car 0.0 0 0 16 127 27 136 0 0 0 0 0 0 0
car 0.0 0 0 14 117 28 127 0 0 0 0 0 0 0
car 0.0 0 0 14 108 27 117 0 0 0 0 0 0 0
car 0.0 0 0 14 101 27 109 0 0 0 0 0 0 0
car 0.0 0 0 15 94 27 103 0 0 0 0 0 0 0
car 0.0 0 0 14 87 27 95 0 0 0 0 0 0 0
car 0.0 0 0 13 79 26 88 0 0 0 0 0 0 0
car 0.0 0 0 13 71 25 79 0 0 0 0 0 0 0
car 0.0 0 0 11 62 25 71 0 0 0 0 0 0 0
car 0.0 0 0 164 129 182 139 0 0 0 0 0 0 0
car 0.0 0 0 181 136 197 146 0 0 0 0 0 0 0
car 0.0 0 0 196 135 215 145 0 0 0 0 0 0 0
car 0.0 0 0 191 83 207 94 0 0 0 0 0 0 0
car 0.0 0 0 190 74 208 83 0 0 0 0 0 0 0
car 0.0 0 0 157 65 168 81 0 0 0 0 0 0 0
car 0.0 0 0 154 54 171 64 0 0 0 0 0 0 0
car 0.0 0 0 253 196 269 207 0 0 0 0 0 0 0
car 0.0 0 0 303 194 319 205 0 0 0 0 0 0 0
car 0.0 0 0 301 212 318 222 0 0 0 0 0 0 0
car 0.0 0 0 231 148 248 160 0 0 0 0 0 0 0
car 0.8125 0 0 81 0 94 3 0 0 0 0 0 0 0
car 0.230769230769 0 0 96 0 107 10 0 0 0 0 0 0 0
car 0.0 0 0 96 10 113 19 0 0 0 0 0 0 0
car 0.0 0 0 98 18 113 27 0 0 0 0 0 0 0
car 0.0 0 0 100 25 113 34 0 0 0 0 0 0 0
car 0.0 0 0 98 32 114 42 0 0 0 0 0 0 0
car 0.0 0 0 100 40 114 49 0 0 0 0 0 0 0
car 0.0 0 0 101 48 115 55 0 0 0 0 0 0 0
car 0.0 0 0 101 54 116 63 0 0 0 0 0 0 0
car 0.0 0 0 101 62 117 69 0 0 0 0 0 0 0
car 0.0 0 0 102 68 116 79 0 0 0 0 0 0 0
car 0.0 0 0 104 77 118 87 0 0 0 0 0 0 0
car 0.0 0 0 103 90 120 100 0 0 0 0 0 0 0
car 0.0 0 0 108 101 119 108 0 0 0 0 0 0 0
car 0.0 0 0 104 108 119 116 0 0 0 0 0 0 0
car 0.0 0 0 107 115 120 123 0 0 0 0 0 0 0
car 0.0 0 0 106 122 122 131 0 0 0 0 0 0 0
car 0.0 0 0 108 129 122 137 0 0 0 0 0 0 0
car 0.0 0 0 267 137 281 147 0 0 0 0 0 0 0
car 0.0 0 0 268 116 279 124 0 0 0 0 0 0 0
car 0.0 0 0 265 89 278 96 0 0 0 0 0 0 0
car 0.0 0 0 267 101 279 110 0 0 0 0 0 0 0
car 0.0 0 0 269 149 277 157 0 0 0 0 0 0 0
car 0.0 0 0 268 157 278 166 0 0 0 0 0 0 0
car 0.0 0 0 267 110 277 118 0 0 0 0 0 0 0
