car 0.0 0 0 337 182 348 199 0 0 0 0 0 0 0
car 0.0 0 0 337 200 350 216 0 0 0 0 0 0 0
car 0.0 0 0 324 202 332 216 0 0 0 0 0 0 0
car 0.0 0 0 320 184 332 200 0 0 0 0 0 0 0
car 0.0 0 0 303 184 316 202 0 0 0 0 0 0 0
car 0.0 0 0 316 203 325 217 0 0 0 0 0 0 0
car 0.0 0 0 305 201 316 217 0 0 0 0 0 0 0
car 0.0 0 0 333 236 343 253 0 0 0 0 0 0 0
car 0.0 0 0 308 241 319 255 0 0 0 0 0 0 0
car 0.0 0 0 278 201 290 219 0 0 0 0 0 0 0
car 0.0 0 0 279 183 290 201 0 0 0 0 0 0 0
car 0.0 0 0 270 186 280 201 0 0 0 0 0 0 0
car 0.0 0 0 262 203 274 219 0 0 0 0 0 0 0
car 0.0 0 0 254 189 265 205 0 0 0 0 0 0 0
car 0.0 0 0 238 206 250 221 0 0 0 0 0 0 0
car 0.0 0 0 246 187 257 206 0 0 0 0 0 0 0
car 0.0 0 0 238 190 248 204 0 0 0 0 0 0 0
car 0.0 0 0 229 190 240 205 0 0 0 0 0 0 0
car 0.0 0 0 213 189 225 209 0 0 0 0 0 0 0
car 0.0 0 0 204 190 215 206 0 0 0 0 0 0 0
car 0.0 0 0 205 209 217 226 0 0 0 0 0 0 0
car 0.0 0 0 157 209 165 224 0 0 0 0 0 0 0
car 0.0 0 0 135 196 148 212 0 0 0 0 0 0 0
car 0.0 0 0 125 161 135 178 0 0 0 0 0 0 0
car 0.0 0 0 132 159 142 172 0 0 0 0 0 0 0
car 0.0 0 0 141 160 150 175 0 0 0 0 0 0 0
car 0.0 0 0 151 160 159 170 0 0 0 0 0 0 0
car 0.0 0 0 175 159 186 171 0 0 0 0 0 0 0
car 0.0 0 0 185 159 195 174 0 0 0 0 0 0 0
car 0.0 0 0 73 161 86 179 0 0 0 0 0 0 0
car 0.117647058824 0 0 0 145 15 155 0 0 0 0 0 0 0
car 0.0 0 0 19 113 28 129 0 0 0 0 0 0 0
car 0.0 0 0 35 116 44 129 0 0 0 0 0 0 0
car 0.0 0 0 44 116 54 131 0 0 0 0 0 0 0
car 0.0 0 0 75 112 87 128 0 0 0 0 0 0 0
car 0.0 0 0 150 66 168 77 0 0 0 0 0 0 0
car 0.0 0 0 67 71 79 87 0 0 0 0 0 0 0
car 0.0 0 0 50 74 62 87 0 0 0 0 0 0 0
car 0.0 0 0 26 75 35 89 0 0 0 0 0 0 0
car 0.0 0 0 16 76 26 90 0 0 0 0 0 0 0
car 0.0 0 0 8 77 19 91 0 0 0 0 0 0 0
car 0.0909090909091 0 0 0 77 10 93 0 0 0 0 0 0 0
car 0.0 0 0 7 60 18 76 0 0 0 0 0 0 0
car 0.0 0 0 16 60 27 76 0 0 0 0 0 0 0
car 0.0 0 0 32 59 45 75 0 0 0 0 0 0 0
car 0.636363636364 0 0 0 23 4 40 0 0 0 0 0 0 0
car 0.0 0 0 1 23 12 40 0 0 0 0 0 0 0
car 0.0 0 0 16 21 28 38 0 0 0 0 0 0 0
car 0.0 0 0 42 20 53 38 0 0 0 0 0 0 0
car 0.0 0 0 174 130 188 138 0 0 0 0 0 0 0
