car 0.647058823529 0 0 0 174 6 186 0 0 0 0 0 0 0
car 0.1875 0 0 0 185 13 199 0 0 0 0 0 0 0
car 0.0 0 0 34 166 52 180 0 0 0 0 0 0 0
car 0.0 0 0 35 116 54 129 0 0 0 0 0 0 0
car 0.0 0 0 74 131 91 144 0 0 0 0 0 0 0
car 0.0 0 0 84 139 102 153 0 0 0 0 0 0 0
car 0.0 0 0 152 87 170 102 0 0 0 0 0 0 0
car 0.0 0 0 99 69 118 81 0 0 0 0 0 0 0
car 0.0 0 0 208 63 226 76 0 0 0 0 0 0 0
car 0.0 0 0 226 65 247 80 0 0 0 0 0 0 0
car 0.0 0 0 260 34 282 49 0 0 0 0 0 0 0
car 0.0 0 0 301 29 318 43 0 0 0 0 0 0 0
car 0.0 0 0 324 4 343 16 0 0 0 0 0 0 0
