car 0.647058823529 0 0 172 0 181 6 0 0 0 0 0 0 0
car 0.529411764706 0 0 178 0 190 8 0 0 0 0 0 0 0
car 0.529411764706 0 0 186 0 198 8 0 0 0 0 0 0 0
car 0.4 0 0 196 0 206 9 0 0 0 0 0 0 0
car 0.470588235294 0 0 202 0 214 9 0 0 0 0 0 0 0
car 0.368421052632 0 0 211 0 223 12 0 0 0 0 0 0 0
car 0.625 0 0 164 0 174 6 0 0 0 0 0 0 0
car 0.733333333333 0 0 158 0 167 4 0 0 0 0 0 0 0
car 0.8 0 0 150 0 160 3 0 0 0 0 0 0 0
car 0.548387096774 0 0 236 0 250 14 0 0 0 0 0 0 0
car 0.0 0 0 323 2 351 14 0 0 0 0 0 0 0
