car 0.0 0 0 234 68 247 86 0 0 0 0 0 0 0
car 0.0 0 0 198 75 216 86 0 0 0 0 0 0 0
car 0.0 0 0 201 67 219 79 0 0 0 0 0 0 0
car 0.0 0 0 215 77 235 89 0 0 0 0 0 0 0
car 0.0 0 0 217 69 234 81 0 0 0 0 0 0 0
car 0.0 0 0 218 62 236 73 0 0 0 0 0 0 0
car 0.0 0 0 200 59 218 70 0 0 0 0 0 0 0
car 0.0 0 0 203 51 222 62 0 0 0 0 0 0 0
car 0.0 0 0 205 44 225 55 0 0 0 0 0 0 0
car 0.0 0 0 222 44 242 56 0 0 0 0 0 0 0
car 0.0 0 0 222 54 240 65 0 0 0 0 0 0 0
car 0.0 0 0 237 52 249 68 0 0 0 0 0 0 0
car 0.0 0 0 197 118 212 139 0 0 0 0 0 0 0
car 0.0 0 0 165 135 180 145 0 0 0 0 0 0 0
car 0.0 0 0 164 143 180 152 0 0 0 0 0 0 0
car 0.0 0 0 162 149 178 158 0 0 0 0 0 0 0
car 0.0 0 0 158 168 174 178 0 0 0 0 0 0 0
car 0.0 0 0 159 163 175 171 0 0 0 0 0 0 0
car 0.0 0 0 159 157 176 165 0 0 0 0 0 0 0
car 0.0 0 0 146 155 161 163 0 0 0 0 0 0 0
car 0.0 0 0 145 161 160 170 0 0 0 0 0 0 0
car 0.0 0 0 146 167 158 175 0 0 0 0 0 0 0
car 0.0 0 0 144 174 158 182 0 0 0 0 0 0 0
car 0.0 0 0 156 183 173 192 0 0 0 0 0 0 0
car 0.0 0 0 139 181 155 189 0 0 0 0 0 0 0
car 0.0 0 0 147 148 164 157 0 0 0 0 0 0 0
car 0.0 0 0 149 139 164 150 0 0 0 0 0 0 0
car 0.0 0 0 172 196 189 207 0 0 0 0 0 0 0
car 0.0 0 0 158 195 174 205 0 0 0 0 0 0 0
car 0.0 0 0 140 194 159 204 0 0 0 0 0 0 0
car 0.0 0 0 149 209 166 219 0 0 0 0 0 0 0
car 0.0 0 0 300 164 310 181 0 0 0 0 0 0 0
car 0.0 0 0 294 162 303 178 0 0 0 0 0 0 0
car 0.0 0 0 286 159 296 176 0 0 0 0 0 0 0
car 0.0 0 0 279 159 287 175 0 0 0 0 0 0 0
car 0.0 0 0 272 158 281 171 0 0 0 0 0 0 0
car 0.0 0 0 322 135 331 152 0 0 0 0 0 0 0
car 0.0 0 0 329 138 340 154 0 0 0 0 0 0 0
car 0.0 0 0 336 138 346 153 0 0 0 0 0 0 0
car 0.0 0 0 304 136 315 149 0 0 0 0 0 0 0
car 0.0 0 0 298 134 307 148 0 0 0 0 0 0 0
car 0.0 0 0 291 133 300 146 0 0 0 0 0 0 0
car 0.0 0 0 283 131 293 147 0 0 0 0 0 0 0
car 0.0 0 0 276 131 285 146 0 0 0 0 0 0 0
car 0.0 0 0 269 129 278 144 0 0 0 0 0 0 0
car 0.0 0 0 262 130 271 144 0 0 0 0 0 0 0
car 0.0 0 0 255 129 263 142 0 0 0 0 0 0 0
car 0.0 0 0 248 126 257 143 0 0 0 0 0 0 0
car 0.0 0 0 240 127 250 143 0 0 0 0 0 0 0
car 0.0 0 0 234 125 244 140 0 0 0 0 0 0 0
car 0.0 0 0 219 123 228 138 0 0 0 0 0 0 0
car 0.0 0 0 226 125 235 139 0 0 0 0 0 0 0
car 0.0 0 0 221 137 233 154 0 0 0 0 0 0 0
car 0.0 0 0 236 141 247 158 0 0 0 0 0 0 0
car 0.0 0 0 244 143 255 159 0 0 0 0 0 0 0
car 0.0 0 0 253 141 262 156 0 0 0 0 0 0 0
car 0.0 0 0 260 142 269 157 0 0 0 0 0 0 0
car 0.0 0 0 267 144 276 158 0 0 0 0 0 0 0
car 0.0 0 0 303 151 313 165 0 0 0 0 0 0 0
car 0.0 0 0 296 150 305 163 0 0 0 0 0 0 0
car 0.0 0 0 288 148 297 160 0 0 0 0 0 0 0
car 0.0 0 0 282 148 290 160 0 0 0 0 0 0 0
car 0.0 0 0 274 145 283 159 0 0 0 0 0 0 0
car 0.0 0 0 264 155 274 171 0 0 0 0 0 0 0
car 0.0 0 0 256 156 265 170 0 0 0 0 0 0 0
car 0.0 0 0 311 134 325 162 0 0 0 0 0 0 0
car 0.0 0 0 328 109 344 119 0 0 0 0 0 0 0
car 0.0 0 0 277 101 295 112 0 0 0 0 0 0 0
car 0.0 0 0 300 115 313 132 0 0 0 0 0 0 0
car 0.0 0 0 310 117 322 133 0 0 0 0 0 0 0
car 0.0 0 0 317 117 329 134 0 0 0 0 0 0 0
car 0.0 0 0 325 118 335 132 0 0 0 0 0 0 0
car 0.0 0 0 333 119 342 134 0 0 0 0 0 0 0
car 0.0 0 0 301 105 321 116 0 0 0 0 0 0 0
car 0.0 0 0 291 114 303 131 0 0 0 0 0 0 0
car 0.0 0 0 192 100 205 117 0 0 0 0 0 0 0
car 0.0 0 0 201 104 213 118 0 0 0 0 0 0 0
car 0.0 0 0 211 102 224 120 0 0 0 0 0 0 0
car 0.0 0 0 219 104 231 122 0 0 0 0 0 0 0
car 0.0 0 0 227 101 242 121 0 0 0 0 0 0 0
car 0.0 0 0 236 104 249 124 0 0 0 0 0 0 0
car 0.0 0 0 245 106 259 124 0 0 0 0 0 0 0
car 0.0 0 0 257 109 269 126 0 0 0 0 0 0 0
car 0.0 0 0 266 107 278 124 0 0 0 0 0 0 0
car 0.0 0 0 274 110 286 127 0 0 0 0 0 0 0
car 0.0 0 0 284 111 294 127 0 0 0 0 0 0 0
car 0.0 0 0 185 43 198 62 0 0 0 0 0 0 0
car 0.0 0 0 181 210 201 225 0 0 0 0 0 0 0
car 0.0 0 0 165 210 184 221 0 0 0 0 0 0 0
car 0.0 0 0 311 290 331 306 0 0 0 0 0 0 0
car 0.0 0 0 172 313 181 330 0 0 0 0 0 0 0
car 0.0 0 0 178 315 190 332 0 0 0 0 0 0 0
car 0.0 0 0 186 315 198 332 0 0 0 0 0 0 0
car 0.0 0 0 196 318 206 333 0 0 0 0 0 0 0
car 0.0 0 0 202 316 214 333 0 0 0 0 0 0 0
car 0.0 0 0 211 317 223 336 0 0 0 0 0 0 0
car 0.0 0 0 164 314 174 330 0 0 0 0 0 0 0
car 0.0 0 0 158 313 167 328 0 0 0 0 0 0 0
car 0.0 0 0 150 312 160 327 0 0 0 0 0 0 0
car 0.0 0 0 138 307 148 323 0 0 0 0 0 0 0
car 0.0 0 0 131 304 140 319 0 0 0 0 0 0 0
car 0.0 0 0 122 295 137 304 0 0 0 0 0 0 0
car 0.0 0 0 122 288 140 298 0 0 0 0 0 0 0
car 0.0 0 0 164 280 176 297 0 0 0 0 0 0 0
car 0.0 0 0 125 283 141 291 0 0 0 0 0 0 0
car 0.0 0 0 126 273 143 284 0 0 0 0 0 0 0
car 0.0 0 0 128 268 145 277 0 0 0 0 0 0 0
car 0.0 0 0 130 261 146 271 0 0 0 0 0 0 0
car 0.0 0 0 131 254 147 263 0 0 0 0 0 0 0
car 0.0 0 0 133 248 148 258 0 0 0 0 0 0 0
car 0.0 0 0 143 243 157 253 0 0 0 0 0 0 0
car 0.0 0 0 145 237 158 245 0 0 0 0 0 0 0
car 0.0 0 0 145 231 159 239 0 0 0 0 0 0 0
car 0.0 0 0 140 275 150 289 0 0 0 0 0 0 0
car 0.0 0 0 144 260 153 274 0 0 0 0 0 0 0
car 0.0 0 0 172 268 184 283 0 0 0 0 0 0 0
car 0.0 0 0 175 255 186 268 0 0 0 0 0 0 0
car 0.0 0 0 177 240 188 255 0 0 0 0 0 0 0
car 0.0 0 0 187 234 198 250 0 0 0 0 0 0 0
car 0.0 0 0 184 247 196 262 0 0 0 0 0 0 0
car 0.0 0 0 184 258 193 271 0 0 0 0 0 0 0
car 0.0 0 0 181 270 192 287 0 0 0 0 0 0 0
car 0.0 0 0 177 285 189 299 0 0 0 0 0 0 0
car 0.0 0 0 186 259 201 301 0 0 0 0 0 0 0
car 0.0 0 0 195 288 206 303 0 0 0 0 0 0 0
car 0.0 0 0 202 289 212 304 0 0 0 0 0 0 0
car 0.0 0 0 209 290 220 304 0 0 0 0 0 0 0
car 0.0 0 0 219 278 229 294 0 0 0 0 0 0 0
car 0.0 0 0 213 277 221 290 0 0 0 0 0 0 0
car 0.0 0 0 205 275 214 289 0 0 0 0 0 0 0
car 0.0 0 0 229 269 238 285 0 0 0 0 0 0 0
car 0.0 0 0 221 265 231 280 0 0 0 0 0 0 0
car 0.0 0 0 215 262 225 277 0 0 0 0 0 0 0
car 0.0 0 0 209 262 218 275 0 0 0 0 0 0 0
car 0.0 0 0 201 259 210 274 0 0 0 0 0 0 0
car 0.0 0 0 196 233 207 249 0 0 0 0 0 0 0
car 0.0 0 0 215 221 226 235 0 0 0 0 0 0 0
car 0.0 0 0 223 222 232 237 0 0 0 0 0 0 0
car 0.0 0 0 229 224 239 240 0 0 0 0 0 0 0
car 0.0 0 0 236 226 245 244 0 0 0 0 0 0 0
car 0.0 0 0 205 232 215 246 0 0 0 0 0 0 0
car 0.0 0 0 195 248 205 261 0 0 0 0 0 0 0
car 0.0 0 0 203 245 212 259 0 0 0 0 0 0 0
car 0.0 0 0 209 249 221 264 0 0 0 0 0 0 0
car 0.0 0 0 219 249 227 263 0 0 0 0 0 0 0
car 0.0 0 0 225 251 233 265 0 0 0 0 0 0 0
car 0.0 0 0 230 255 242 269 0 0 0 0 0 0 0
car 0.0 0 0 212 233 223 249 0 0 0 0 0 0 0
car 0.0 0 0 220 236 230 249 0 0 0 0 0 0 0
car 0.0 0 0 228 238 236 251 0 0 0 0 0 0 0
car 0.0 0 0 235 242 244 256 0 0 0 0 0 0 0
car 0.0 0 0 281 196 297 207 0 0 0 0 0 0 0
car 0.0 0 0 319 172 335 182 0 0 0 0 0 0 0
car 0.0 0 0 336 166 351 174 0 0 0 0 0 0 0
car 0.0 0 0 335 174 350 182 0 0 0 0 0 0 0
car 0.0 0 0 317 181 336 192 0 0 0 0 0 0 0
car 0.0 0 0 301 196 322 208 0 0 0 0 0 0 0
car 0.0 0 0 169 43 186 52 0 0 0 0 0 0 0
car 0.0 0 0 321 197 351 209 0 0 0 0 0 0 0
car 0.0 0 0 145 224 162 233 0 0 0 0 0 0 0
car 0.0 0 0 146 218 166 225 0 0 0 0 0 0 0
car 0.0 0 0 236 307 250 338 0 0 0 0 0 0 0
car 0.0 0 0 297 284 310 303 0 0 0 0 0 0 0
car 0.0 0 0 251 297 276 315 0 0 0 0 0 0 0
car 0.0 0 0 156 278 166 294 0 0 0 0 0 0 0
car 0.0 0 0 312 286 325 293 0 0 0 0 0 0 0
car 0.0 0 0 107 58 119 76 0 0 0 0 0 0 0
car 0.0 0 0 112 43 121 58 0 0 0 0 0 0 0
car 0.0 0 0 340 48 348 62 0 0 0 0 0 0 0
car 0.0 0 0 331 51 340 67 0 0 0 0 0 0 0
car 0.0 0 0 329 67 345 75 0 0 0 0 0 0 0
car 0.0 0 0 149 136 165 143 0 0 0 0 0 0 0
car 0.0 0 0 323 326 351 338 0 0 0 0 0 0 0
