car 0.0 0 0 30 176 47 188 0 0 0 0 0 0 0
car 0.0 0 0 61 99 75 112 0 0 0 0 0 0 0
car 0.0 0 0 77 139 95 153 0 0 0 0 0 0 0
car 0.0 0 0 127 111 146 124 0 0 0 0 0 0 0
car 0.0 0 0 150 113 167 127 0 0 0 0 0 0 0
car 0.0 0 0 166 92 185 105 0 0 0 0 0 0 0
car 0.0 0 0 108 60 126 71 0 0 0 0 0 0 0
car 0.0 0 0 201 71 222 85 0 0 0 0 0 0 0
car 0.0 0 0 213 80 231 93 0 0 0 0 0 0 0
car 0.0 0 0 239 52 260 67 0 0 0 0 0 0 0
car 0.0 0 0 257 58 278 72 0 0 0 0 0 0 0
car 0.0 0 0 273 35 293 49 0 0 0 0 0 0 0
car 0.285714285714 0 0 274 0 308 15 0 0 0 0 0 0 0
