car 0.0 0 0 43 131 60 141 0 0 0 0 0 0 0
car 0.0 0 0 44 124 60 134 0 0 0 0 0 0 0
car 0.0 0 0 37 94 47 110 0 0 0 0 0 0 0
car 0.0 0 0 35 76 46 93 0 0 0 0 0 0 0
car 0.0 0 0 37 56 55 67 0 0 0 0 0 0 0
car 0.0 0 0 30 121 45 129 0 0 0 0 0 0 0
car 0.0 0 0 32 138 47 147 0 0 0 0 0 0 0
car 0.0 0 0 22 260 55 277 0 0 0 0 0 0 0
car 0.0 0 0 29 248 62 261 0 0 0 0 0 0 0
car 0.0 0 0 25 236 61 248 0 0 0 0 0 0 0
car 0.0 0 0 36 221 59 229 0 0 0 0 0 0 0
car 0.0 0 0 36 210 59 222 0 0 0 0 0 0 0
car 0.0 0 0 41 201 59 213 0 0 0 0 0 0 0
car 0.0 0 0 18 170 48 183 0 0 0 0 0 0 0
car 0.0 0 0 13 162 46 172 0 0 0 0 0 0 0
car 0.0 0 0 15 152 45 164 0 0 0 0 0 0 0
car 0.0 0 0 23 146 47 154 0 0 0 0 0 0 0
car 0.0 0 0 42 5 50 20 0 0 0 0 0 0 0
car 0.0 0 0 17 281 45 293 0 0 0 0 0 0 0
car 0.0 0 0 325 330 340 347 0 0 0 0 0 0 0
car 0.0 0 0 339 313 351 330 0 0 0 0 0 0 0
car 0.6666666666666667 0 0 348 269 352 286 0 0 0 0 0 0 0
car 0.0 0 0 335 267 347 283 0 0 0 0 0 0 0
car 0.0 0 0 264 232 280 246 0 0 0 0 0 0 0
car 0.0 0 0 324 81 339 100 0 0 0 0 0 0 0
car 0.0 0 0 293 58 305 74 0 0 0 0 0 0 0
car 0.0 0 0 214 110 227 127 0 0 0 0 0 0 0
car 0.0 0 0 227 100 238 116 0 0 0 0 0 0 0
car 0.0 0 0 150 17 165 36 0 0 0 0 0 0 0
car 0.0 0 0 201 28 214 44 0 0 0 0 0 0 0
car 0.0 0 0 222 45 234 61 0 0 0 0 0 0 0
car 0.0 0 0 125 83 139 100 0 0 0 0 0 0 0
car 0.0 0 0 60 224 78 237 0 0 0 0 0 0 0
car 0.0 0 0 58 217 77 224 0 0 0 0 0 0 0
car 0.0 0 0 60 204 78 217 0 0 0 0 0 0 0
car 0.0 0 0 101 265 114 282 0 0 0 0 0 0 0
car 0.0 0 0 47 116 63 126 0 0 0 0 0 0 0
car 0.0 0 0 55 97 66 113 0 0 0 0 0 0 0
car 0.0 0 0 46 97 56 113 0 0 0 0 0 0 0
car 0.0 0 0 58 47 77 58 0 0 0 0 0 0 0
car 0.0 0 0 51 64 68 73 0 0 0 0 0 0 0
car 0.0 0 0 53 9 61 24 0 0 0 0 0 0 0
car 0.0 0 0 62 25 83 36 0 0 0 0 0 0 0
car 0.0 0 0 46 78 55 94 0 0 0 0 0 0 0
car 0.0 0 0 103 125 126 187 0 0 0 0 0 0 0
