car 0.0 0 0 257 159 272 177 0 0 0 0 0 0 0
car 0.0 0 0 246 148 259 163 0 0 0 0 0 0 0
car 0.0 0 0 246 109 257 124 0 0 0 0 0 0 0
car 0.0 0 0 40 145 56 159 0 0 0 0 0 0 0
car 0.4 0 0 0 189 9 204 0 0 0 0 0 0 0
car 0.0 0 0 2 231 15 245 0 0 0 0 0 0 0
car 0.0 0 0 5 244 23 257 0 0 0 0 0 0 0
car 0.0 0 0 72 312 86 328 0 0 0 0 0 0 0
car 0.0 0 0 192 219 205 235 0 0 0 0 0 0 0
car 0.0 0 0 200 211 216 226 0 0 0 0 0 0 0
car 0.0 0 0 74 340 90 352 0 0 0 0 0 0 0
car 0.0 0 0 123 331 133 344 0 0 0 0 0 0 0
car 1.0 0 0 0 94 0 110 0 0 0 0 0 0 0
car 0.5384615384615384 0 0 0 87 6 102 0 0 0 0 0 0 0
