car 0.0 0 0 25 95 42 108 0 0 0 0 0 0 0
car 0.0 0 0 36 110 51 123 0 0 0 0 0 0 0
car 0.0 0 0 40 117 56 128 0 0 0 0 0 0 0
car 0.0 0 0 47 126 60 136 0 0 0 0 0 0 0
car 0.0 0 0 55 138 70 150 0 0 0 0 0 0 0
car 0.0 0 0 63 153 78 164 0 0 0 0 0 0 0
car 0.0 0 0 90 183 102 195 0 0 0 0 0 0 0
car 0.0 0 0 120 237 136 250 0 0 0 0 0 0 0
car 0.0 0 0 132 251 148 264 0 0 0 0 0 0 0
car 0.0 0 0 169 87 185 99 0 0 0 0 0 0 0
car 0.0 0 0 191 72 207 84 0 0 0 0 0 0 0
car 0.0 0 0 207 71 220 83 0 0 0 0 0 0 0
car 0.0 0 0 220 69 239 83 0 0 0 0 0 0 0
car 0.0 0 0 173 105 189 117 0 0 0 0 0 0 0
car 0.0 0 0 213 96 226 106 0 0 0 0 0 0 0
car 0.0 0 0 208 60 224 73 0 0 0 0 0 0 0
car 0.0 0 0 262 27 278 40 0 0 0 0 0 0 0
car 0.0 0 0 228 48 242 58 0 0 0 0 0 0 0
car 0.0 0 0 237 69 250 84 0 0 0 0 0 0 0
car 0.0 0 0 247 68 258 80 0 0 0 0 0 0 0
car 0.0 0 0 254 47 270 62 0 0 0 0 0 0 0
car 0.0 0 0 136 149 151 160 0 0 0 0 0 0 0
car 0.0 0 0 37 52 60 80 0 0 0 0 0 0 0
car 0.0 0 0 280 229 297 242 0 0 0 0 0 0 0
car 0.0 0 0 254 65 263 75 0 0 0 0 0 0 0
