car 0.0 0 0 10 250 23 265 0 0 0 0 0 0 0
car 0.0 0 0 8 305 29 319 0 0 0 0 0 0 0
car 0.0 0 0 12 296 29 307 0 0 0 0 0 0 0
car 0.0 0 0 18 268 36 282 0 0 0 0 0 0 0
car 0.0 0 0 142 331 160 344 0 0 0 0 0 0 0
car 0.0 0 0 146 209 160 226 0 0 0 0 0 0 0
car 0.0 0 0 159 211 171 230 0 0 0 0 0 0 0
car 0.0 0 0 38 88 58 103 0 0 0 0 0 0 0
car 0.0 0 0 144 97 167 114 0 0 0 0 0 0 0
car 0.0 0 0 70 84 87 94 0 0 0 0 0 0 0
car 0.0 0 0 110 57 124 71 0 0 0 0 0 0 0
car 0.0 0 0 219 42 242 55 0 0 0 0 0 0 0
car 0.0 0 0 253 19 298 50 0 0 0 0 0 0 0
car 0.8235294117647058 0 0 349 95 352 108 0 0 0 0 0 0 0
car 0.0 0 0 82 264 105 285 0 0 0 0 0 0 0
