car 0.0 0 0 325 314 338 331 0 0 0 0 0 0 0
car 0.0625 0 0 313 337 325 352 0 0 0 0 0 0 0
car 0.0 0 0 298 280 313 298 0 0 0 0 0 0 0
car 0.0 0 0 310 248 323 266 0 0 0 0 0 0 0
car 0.0 0 0 297 190 309 206 0 0 0 0 0 0 0
car 0.0 0 0 316 133 329 153 0 0 0 0 0 0 0
car 0.0 0 0 308 199 327 236 0 0 0 0 0 0 0
car 0.0 0 0 324 87 339 107 0 0 0 0 0 0 0
car 0.0 0 0 331 39 347 57 0 0 0 0 0 0 0
car 0.0 0 0 325 6 340 23 0 0 0 0 0 0 0
car 0.6470588235294117 0 0 339 0 351 6 0 0 0 0 0 0 0
car 0.0 0 0 78 66 90 84 0 0 0 0 0 0 0
car 0.0 0 0 67 132 81 150 0 0 0 0 0 0 0
car 0.0 0 0 221 185 232 201 0 0 0 0 0 0 0
car 0.0 0 0 136 256 151 275 0 0 0 0 0 0 0
car 0.0 0 0 231 144 244 161 0 0 0 0 0 0 0
car 0.0 0 0 235 67 250 86 0 0 0 0 0 0 0
car 0.0 0 0 245 70 264 111 0 0 0 0 0 0 0
car 0.0 0 0 61 214 83 262 0 0 0 0 0 0 0
car 0.0 0 0 196 321 211 340 0 0 0 0 0 0 0
