car 0.0 0 0 30 73 41 89 0 0 0 0 0 0 0
car 0.0 0 0 321 230 331 247 0 0 0 0 0 0 0
car 0.0 0 0 326 155 338 173 0 0 0 0 0 0 0
car 0.6923076923076923 0 0 348 94 352 110 0 0 0 0 0 0 0
car 0.5882352941176471 0 0 325 0 338 7 0 0 0 0 0 0 0
car 0.0 0 0 313 13 325 29 0 0 0 0 0 0 0
car 0.48275862068965514 0 0 337 40 352 89 0 0 0 0 0 0 0
car 0.1578947368421053 0 0 196 0 211 16 0 0 0 0 0 0 0
car 0.0 0 0 184 79 199 98 0 0 0 0 0 0 0
car 0.0 0 0 111 40 123 55 0 0 0 0 0 0 0
car 0.0 0 0 106 114 122 136 0 0 0 0 0 0 0
car 0.0 0 0 97 189 108 204 0 0 0 0 0 0 0
car 0.0 0 0 104 212 116 227 0 0 0 0 0 0 0
car 0.0 0 0 180 167 197 183 0 0 0 0 0 0 0
