car 0.8333333333333334 0 0 0 239 3 248 0 0 0 0 0 0 0
car 0.0 0 0 26 220 40 231 0 0 0 0 0 0 0
car 0.0 0 0 23 211 36 222 0 0 0 0 0 0 0
car 0.875 0 0 0 158 2 167 0 0 0 0 0 0 0
car 0.6666666666666667 0 0 0 163 5 174 0 0 0 0 0 0 0
car 0.0 0 0 129 235 146 246 0 0 0 0 0 0 0
car 0.0 0 0 195 211 212 223 0 0 0 0 0 0 0
car 0.0 0 0 271 170 289 184 0 0 0 0 0 0 0
car 0.0 0 0 204 177 215 192 0 0 0 0 0 0 0
car 0.0 0 0 152 100 165 115 0 0 0 0 0 0 0
car 0.0 0 0 138 79 154 97 0 0 0 0 0 0 0
car 0.0 0 0 170 97 183 113 0 0 0 0 0 0 0
car 0.0 0 0 322 136 336 148 0 0 0 0 0 0 0
car 0.0 0 0 166 117 181 134 0 0 0 0 0 0 0
