car 0.0 0 0 225 108 244 120 0 0 0 0 0 0 0
car 0.0 0 0 233 117 248 127 0 0 0 0 0 0 0
car 0.0 0 0 238 122 254 133 0 0 0 0 0 0 0
car 0.0 0 0 244 130 257 140 0 0 0 0 0 0 0
car 0.0 0 0 262 160 278 173 0 0 0 0 0 0 0
car 0.0 0 0 265 169 286 182 0 0 0 0 0 0 0
car 0.0 0 0 272 177 288 190 0 0 0 0 0 0 0
car 0.0 0 0 298 217 314 227 0 0 0 0 0 0 0
car 0.0 0 0 305 230 321 242 0 0 0 0 0 0 0
car 0.0 0 0 309 239 327 248 0 0 0 0 0 0 0
car 0.8571428571428572 0 0 350 220 352 231 0 0 0 0 0 0 0
car 0.6153846153846154 0 0 347 211 352 222 0 0 0 0 0 0 0
car 0.0 0 0 275 103 290 115 0 0 0 0 0 0 0
car 0.0 0 0 281 109 296 119 0 0 0 0 0 0 0
car 0.0 0 0 283 117 301 127 0 0 0 0 0 0 0
car 0.0 0 0 291 123 304 133 0 0 0 0 0 0 0
car 0.0 0 0 293 131 306 140 0 0 0 0 0 0 0
car 0.0 0 0 296 135 312 146 0 0 0 0 0 0 0
car 0.0 0 0 302 141 318 153 0 0 0 0 0 0 0
car 0.0 0 0 309 149 322 159 0 0 0 0 0 0 0
car 0.0 0 0 310 158 326 167 0 0 0 0 0 0 0
car 0.0 0 0 314 163 329 174 0 0 0 0 0 0 0
