car 0.33333333333333337 0 0 0 331 12 344 0 0 0 0 0 0 0
car 0.1428571428571429 0 0 0 209 12 226 0 0 0 0 0 0 0
car 0.0 0 0 11 211 23 230 0 0 0 0 0 0 0
car 0.17391304347826086 0 0 0 97 19 114 0 0 0 0 0 0 0
car 0.0 0 0 71 42 94 55 0 0 0 0 0 0 0
car 0.0 0 0 105 19 150 50 0 0 0 0 0 0 0
car 0.0 0 0 201 95 218 108 0 0 0 0 0 0 0
car 0.0 0 0 212 110 227 123 0 0 0 0 0 0 0
car 0.0 0 0 216 117 232 128 0 0 0 0 0 0 0
car 0.0 0 0 223 126 236 136 0 0 0 0 0 0 0
car 0.0 0 0 231 138 246 150 0 0 0 0 0 0 0
car 0.0 0 0 239 153 254 164 0 0 0 0 0 0 0
car 0.0 0 0 266 183 278 195 0 0 0 0 0 0 0
car 0.0 0 0 296 237 312 250 0 0 0 0 0 0 0
car 0.0 0 0 308 251 324 264 0 0 0 0 0 0 0
car 0.0 0 0 312 149 327 160 0 0 0 0 0 0 0
car 0.0 0 0 213 52 236 80 0 0 0 0 0 0 0
