car 0.0 0 0 200 11 209 28 0 0 0 0 0 0 0
car 0.0 0 0 321 12 338 23 0 0 0 0 0 0 0
car 0.0 0 0 275 19 289 28 0 0 0 0 0 0 0
car 0.0 0 0 288 17 304 27 0 0 0 0 0 0 0
car 0.0 0 0 86 12 95 30 0 0 0 0 0 0 0
car 0.0 0 0 115 240 125 254 0 0 0 0 0 0 0
car 0.0 0 0 91 199 108 210 0 0 0 0 0 0 0
car 0.0 0 0 162 33 179 44 0 0 0 0 0 0 0
car 0.0 0 0 210 27 224 36 0 0 0 0 0 0 0
car 0.0 0 0 225 28 233 35 0 0 0 0 0 0 0
car 0.0 0 0 235 29 247 36 0 0 0 0 0 0 0
car 0.0 0 0 313 99 326 124 0 0 0 0 0 0 0
car 0.0 0 0 332 330 346 338 0 0 0 0 0 0 0
car 0.0 0 0 54 29 66 37 0 0 0 0 0 0 0
car 0.0 0 0 95 27 105 47 0 0 0 0 0 0 0
car 0.0 0 0 84 81 94 94 0 0 0 0 0 0 0
car 0.0 0 0 88 100 98 120 0 0 0 0 0 0 0
car 0.0 0 0 96 129 105 140 0 0 0 0 0 0 0
car 0.0 0 0 102 159 110 174 0 0 0 0 0 0 0
car 0.0 0 0 103 182 110 192 0 0 0 0 0 0 0
car 0.0 0 0 106 191 112 202 0 0 0 0 0 0 0
car 0.0 0 0 143 148 150 165 0 0 0 0 0 0 0
car 0.0 0 0 129 97 135 106 0 0 0 0 0 0 0
car 0.0 0 0 126 68 140 96 0 0 0 0 0 0 0
car 0.0 0 0 111 137 121 160 0 0 0 0 0 0 0
car 0.0 0 0 164 243 172 260 0 0 0 0 0 0 0
car 0.0 0 0 152 335 158 352 0 0 0 0 0 0 0
car 0.0 0 0 124 285 132 304 0 0 0 0 0 0 0
car 0.0 0 0 118 262 130 284 0 0 0 0 0 0 0
