car 0.0 0 0 289 11 312 62 0 0 0 0 0 0 0
car 1.0 0 0 97 0 106 0 0 0 0 0 0 0 0
car 0.0 0 0 109 1 118 16 0 0 0 0 0 0 0
car 0.2 0 0 118 0 126 12 0 0 0 0 0 0 0
car 0.0 0 0 127 54 133 70 0 0 0 0 0 0 0
car 0.0 0 0 110 60 121 79 0 0 0 0 0 0 0
car 0.0 0 0 98 71 110 87 0 0 0 0 0 0 0
car 0.0 0 0 101 84 114 100 0 0 0 0 0 0 0
car 0.0 0 0 143 133 154 151 0 0 0 0 0 0 0
car 0.0 0 0 103 128 123 142 0 0 0 0 0 0 0
car 0.0 0 0 102 137 121 148 0 0 0 0 0 0 0
car 0.0 0 0 113 149 121 160 0 0 0 0 0 0 0
car 0.0 0 0 118 159 127 179 0 0 0 0 0 0 0
car 0.0 0 0 132 166 138 177 0 0 0 0 0 0 0
car 0.0 0 0 146 152 156 168 0 0 0 0 0 0 0
car 0.0 0 0 152 171 160 189 0 0 0 0 0 0 0
car 0.0 0 0 143 175 154 194 0 0 0 0 0 0 0
car 0.0 0 0 154 186 163 201 0 0 0 0 0 0 0
car 0.0 0 0 165 197 175 208 0 0 0 0 0 0 0
car 0.0 0 0 140 119 150 135 0 0 0 0 0 0 0
car 0.0 0 0 128 182 137 195 0 0 0 0 0 0 0
car 0.0 0 0 123 191 134 207 0 0 0 0 0 0 0
car 0.0 0 0 200 191 212 201 0 0 0 0 0 0 0
car 0.0 0 0 121 180 129 193 0 0 0 0 0 0 0
car 0.0 0 0 178 194 196 205 0 0 0 0 0 0 0
car 0.0 0 0 210 192 224 200 0 0 0 0 0 0 0
car 0.0 0 0 228 195 239 203 0 0 0 0 0 0 0
car 0.0 0 0 244 183 260 198 0 0 0 0 0 0 0
car 0.0 0 0 280 177 299 189 0 0 0 0 0 0 0
car 0.0 0 0 228 195 241 202 0 0 0 0 0 0 0
car 0.0 0 0 236 199 253 211 0 0 0 0 0 0 0
car 0.0 0 0 297 188 313 199 0 0 0 0 0 0 0
car 0.0 0 0 291 202 306 212 0 0 0 0 0 0 0
car 0.0 0 0 322 203 337 212 0 0 0 0 0 0 0
car 0.0 0 0 197 212 207 221 0 0 0 0 0 0 0
car 0.0 0 0 163 214 174 224 0 0 0 0 0 0 0
car 0.0 0 0 197 226 211 235 0 0 0 0 0 0 0
car 0.0 0 0 138 194 147 206 0 0 0 0 0 0 0
car 0.0 0 0 142 221 153 230 0 0 0 0 0 0 0
car 0.0 0 0 124 215 136 226 0 0 0 0 0 0 0
car 0.0 0 0 109 210 125 217 0 0 0 0 0 0 0
car 0.0 0 0 95 214 111 220 0 0 0 0 0 0 0
car 0.0 0 0 208 209 238 226 0 0 0 0 0 0 0
car 0.0 0 0 260 210 278 222 0 0 0 0 0 0 0
car 0.0 0 0 311 221 322 240 0 0 0 0 0 0 0
car 0.764705882353 0 0 348 199 352 208 0 0 0 0 0 0 0
car 0.0 0 0 320 227 328 237 0 0 0 0 0 0 0
car 0.0 0 0 139 252 151 269 0 0 0 0 0 0 0
car 0.0 0 0 151 200 157 210 0 0 0 0 0 0 0
car 0.0 0 0 122 230 133 236 0 0 0 0 0 0 0
car 0.0 0 0 10 63 24 69 0 0 0 0 0 0 0
car 0.0 0 0 49 222 63 230 0 0 0 0 0 0 0
car 0.0 0 0 76 217 93 225 0 0 0 0 0 0 0
car 0.0 0 0 22 229 34 237 0 0 0 0 0 0 0
car 0.0 0 0 29 224 46 233 0 0 0 0 0 0 0
car 0.0 0 0 53 229 63 235 0 0 0 0 0 0 0
car 0.0 0 0 73 224 84 231 0 0 0 0 0 0 0
car 0.0 0 0 34 232 46 238 0 0 0 0 0 0 0
car 0.0 0 0 45 239 64 249 0 0 0 0 0 0 0
car 0.0 0 0 40 251 57 262 0 0 0 0 0 0 0
car 0.0 0 0 79 246 97 256 0 0 0 0 0 0 0
car 0.0 0 0 97 241 107 247 0 0 0 0 0 0 0
car 0.0 0 0 109 239 119 246 0 0 0 0 0 0 0
car 0.0 0 0 118 239 130 247 0 0 0 0 0 0 0
car 0.0 0 0 147 279 156 297 0 0 0 0 0 0 0
car 0.0 0 0 143 273 151 284 0 0 0 0 0 0 0
car 0.0 0 0 156 301 164 314 0 0 0 0 0 0 0
car 0.0 0 0 150 304 157 316 0 0 0 0 0 0 0
car 0.0 0 0 171 272 180 290 0 0 0 0 0 0 0
car 0.0 0 0 176 252 187 269 0 0 0 0 0 0 0
car 0.0 0 0 159 260 167 271 0 0 0 0 0 0 0
car 0.0 0 0 167 245 176 256 0 0 0 0 0 0 0
car 0.0 0 0 184 305 196 313 0 0 0 0 0 0 0
car 0.0 0 0 179 288 194 304 0 0 0 0 0 0 0
car 0.0 0 0 176 309 186 319 0 0 0 0 0 0 0
car 0.0 0 0 166 320 176 335 0 0 0 0 0 0 0
car 0.0 0 0 156 321 164 336 0 0 0 0 0 0 0
car 0.0 0 0 152 334 159 344 0 0 0 0 0 0 0
car 0.0 0 0 250 309 259 322 0 0 0 0 0 0 0
car 0.0 0 0 252 322 264 334 0 0 0 0 0 0 0
car 0.0 0 0 260 307 271 323 0 0 0 0 0 0 0
car 0.0 0 0 339 275 348 289 0 0 0 0 0 0 0
