car 0.666666666667 0 0 189 0 205 3 0 0 0 0 0 0 0
car 0.0 0 0 190 3 209 13 0 0 0 0 0 0 0
car 0.0 0 0 190 11 211 20 0 0 0 0 0 0 0
car 0.0 0 0 195 29 214 40 0 0 0 0 0 0 0
car 0.0 0 0 198 42 215 52 0 0 0 0 0 0 0
car 0.0 0 0 200 50 216 62 0 0 0 0 0 0 0
car 0.0 0 0 204 60 217 69 0 0 0 0 0 0 0
car 0.0 0 0 225 97 234 107 0 0 0 0 0 0 0
car 0.0 0 0 258 26 271 34 0 0 0 0 0 0 0
car 0.0 0 0 258 36 274 44 0 0 0 0 0 0 0
car 0.0 0 0 259 43 278 54 0 0 0 0 0 0 0
car 0.0 0 0 259 54 278 63 0 0 0 0 0 0 0
car 0.0 0 0 246 119 253 132 0 0 0 0 0 0 0
car 0.0 0 0 239 130 248 144 0 0 0 0 0 0 0
car 0.0 0 0 217 139 227 157 0 0 0 0 0 0 0
car 0.0 0 0 254 332 265 343 0 0 0 0 0 0 0
car 0.0 0 0 251 326 267 334 0 0 0 0 0 0 0
car 0.0 0 0 250 318 264 326 0 0 0 0 0 0 0
car 0.0 0 0 248 306 266 318 0 0 0 0 0 0 0
car 0.0 0 0 245 296 264 306 0 0 0 0 0 0 0
car 0.0 0 0 246 286 266 296 0 0 0 0 0 0 0
car 0.0 0 0 243 270 260 281 0 0 0 0 0 0 0
car 0.0 0 0 244 258 259 270 0 0 0 0 0 0 0
car 0.0 0 0 240 251 257 264 0 0 0 0 0 0 0
car 0.0 0 0 237 244 251 257 0 0 0 0 0 0 0
car 0.0 0 0 234 226 248 242 0 0 0 0 0 0 0
car 0.0 0 0 305 315 315 325 0 0 0 0 0 0 0
car 0.0 0 0 301 305 318 318 0 0 0 0 0 0 0
car 0.0 0 0 298 286 317 298 0 0 0 0 0 0 0
car 0.0 0 0 264 224 274 238 0 0 0 0 0 0 0
car 0.0 0 0 235 200 244 215 0 0 0 0 0 0 0
car 0.0 0 0 225 174 234 188 0 0 0 0 0 0 0
car 0.0 0 0 247 189 259 206 0 0 0 0 0 0 0
car 0.0 0 0 285 216 299 229 0 0 0 0 0 0 0
car 0.0 0 0 283 208 302 220 0 0 0 0 0 0 0
car 0.0 0 0 162 127 176 138 0 0 0 0 0 0 0
car 0.0 0 0 141 132 159 143 0 0 0 0 0 0 0
car 0.0 0 0 118 136 134 145 0 0 0 0 0 0 0
car 0.0 0 0 100 133 118 147 0 0 0 0 0 0 0
car 0.0 0 0 72 140 87 149 0 0 0 0 0 0 0
car 0.0 0 0 51 140 69 150 0 0 0 0 0 0 0
car 0.0 0 0 166 106 184 116 0 0 0 0 0 0 0
car 0.0 0 0 163 95 179 104 0 0 0 0 0 0 0
car 0.0 0 0 148 97 165 107 0 0 0 0 0 0 0
car 0.0 0 0 136 99 148 108 0 0 0 0 0 0 0
car 0.0 0 0 119 101 135 112 0 0 0 0 0 0 0
car 0.0 0 0 98 103 117 117 0 0 0 0 0 0 0
car 0.0 0 0 89 102 100 121 0 0 0 0 0 0 0
car 0.0 0 0 57 111 65 125 0 0 0 0 0 0 0
car 0.0 0 0 49 110 59 127 0 0 0 0 0 0 0
car 0.333333333333 0 0 0 122 10 131 0 0 0 0 0 0 0
car 0.0 0 0 17 150 33 157 0 0 0 0 0 0 0
car 0.4375 0 0 0 147 9 155 0 0 0 0 0 0 0
car 0.0 0 0 13 121 25 128 0 0 0 0 0 0 0
car 0.0 0 0 29 97 36 117 0 0 0 0 0 0 0
