car 0.0 0 0 31 10 46 24 0 0 0 0 0 0 0
car 0.0 0 0 55 9 65 25 0 0 0 0 0 0 0
car 0.0 0 0 33 24 41 38 0 0 0 0 0 0 0
car 0.0 0 0 40 50 47 67 0 0 0 0 0 0 0
car 0.0 0 0 51 45 61 63 0 0 0 0 0 0 0
car 0.0 0 0 62 31 70 49 0 0 0 0 0 0 0
car 0.0 0 0 43 74 51 87 0 0 0 0 0 0 0
car 0.0 0 0 66 72 78 86 0 0 0 0 0 0 0
car 0.272727272727 0 0 29 0 38 8 0 0 0 0 0 0 0
car 0.0 0 0 63 49 73 62 0 0 0 0 0 0 0
car 0.0 0 0 50 87 61 102 0 0 0 0 0 0 0
car 0.0 0 0 60 98 70 111 0 0 0 0 0 0 0
car 0.0 0 0 70 86 82 102 0 0 0 0 0 0 0
car 0.0 0 0 74 108 85 127 0 0 0 0 0 0 0
car 0.0 0 0 66 137 74 150 0 0 0 0 0 0 0
car 0.0 0 0 67 154 78 174 0 0 0 0 0 0 0
car 0.0 0 0 67 178 77 192 0 0 0 0 0 0 0
car 0.0 0 0 73 177 81 187 0 0 0 0 0 0 0
car 0.0 0 0 54 198 70 210 0 0 0 0 0 0 0
car 0.0 0 0 51 120 62 140 0 0 0 0 0 0 0
car 0.0 0 0 27 195 46 203 0 0 0 0 0 0 0
car 0.0 0 0 7 204 33 217 0 0 0 0 0 0 0
car 0.0 0 0 22 221 34 238 0 0 0 0 0 0 0
car 0.0 0 0 33 217 44 236 0 0 0 0 0 0 0
car 0.0 0 0 44 216 55 233 0 0 0 0 0 0 0
car 0.0 0 0 67 223 78 242 0 0 0 0 0 0 0
car 0.0 0 0 112 152 119 167 0 0 0 0 0 0 0
car 0.0 0 0 119 201 131 217 0 0 0 0 0 0 0
car 0.0 0 0 128 199 140 215 0 0 0 0 0 0 0
car 0.0 0 0 140 195 152 213 0 0 0 0 0 0 0
car 0.0 0 0 129 151 139 169 0 0 0 0 0 0 0
car 0.0 0 0 136 148 150 164 0 0 0 0 0 0 0
car 0.0 0 0 147 145 157 161 0 0 0 0 0 0 0
car 0.0 0 0 158 150 166 164 0 0 0 0 0 0 0
car 0.0 0 0 202 164 215 174 0 0 0 0 0 0 0
car 0.0 0 0 208 184 216 198 0 0 0 0 0 0 0
car 0.0 0 0 231 179 241 194 0 0 0 0 0 0 0
car 0.0 0 0 85 172 93 182 0 0 0 0 0 0 0
car 0.0 0 0 170 191 179 207 0 0 0 0 0 0 0
car 0.0 0 0 159 191 169 207 0 0 0 0 0 0 0
car 0.0 0 0 188 187 197 204 0 0 0 0 0 0 0
car 0.0 0 0 225 161 247 172 0 0 0 0 0 0 0
car 0.0 0 0 166 147 174 157 0 0 0 0 0 0 0
car 0.0 0 0 175 145 182 155 0 0 0 0 0 0 0
car 0.0 0 0 184 144 192 155 0 0 0 0 0 0 0
car 0.0 0 0 190 143 197 152 0 0 0 0 0 0 0
car 0.0 0 0 196 142 205 149 0 0 0 0 0 0 0
car 0.0 0 0 257 140 273 150 0 0 0 0 0 0 0
car 0.0 0 0 255 129 262 143 0 0 0 0 0 0 0
car 0.0 0 0 259 125 271 141 0 0 0 0 0 0 0
car 0.0 0 0 274 123 287 135 0 0 0 0 0 0 0
car 0.0 0 0 289 121 297 136 0 0 0 0 0 0 0
car 0.0 0 0 161 173 176 184 0 0 0 0 0 0 0
car 0.0 0 0 275 155 291 163 0 0 0 0 0 0 0
car 0.0 0 0 194 177 214 187 0 0 0 0 0 0 0
car 0.0 0 0 306 149 320 159 0 0 0 0 0 0 0
car 0.0 0 0 312 117 323 133 0 0 0 0 0 0 0
car 0.0 0 0 326 117 339 127 0 0 0 0 0 0 0
car 0.6 0 0 346 115 352 127 0 0 0 0 0 0 0
car 0.0 0 0 239 176 249 194 0 0 0 0 0 0 0
car 0.0 0 0 213 182 224 198 0 0 0 0 0 0 0
car 0.0 0 0 222 181 232 196 0 0 0 0 0 0 0
car 0.0 0 0 276 172 287 185 0 0 0 0 0 0 0
car 0.0 0 0 286 168 296 185 0 0 0 0 0 0 0
car 0.0 0 0 295 168 304 185 0 0 0 0 0 0 0
car 0.0 0 0 175 187 186 203 0 0 0 0 0 0 0
car 0.0 0 0 264 176 272 190 0 0 0 0 0 0 0
car 0.0 0 0 304 169 312 181 0 0 0 0 0 0 0
car 0.0 0 0 316 163 325 180 0 0 0 0 0 0 0
car 0.0 0 0 302 121 313 137 0 0 0 0 0 0 0
car 0.0 0 0 278 187 294 196 0 0 0 0 0 0 0
car 0.0 0 0 80 132 88 143 0 0 0 0 0 0 0
car 0.0 0 0 81 143 92 156 0 0 0 0 0 0 0
car 0.0 0 0 58 172 65 184 0 0 0 0 0 0 0
car 0.0 0 0 98 179 107 189 0 0 0 0 0 0 0
car 0.0 0 0 118 182 126 189 0 0 0 0 0 0 0
car 0.0 0 0 132 178 143 186 0 0 0 0 0 0 0
car 0.0 0 0 138 188 148 195 0 0 0 0 0 0 0
car 0.0 0 0 181 177 193 185 0 0 0 0 0 0 0
car 0.0 0 0 54 143 62 151 0 0 0 0 0 0 0
car 0.0 0 0 334 163 344 172 0 0 0 0 0 0 0
car 0.0 0 0 289 162 302 171 0 0 0 0 0 0 0
car 0.666666666667 0 0 289 335 312 352 0 0 0 0 0 0 0
car 0.0 0 0 70 241 82 258 0 0 0 0 0 0 0
car 0.0 0 0 73 256 83 273 0 0 0 0 0 0 0
car 0.0 0 0 79 271 88 285 0 0 0 0 0 0 0
car 0.0 0 0 80 283 89 300 0 0 0 0 0 0 0
car 0.0 0 0 103 250 111 267 0 0 0 0 0 0 0
car 0.0 0 0 103 299 112 312 0 0 0 0 0 0 0
car 0.0 0 0 97 312 106 324 0 0 0 0 0 0 0
car 0.0 0 0 109 325 118 340 0 0 0 0 0 0 0
car 0.0 0 0 118 321 126 336 0 0 0 0 0 0 0
car 0.0 0 0 277 272 286 283 0 0 0 0 0 0 0
car 0.0 0 0 112 204 122 219 0 0 0 0 0 0 0
car 0.0 0 0 100 223 108 234 0 0 0 0 0 0 0
car 0.0 0 0 84 307 94 323 0 0 0 0 0 0 0
car 0.0 0 0 46 178 56 184 0 0 0 0 0 0 0
car 0.0 0 0 115 149 122 163 0 0 0 0 0 0 0
car 0.0 0 0 98 157 108 163 0 0 0 0 0 0 0
car 0.0 0 0 103 163 113 169 0 0 0 0 0 0 0
car 0.0 0 0 108 266 114 276 0 0 0 0 0 0 0
