car 0.809523809524 0 0 0 99 4 108 0 0 0 0 0 0 0
car 0.0 0 0 9 80 26 89 0 0 0 0 0 0 0
car 0.0 0 0 20 27 31 44 0 0 0 0 0 0 0
car 0.0 0 0 37 40 50 63 0 0 0 0 0 0 0
car 0.0 0 0 52 45 62 63 0 0 0 0 0 0 0
car 0.0 0 0 63 76 79 85 0 0 0 0 0 0 0
car 0.157894736842 0 0 0 283 16 293 0 0 0 0 0 0 0
car 0.0 0 0 79 330 88 345 0 0 0 0 0 0 0
car 0.0 0 0 77 310 85 324 0 0 0 0 0 0 0
car 0.0 0 0 100 281 110 297 0 0 0 0 0 0 0
car 0.0 0 0 95 257 103 275 0 0 0 0 0 0 0
car 0.0 0 0 103 263 118 270 0 0 0 0 0 0 0
car 0.0 0 0 49 241 65 249 0 0 0 0 0 0 0
car 0.0 0 0 50 224 65 237 0 0 0 0 0 0 0
car 0.0 0 0 91 227 99 247 0 0 0 0 0 0 0
car 0.0 0 0 88 209 98 228 0 0 0 0 0 0 0
car 0.0 0 0 47 172 60 187 0 0 0 0 0 0 0
car 0.0 0 0 50 158 56 172 0 0 0 0 0 0 0
car 0.0 0 0 42 140 51 158 0 0 0 0 0 0 0
car 0.0 0 0 60 137 70 148 0 0 0 0 0 0 0
car 0.0 0 0 67 165 77 182 0 0 0 0 0 0 0
car 0.0 0 0 20 27 32 44 0 0 0 0 0 0 0
car 0.0 0 0 116 60 133 70 0 0 0 0 0 0 0
car 0.0 0 0 95 85 106 92 0 0 0 0 0 0 0
car 0.0 0 0 91 92 106 102 0 0 0 0 0 0 0
car 0.0 0 0 107 89 124 100 0 0 0 0 0 0 0
car 0.0 0 0 161 55 178 64 0 0 0 0 0 0 0
car 0.0 0 0 136 60 155 70 0 0 0 0 0 0 0
car 0.0 0 0 293 43 308 60 0 0 0 0 0 0 0
car 0.0 0 0 289 33 308 40 0 0 0 0 0 0 0
car 0.0 0 0 238 41 259 50 0 0 0 0 0 0 0
car 0.0 0 0 256 49 267 56 0 0 0 0 0 0 0
car 0.0 0 0 166 81 178 89 0 0 0 0 0 0 0
car 0.0 0 0 162 64 174 73 0 0 0 0 0 0 0
