car 0.6 0 0 0 62 6 71 0 0 0 0 0 0 0
car 0.0 0 0 123 74 137 84 0 0 0 0 0 0 0
car 0.0 0 0 0 108 9 124 0 0 0 0 0 0 0
car 0.0 0 0 10 104 19 124 0 0 0 0 0 0 0
car 0.0 0 0 19 105 27 122 0 0 0 0 0 0 0
car 0.0 0 0 34 102 44 119 0 0 0 0 0 0 0
car 0.0 0 0 44 101 53 115 0 0 0 0 0 0 0
car 0.0 0 0 56 97 67 115 0 0 0 0 0 0 0
car 0.0 0 0 67 97 74 113 0 0 0 0 0 0 0
car 0.0 0 0 77 94 89 112 0 0 0 0 0 0 0
car 0.0 0 0 256 28 272 37 0 0 0 0 0 0 0
car 0.0 0 0 264 35 289 48 0 0 0 0 0 0 0
car 0.0 0 0 283 55 298 65 0 0 0 0 0 0 0
car 0.0 0 0 332 6 346 14 0 0 0 0 0 0 0
car 0.0 0 0 302 54 310 60 0 0 0 0 0 0 0
car 0.0 0 0 312 53 320 60 0 0 0 0 0 0 0
car 0.0 0 0 321 51 330 59 0 0 0 0 0 0 0
car 0.0 0 0 330 50 340 56 0 0 0 0 0 0 0
car 0.0 0 0 340 48 347 54 0 0 0 0 0 0 0
car 0.0 0 0 311 62 319 75 0 0 0 0 0 0 0
car 0.0 0 0 231 87 245 102 0 0 0 0 0 0 0
car 0.0 0 0 169 84 183 101 0 0 0 0 0 0 0
car 0.0 0 0 217 138 231 146 0 0 0 0 0 0 0
car 0.0 0 0 152 11 158 28 0 0 0 0 0 0 0
car 0.0 0 0 84 48 98 56 0 0 0 0 0 0 0
car 0.0 0 0 67 51 83 60 0 0 0 0 0 0 0
car 0.0 0 0 41 54 58 64 0 0 0 0 0 0 0
car 0.0 0 0 175 139 185 155 0 0 0 0 0 0 0
car 0.0 0 0 158 151 167 167 0 0 0 0 0 0 0
car 0.0 0 0 165 173 173 189 0 0 0 0 0 0 0
car 0.0 0 0 170 212 187 231 0 0 0 0 0 0 0
car 0.0 0 0 179 239 191 254 0 0 0 0 0 0 0
car 0.0 0 0 177 255 194 267 0 0 0 0 0 0 0
car 0.0 0 0 182 265 195 272 0 0 0 0 0 0 0
car 0.0 0 0 182 273 198 282 0 0 0 0 0 0 0
car 0.0 0 0 189 282 198 291 0 0 0 0 0 0 0
car 0.0 0 0 184 295 199 304 0 0 0 0 0 0 0
car 0.0 0 0 189 309 201 318 0 0 0 0 0 0 0
car 0.0 0 0 189 318 205 327 0 0 0 0 0 0 0
car 0.0 0 0 190 327 209 337 0 0 0 0 0 0 0
car 0.0 0 0 190 335 211 344 0 0 0 0 0 0 0
car 0.75 0 0 258 350 271 352 0 0 0 0 0 0 0
car 0.0 0 0 176 229 185 246 0 0 0 0 0 0 0
car 0.0 0 0 229 210 244 218 0 0 0 0 0 0 0
car 0.0 0 0 226 193 243 203 0 0 0 0 0 0 0
car 0.0 0 0 219 176 236 186 0 0 0 0 0 0 0
car 0.0 0 0 221 236 230 256 0 0 0 0 0 0 0
car 0.0 0 0 214 212 226 232 0 0 0 0 0 0 0
car 0.0 0 0 193 172 205 195 0 0 0 0 0 0 0
car 0.0 0 0 202 162 212 179 0 0 0 0 0 0 0
car 0.0 0 0 216 152 233 161 0 0 0 0 0 0 0
car 0.0 0 0 190 150 201 168 0 0 0 0 0 0 0
car 0.0 0 0 188 135 196 147 0 0 0 0 0 0 0
car 0.0 0 0 183 111 195 130 0 0 0 0 0 0 0
car 0.0 0 0 216 129 230 138 0 0 0 0 0 0 0
