car 0.0 0 0 319 122 334 131 0 0 0 0 0 0 0
car 0.3125 0 0 341 150 352 157 0 0 0 0 0 0 0
car 0.0 0 0 317 147 333 155 0 0 0 0 0 0 0
car 0.0 0 0 301 156 315 165 0 0 0 0 0 0 0
car 0.0 0 0 287 158 305 167 0 0 0 0 0 0 0
car 0.0 0 0 247 165 264 176 0 0 0 0 0 0 0
car 0.0 0 0 240 159 259 170 0 0 0 0 0 0 0
car 0.0 0 0 229 170 243 178 0 0 0 0 0 0 0
car 0.0 0 0 213 169 230 181 0 0 0 0 0 0 0
car 0.0 0 0 337 121 349 128 0 0 0 0 0 0 0
car 0.0 0 0 253 132 269 140 0 0 0 0 0 0 0
car 0.0 0 0 240 134 253 150 0 0 0 0 0 0 0
car 0.0 0 0 226 137 240 148 0 0 0 0 0 0 0
car 0.0 0 0 223 156 235 163 0 0 0 0 0 0 0
car 0.0 0 0 183 91 195 107 0 0 0 0 0 0 0
car 0.0 0 0 203 184 213 199 0 0 0 0 0 0 0
car 0.0 0 0 193 194 202 208 0 0 0 0 0 0 0
car 0.0 0 0 176 165 188 174 0 0 0 0 0 0 0
car 0.0 0 0 175 179 186 187 0 0 0 0 0 0 0
car 0.0 0 0 181 78 193 93 0 0 0 0 0 0 0
car 0.0 0 0 176 53 185 67 0 0 0 0 0 0 0
car 0.0 0 0 170 17 179 33 0 0 0 0 0 0 0
car 0.0 0 0 155 84 165 98 0 0 0 0 0 0 0
car 0.0 0 0 148 64 162 77 0 0 0 0 0 0 0
car 0.0 0 0 143 56 158 73 0 0 0 0 0 0 0
car 0.0 0 0 138 48 154 60 0 0 0 0 0 0 0
car 0.0 0 0 133 31 148 42 0 0 0 0 0 0 0
car 0.0 0 0 144 20 155 38 0 0 0 0 0 0 0
car 0.0 0 0 139 1 147 16 0 0 0 0 0 0 0
car 0.0 0 0 165 127 175 143 0 0 0 0 0 0 0
car 0.866666666667 0 0 135 0 146 2 0 0 0 0 0 0 0
car 0.0 0 0 286 123 304 135 0 0 0 0 0 0 0
car 0.133333333333 0 0 0 203 13 212 0 0 0 0 0 0 0
car 0.0 0 0 24 199 41 208 0 0 0 0 0 0 0
car 0.0 0 0 50 195 67 204 0 0 0 0 0 0 0
car 0.0 0 0 72 192 84 200 0 0 0 0 0 0 0
car 0.0 0 0 59 160 73 174 0 0 0 0 0 0 0
car 0.0 0 0 72 166 90 175 0 0 0 0 0 0 0
car 0.0 0 0 77 158 94 167 0 0 0 0 0 0 0
car 0.0 0 0 95 153 110 168 0 0 0 0 0 0 0
car 0.0 0 0 104 163 120 170 0 0 0 0 0 0 0
car 0.0 0 0 108 154 125 164 0 0 0 0 0 0 0
car 0.0 0 0 120 176 135 189 0 0 0 0 0 0 0
car 0.0 0 0 132 183 146 192 0 0 0 0 0 0 0
car 0.0 0 0 84 184 107 197 0 0 0 0 0 0 0
car 0.0 0 0 174 188 182 204 0 0 0 0 0 0 0
car 0.0 0 0 143 148 159 158 0 0 0 0 0 0 0
car 0.0 0 0 186 225 193 235 0 0 0 0 0 0 0
car 0.0 0 0 188 238 197 256 0 0 0 0 0 0 0
car 0.0 0 0 189 256 200 272 0 0 0 0 0 0 0
car 0.0 0 0 193 291 199 304 0 0 0 0 0 0 0
car 0.0 0 0 199 292 208 307 0 0 0 0 0 0 0
car 0.0 0 0 191 266 205 285 0 0 0 0 0 0 0
car 0.0 0 0 209 269 216 283 0 0 0 0 0 0 0
car 0.0 0 0 202 217 210 231 0 0 0 0 0 0 0
car 0.0 0 0 212 226 219 239 0 0 0 0 0 0 0
car 0.0 0 0 214 241 226 256 0 0 0 0 0 0 0
car 0.0 0 0 215 266 225 277 0 0 0 0 0 0 0
car 0.0 0 0 225 274 233 284 0 0 0 0 0 0 0
car 0.0 0 0 226 286 235 296 0 0 0 0 0 0 0
car 0.0 0 0 210 310 217 321 0 0 0 0 0 0 0
car 0.0 0 0 221 297 234 313 0 0 0 0 0 0 0
car 0.0 0 0 212 296 223 314 0 0 0 0 0 0 0
car 0.0 0 0 226 313 233 325 0 0 0 0 0 0 0
car 0.0 0 0 45 191 58 197 0 0 0 0 0 0 0
car 0.5 0 0 0 227 4 237 0 0 0 0 0 0 0
car 0.0 0 0 15 275 24 289 0 0 0 0 0 0 0
car 0.0 0 0 112 336 128 345 0 0 0 0 0 0 0
car 0.0 0 0 205 332 213 342 0 0 0 0 0 0 0
car 0.0 0 0 181 209 188 225 0 0 0 0 0 0 0
car 0.0 0 0 191 115 200 131 0 0 0 0 0 0 0
