car 0.0 0 0 221 13 235 42 0 0 0 0 0 0 0
car 0.0 0 0 306 178 320 185 0 0 0 0 0 0 0
car 0.25 0 0 346 207 352 218 0 0 0 0 0 0 0
car 0.0 0 0 338 209 345 220 0 0 0 0 0 0 0
car 0.0 0 0 311 215 318 225 0 0 0 0 0 0 0
car 0.0 0 0 332 203 338 209 0 0 0 0 0 0 0
car 0.0 0 0 326 215 332 223 0 0 0 0 0 0 0
car 0.0 0 0 259 210 272 216 0 0 0 0 0 0 0
car 0.0 0 0 280 214 289 227 0 0 0 0 0 0 0
car 0.0 0 0 285 205 299 218 0 0 0 0 0 0 0
car 0.0 0 0 301 212 311 225 0 0 0 0 0 0 0
car 0.0 0 0 272 215 282 231 0 0 0 0 0 0 0
car 0.0 0 0 231 212 246 224 0 0 0 0 0 0 0
car 0.0 0 0 235 199 247 207 0 0 0 0 0 0 0
car 0.0 0 0 221 195 233 202 0 0 0 0 0 0 0
car 0.916666666667 0 0 22 0 34 2 0 0 0 0 0 0 0
car 0.0 0 0 34 2 44 17 0 0 0 0 0 0 0
car 0.785714285714 0 0 13 0 21 3 0 0 0 0 0 0 0
car 0.0 0 0 21 29 29 41 0 0 0 0 0 0 0
car 0.0 0 0 33 33 44 47 0 0 0 0 0 0 0
car 0.0 0 0 51 32 58 47 0 0 0 0 0 0 0
car 0.0 0 0 58 40 66 53 0 0 0 0 0 0 0
car 0.0 0 0 16 66 30 73 0 0 0 0 0 0 0
car 0.0 0 0 55 72 66 88 0 0 0 0 0 0 0
car 0.0 0 0 62 62 71 77 0 0 0 0 0 0 0
car 0.0 0 0 32 85 39 99 0 0 0 0 0 0 0
car 0.0 0 0 43 75 51 86 0 0 0 0 0 0 0
car 0.0 0 0 65 100 74 112 0 0 0 0 0 0 0
car 0.0 0 0 70 117 80 127 0 0 0 0 0 0 0
car 0.0 0 0 70 128 83 140 0 0 0 0 0 0 0
car 0.0 0 0 74 141 84 152 0 0 0 0 0 0 0
car 0.0 0 0 45 155 54 168 0 0 0 0 0 0 0
car 0.0 0 0 74 153 81 163 0 0 0 0 0 0 0
car 0.0 0 0 56 204 65 222 0 0 0 0 0 0 0
car 0.0 0 0 85 198 91 209 0 0 0 0 0 0 0
car 0.0 0 0 107 217 123 227 0 0 0 0 0 0 0
car 0.0 0 0 131 214 144 222 0 0 0 0 0 0 0
car 0.0 0 0 10 235 25 244 0 0 0 0 0 0 0
car 0.0 0 0 2 242 14 249 0 0 0 0 0 0 0
car 0.0 0 0 11 260 26 269 0 0 0 0 0 0 0
car 0.0 0 0 50 257 61 266 0 0 0 0 0 0 0
car 0.0 0 0 38 259 47 265 0 0 0 0 0 0 0
car 0.0 0 0 27 260 38 268 0 0 0 0 0 0 0
car 0.0 0 0 71 277 81 294 0 0 0 0 0 0 0
car 0.0 0 0 101 319 109 330 0 0 0 0 0 0 0
car 0.0 0 0 90 330 98 346 0 0 0 0 0 0 0
car 0.0 0 0 97 333 106 347 0 0 0 0 0 0 0
car 0.333333333333 0 0 107 344 115 352 0 0 0 0 0 0 0
car 0.7 0 0 85 349 93 352 0 0 0 0 0 0 0
car 0.0 0 0 161 233 173 245 0 0 0 0 0 0 0
car 0.0 0 0 142 234 160 244 0 0 0 0 0 0 0
car 0.0 0 0 106 245 123 255 0 0 0 0 0 0 0
car 0.0 0 0 84 294 90 303 0 0 0 0 0 0 0
car 0.0 0 0 94 286 105 302 0 0 0 0 0 0 0
car 0.0 0 0 94 273 101 281 0 0 0 0 0 0 0
