car 0.466666666667 0 0 98 0 106 8 0 0 0 0 0 0 0
car 0.0 0 0 66 12 80 29 0 0 0 0 0 0 0
car 0.0 0 0 71 24 81 37 0 0 0 0 0 0 0
car 0.0 0 0 74 39 84 55 0 0 0 0 0 0 0
car 0.0 0 0 76 56 89 70 0 0 0 0 0 0 0
car 0.0 0 0 80 105 94 114 0 0 0 0 0 0 0
car 0.0 0 0 82 117 97 124 0 0 0 0 0 0 0
car 0.0 0 0 88 86 98 101 0 0 0 0 0 0 0
car 0.0 0 0 103 87 113 105 0 0 0 0 0 0 0
car 0.0 0 0 102 14 111 32 0 0 0 0 0 0 0
car 0.0 0 0 107 40 117 55 0 0 0 0 0 0 0
car 0.0 0 0 107 55 120 68 0 0 0 0 0 0 0
car 0.0 0 0 112 67 124 82 0 0 0 0 0 0 0
car 0.0 0 0 119 95 127 110 0 0 0 0 0 0 0
car 0.0 0 0 121 115 131 133 0 0 0 0 0 0 0
car 0.0 0 0 116 83 124 92 0 0 0 0 0 0 0
car 0.0 0 0 30 189 44 197 0 0 0 0 0 0 0
car 0.0 0 0 51 195 69 203 0 0 0 0 0 0 0
car 0.0 0 0 82 203 90 214 0 0 0 0 0 0 0
car 0.0 0 0 41 203 49 216 0 0 0 0 0 0 0
car 0.0 0 0 22 207 30 218 0 0 0 0 0 0 0
car 0.0 0 0 14 209 21 220 0 0 0 0 0 0 0
car 0.0 0 0 8 203 14 209 0 0 0 0 0 0 0
car 0.0 0 0 2 215 8 223 0 0 0 0 0 0 0
car 0.0 0 0 318 121 327 131 0 0 0 0 0 0 0
car 0.0 0 0 305 123 313 134 0 0 0 0 0 0 0
car 0.0 0 0 338 161 352 170 0 0 0 0 0 0 0
car 0.571428571429 0 0 349 143 352 149 0 0 0 0 0 0 0
car 0.285714285714 0 0 347 158 352 163 0 0 0 0 0 0 0
car 0.0 0 0 331 167 346 183 0 0 0 0 0 0 0
car 0.0 0 0 299 163 312 171 0 0 0 0 0 0 0
car 0.0 0 0 284 167 298 177 0 0 0 0 0 0 0
car 0.0 0 0 244 145 258 153 0 0 0 0 0 0 0
car 0.0 0 0 220 175 234 183 0 0 0 0 0 0 0
car 0.0 0 0 238 174 248 181 0 0 0 0 0 0 0
car 0.0 0 0 208 173 218 179 0 0 0 0 0 0 0
car 0.0 0 0 182 177 200 185 0 0 0 0 0 0 0
car 0.0 0 0 312 341 327 348 0 0 0 0 0 0 0
car 0.0 0 0 217 333 224 343 0 0 0 0 0 0 0
car 0.0 0 0 238 318 245 333 0 0 0 0 0 0 0
car 0.0 0 0 219 285 234 294 0 0 0 0 0 0 0
car 0.0 0 0 229 290 247 301 0 0 0 0 0 0 0
car 0.0 0 0 190 311 203 336 0 0 0 0 0 0 0
car 0.0 0 0 205 323 213 337 0 0 0 0 0 0 0
car 0.0 0 0 144 253 150 266 0 0 0 0 0 0 0
car 0.0 0 0 145 271 154 285 0 0 0 0 0 0 0
car 0.0 0 0 155 155 165 162 0 0 0 0 0 0 0
car 0.0 0 0 121 220 130 232 0 0 0 0 0 0 0
car 0.0 0 0 109 227 119 243 0 0 0 0 0 0 0
car 0.0 0 0 112 245 122 261 0 0 0 0 0 0 0
car 0.0 0 0 119 270 127 282 0 0 0 0 0 0 0
car 0.0 0 0 129 325 138 344 0 0 0 0 0 0 0
