car 0.8 0 0 0 17 3 24 0 0 0 0 0 0 0
car 0.0 0 0 215 118 223 136 0 0 0 0 0 0 0
car 0.0 0 0 212 101 218 111 0 0 0 0 0 0 0
car 0.0 0 0 64 163 70 174 0 0 0 0 0 0 0
car 0.6875 0 0 0 185 5 192 0 0 0 0 0 0 0
car 0.0 0 0 18 180 29 191 0 0 0 0 0 0 0
car 0.0 0 0 13 206 21 221 0 0 0 0 0 0 0
car 0.714285714286 0 0 0 215 2 222 0 0 0 0 0 0 0
car 0.0 0 0 131 189 140 201 0 0 0 0 0 0 0
car 0.0 0 0 232 202 240 218 0 0 0 0 0 0 0
car 0.0 0 0 237 229 246 244 0 0 0 0 0 0 0
car 0.0 0 0 241 247 250 261 0 0 0 0 0 0 0
car 0.0 0 0 244 263 254 281 0 0 0 0 0 0 0
car 0.0 0 0 262 202 271 218 0 0 0 0 0 0 0
car 0.0 0 0 252 304 262 319 0 0 0 0 0 0 0
car 0.0 0 0 275 277 284 293 0 0 0 0 0 0 0
car 0.0 0 0 290 250 301 258 0 0 0 0 0 0 0
car 0.0 0 0 272 341 277 351 0 0 0 0 0 0 0
car 0.0 0 0 303 146 318 155 0 0 0 0 0 0 0
car 0.0 0 0 322 144 334 152 0 0 0 0 0 0 0
car 0.0 0 0 309 132 325 139 0 0 0 0 0 0 0
