car 0.0 0 0 152 154 166 168 0 0 0 0 0 0 0
car 0.0 0 0 177 137 188 153 0 0 0 0 0 0 0
car 0.0 0 0 135 125 153 135 0 0 0 0 0 0 0
car 0.0 0 0 183 49 198 56 0 0 0 0 0 0 0
car 0.0 0 0 181 41 193 49 0 0 0 0 0 0 0
car 0.0769230769231 0 0 120 0 126 12 0 0 0 0 0 0 0
car 0.0 0 0 85 108 100 118 0 0 0 0 0 0 0
car 0.0 0 0 72 110 84 119 0 0 0 0 0 0 0
car 0.0 0 0 59 112 74 124 0 0 0 0 0 0 0
car 0.0 0 0 49 113 61 125 0 0 0 0 0 0 0
car 0.0 0 0 37 119 47 129 0 0 0 0 0 0 0
car 0.0 0 0 28 121 36 130 0 0 0 0 0 0 0
car 0.666666666667 0 0 0 121 3 131 0 0 0 0 0 0 0
car 0.0 0 0 89 146 99 160 0 0 0 0 0 0 0
car 0.0 0 0 34 133 49 142 0 0 0 0 0 0 0
car 0.0 0 0 96 124 104 131 0 0 0 0 0 0 0
car 0.0 0 0 14 161 28 170 0 0 0 0 0 0 0
car 0.0 0 0 79 149 90 162 0 0 0 0 0 0 0
car 0.0 0 0 101 145 108 156 0 0 0 0 0 0 0
car 0.0 0 0 51 151 59 156 0 0 0 0 0 0 0
car 0.0 0 0 32 155 37 162 0 0 0 0 0 0 0
car 0.0 0 0 25 143 32 149 0 0 0 0 0 0 0
car 0.0 0 0 30 150 37 154 0 0 0 0 0 0 0
car 0.0 0 0 41 147 50 153 0 0 0 0 0 0 0
car 0.0 0 0 38 153 47 160 0 0 0 0 0 0 0
car 0.0 0 0 23 158 30 163 0 0 0 0 0 0 0
car 0.0 0 0 7 167 22 183 0 0 0 0 0 0 0
car 0.8 0 0 0 341 3 348 0 0 0 0 0 0 0
car 0.0 0 0 207 243 215 259 0 0 0 0 0 0 0
car 0.0 0 0 202 222 214 236 0 0 0 0 0 0 0
