car 0.0 0 0 312 17 327 24 0 0 0 0 0 0 0
car 0.0 0 0 275 74 303 86 0 0 0 0 0 0 0
car 0.0 0 0 256 41 265 59 0 0 0 0 0 0 0
car 0.0 0 0 235 40 243 56 0 0 0 0 0 0 0
car 0.0 0 0 283 96 294 104 0 0 0 0 0 0 0
car 0.0 0 0 251 102 269 113 0 0 0 0 0 0 0
car 0.0 0 0 217 9 224 19 0 0 0 0 0 0 0
car 0.4 0 0 238 0 245 9 0 0 0 0 0 0 0
car 0.52 0 0 190 0 203 12 0 0 0 0 0 0 0
car 0.0714285714286 0 0 205 0 213 13 0 0 0 0 0 0 0
car 0.0 0 0 248 185 256 202 0 0 0 0 0 0 0
car 0.0 0 0 270 193 285 201 0 0 0 0 0 0 0
car 0.0 0 0 298 189 308 195 0 0 0 0 0 0 0
car 0.0 0 0 313 185 329 192 0 0 0 0 0 0 0
car 0.0909090909091 0 0 342 180 352 191 0 0 0 0 0 0 0
car 0.0 0 0 129 1 138 20 0 0 0 0 0 0 0
car 0.0 0 0 37 50 54 61 0 0 0 0 0 0 0
car 0.0 0 0 20 68 38 76 0 0 0 0 0 0 0
car 0.0 0 0 37 61 50 67 0 0 0 0 0 0 0
car 0.777777777778 0 0 0 58 4 67 0 0 0 0 0 0 0
car 0.0 0 0 122 134 133 150 0 0 0 0 0 0 0
car 0.0 0 0 128 159 140 177 0 0 0 0 0 0 0
car 0.0 0 0 89 209 99 223 0 0 0 0 0 0 0
car 0.916666666667 0 0 0 238 1 245 0 0 0 0 0 0 0
car 0.0 0 0 31 234 42 241 0 0 0 0 0 0 0
car 0.0 0 0 44 230 59 240 0 0 0 0 0 0 0
car 0.0 0 0 78 225 97 235 0 0 0 0 0 0 0
car 0.0 0 0 111 219 129 229 0 0 0 0 0 0 0
car 0.0 0 0 132 216 150 226 0 0 0 0 0 0 0
car 0.714285714286 0 0 0 262 4 271 0 0 0 0 0 0 0
car 0.0 0 0 8 259 19 266 0 0 0 0 0 0 0
car 0.0 0 0 22 257 33 265 0 0 0 0 0 0 0
car 0.0 0 0 37 249 48 256 0 0 0 0 0 0 0
car 0.0 0 0 41 255 52 262 0 0 0 0 0 0 0
car 0.0 0 0 53 252 68 258 0 0 0 0 0 0 0
car 0.0 0 0 71 250 87 259 0 0 0 0 0 0 0
car 0.0 0 0 91 247 104 255 0 0 0 0 0 0 0
car 0.0 0 0 107 244 123 252 0 0 0 0 0 0 0
car 0.0 0 0 123 241 139 249 0 0 0 0 0 0 0
car 0.0 0 0 140 238 154 247 0 0 0 0 0 0 0
car 0.0 0 0 155 235 170 244 0 0 0 0 0 0 0
car 0.0 0 0 138 57 147 74 0 0 0 0 0 0 0
car 0.0 0 0 145 85 151 94 0 0 0 0 0 0 0
car 0.0 0 0 156 86 163 97 0 0 0 0 0 0 0
car 0.0 0 0 169 72 180 88 0 0 0 0 0 0 0
car 0.0 0 0 146 98 154 107 0 0 0 0 0 0 0
car 0.0 0 0 148 109 159 127 0 0 0 0 0 0 0
car 0.0 0 0 153 128 162 144 0 0 0 0 0 0 0
car 0.0 0 0 162 122 170 140 0 0 0 0 0 0 0
car 0.0 0 0 160 169 168 183 0 0 0 0 0 0 0
car 0.0 0 0 162 186 171 201 0 0 0 0 0 0 0
car 0.0 0 0 165 202 173 216 0 0 0 0 0 0 0
car 0.0 0 0 178 120 187 137 0 0 0 0 0 0 0
car 0.0 0 0 181 140 189 151 0 0 0 0 0 0 0
car 0.0 0 0 189 176 198 191 0 0 0 0 0 0 0
car 0.0 0 0 180 225 188 239 0 0 0 0 0 0 0
car 0.0 0 0 174 241 180 248 0 0 0 0 0 0 0
car 0.0 0 0 176 250 181 258 0 0 0 0 0 0 0
car 0.0 0 0 217 204 230 211 0 0 0 0 0 0 0
car 0.0 0 0 177 261 184 274 0 0 0 0 0 0 0
car 0.0 0 0 182 280 188 293 0 0 0 0 0 0 0
car 0.0 0 0 191 273 197 282 0 0 0 0 0 0 0
car 0.0 0 0 206 260 214 278 0 0 0 0 0 0 0
car 0.0 0 0 188 298 193 307 0 0 0 0 0 0 0
car 0.0 0 0 197 298 201 305 0 0 0 0 0 0 0
car 0.0 0 0 210 293 218 306 0 0 0 0 0 0 0
car 0.0 0 0 193 313 202 327 0 0 0 0 0 0 0
car 0.0 0 0 213 313 222 328 0 0 0 0 0 0 0
car 0.0 0 0 194 327 203 342 0 0 0 0 0 0 0
car 0.0 0 0 218 331 226 346 0 0 0 0 0 0 0
car 0.0 0 0 337 206 345 221 0 0 0 0 0 0 0
car 0.0 0 0 281 215 295 224 0 0 0 0 0 0 0
car 0.0 0 0 297 217 305 226 0 0 0 0 0 0 0
car 0.0 0 0 319 215 326 222 0 0 0 0 0 0 0
car 0.0 0 0 253 223 259 233 0 0 0 0 0 0 0
