car 0.0 0 0 120 323 126 336 0 0 0 0 0 0 0
car 0.0 0 0 117 303 125 320 0 0 0 0 0 0 0
car 0.0 0 0 175 292 188 301 0 0 0 0 0 0 0
car 0.0 0 0 112 230 123 251 0 0 0 0 0 0 0
car 0.0 0 0 155 219 171 230 0 0 0 0 0 0 0
car 0.0 0 0 152 232 164 250 0 0 0 0 0 0 0
car 0.0 0 0 100 172 112 192 0 0 0 0 0 0 0
car 0.0 0 0 151 195 164 205 0 0 0 0 0 0 0
car 0.0 0 0 139 115 156 125 0 0 0 0 0 0 0
car 0.0 0 0 136 94 154 104 0 0 0 0 0 0 0
car 0.0 0 0 87 129 98 146 0 0 0 0 0 0 0
car 0.0 0 0 82 120 90 138 0 0 0 0 0 0 0
car 0.0 0 0 78 106 88 122 0 0 0 0 0 0 0
car 0.0 0 0 62 102 76 110 0 0 0 0 0 0 0
car 0.0 0 0 63 87 83 99 0 0 0 0 0 0 0
car 0.0 0 0 39 73 59 81 0 0 0 0 0 0 0
car 0.0 0 0 51 79 65 90 0 0 0 0 0 0 0
car 0.0 0 0 21 90 36 99 0 0 0 0 0 0 0
car 0.0 0 0 41 106 53 123 0 0 0 0 0 0 0
car 0.0 0 0 29 108 39 126 0 0 0 0 0 0 0
car 0.0 0 0 2 112 21 122 0 0 0 0 0 0 0
car 0.0 0 0 7 105 25 114 0 0 0 0 0 0 0
car 0.0 0 0 7 85 21 93 0 0 0 0 0 0 0
car 0.0 0 0 68 55 81 62 0 0 0 0 0 0 0
car 0.0 0 0 67 47 82 55 0 0 0 0 0 0 0
car 0.0 0 0 64 29 79 40 0 0 0 0 0 0 0
car 0.0 0 0 61 12 73 21 0 0 0 0 0 0 0
car 0.0 0 0 91 12 102 27 0 0 0 0 0 0 0
car 0.0 0 0 124 57 141 90 0 0 0 0 0 0 0
car 0.714285714286 0 0 0 84 2 94 0 0 0 0 0 0 0
car 0.0 0 0 101 221 110 232 0 0 0 0 0 0 0
car 0.0 0 0 228 47 257 60 0 0 0 0 0 0 0
car 0.0 0 0 253 35 275 45 0 0 0 0 0 0 0
