car 0.454545454545 0 0 101 0 109 6 0 0 0 0 0 0 0
car 0.0 0 0 90 6 98 22 0 0 0 0 0 0 0
car 0.0 0 0 97 9 106 23 0 0 0 0 0 0 0
car 0.0 0 0 107 20 115 32 0 0 0 0 0 0 0
car 0.0 0 0 85 25 93 35 0 0 0 0 0 0 0
car 0.0 0 0 108 41 119 57 0 0 0 0 0 0 0
car 0.555555555556 0 0 344 68 352 76 0 0 0 0 0 0 0
car 0.0 0 0 310 58 328 67 0 0 0 0 0 0 0
car 0.0 0 0 268 65 282 75 0 0 0 0 0 0 0
car 0.0 0 0 218 91 231 98 0 0 0 0 0 0 0
car 0.0 0 0 200 92 215 100 0 0 0 0 0 0 0
car 0.0 0 0 85 109 102 123 0 0 0 0 0 0 0
car 0.0 0 0 68 113 85 124 0 0 0 0 0 0 0
car 0.0 0 0 51 119 63 126 0 0 0 0 0 0 0
car 0.0 0 0 22 123 35 129 0 0 0 0 0 0 0
car 0.0 0 0 23 309 34 317 0 0 0 0 0 0 0
car 0.0 0 0 2 291 16 299 0 0 0 0 0 0 0
car 0.0 0 0 23 287 38 295 0 0 0 0 0 0 0
car 0.0 0 0 38 285 53 292 0 0 0 0 0 0 0
car 0.0 0 0 40 292 54 300 0 0 0 0 0 0 0
car 0.0 0 0 38 303 53 313 0 0 0 0 0 0 0
car 0.0 0 0 64 298 80 309 0 0 0 0 0 0 0
car 0.0 0 0 126 279 140 290 0 0 0 0 0 0 0
car 0.0 0 0 126 245 136 261 0 0 0 0 0 0 0
car 0.0 0 0 104 120 111 135 0 0 0 0 0 0 0
car 0.0 0 0 107 141 116 158 0 0 0 0 0 0 0
car 0.0 0 0 126 118 132 128 0 0 0 0 0 0 0
car 0.0 0 0 126 134 134 145 0 0 0 0 0 0 0
car 0.0 0 0 128 145 138 159 0 0 0 0 0 0 0
car 0.0 0 0 115 163 122 176 0 0 0 0 0 0 0
car 0.0 0 0 134 160 141 172 0 0 0 0 0 0 0
car 0.0 0 0 138 109 146 117 0 0 0 0 0 0 0
car 0.0 0 0 134 174 143 189 0 0 0 0 0 0 0
car 0.0 0 0 117 190 123 200 0 0 0 0 0 0 0
car 0.0 0 0 138 194 147 208 0 0 0 0 0 0 0
car 0.0 0 0 143 208 150 219 0 0 0 0 0 0 0
car 0.0 0 0 145 222 153 237 0 0 0 0 0 0 0
car 0.0 0 0 84 276 98 285 0 0 0 0 0 0 0
car 0.0 0 0 160 299 167 312 0 0 0 0 0 0 0
car 0.0 0 0 150 101 166 109 0 0 0 0 0 0 0
car 0.0 0 0 169 261 183 268 0 0 0 0 0 0 0
car 0.0 0 0 184 257 210 271 0 0 0 0 0 0 0
car 0.0 0 0 168 281 184 288 0 0 0 0 0 0 0
car 0.0 0 0 185 279 201 288 0 0 0 0 0 0 0
car 0.0 0 0 201 276 218 286 0 0 0 0 0 0 0
car 0.0 0 0 220 256 236 266 0 0 0 0 0 0 0
car 0.0 0 0 259 246 273 254 0 0 0 0 0 0 0
car 0.0 0 0 299 241 311 248 0 0 0 0 0 0 0
car 0.0 0 0 313 238 325 245 0 0 0 0 0 0 0
car 0.0 0 0 220 274 237 284 0 0 0 0 0 0 0
car 0.0 0 0 241 270 258 278 0 0 0 0 0 0 0
car 0.0 0 0 262 269 275 276 0 0 0 0 0 0 0
car 0.0 0 0 278 268 288 275 0 0 0 0 0 0 0
car 0.0 0 0 291 267 301 273 0 0 0 0 0 0 0
car 0.0 0 0 314 262 328 271 0 0 0 0 0 0 0
car 0.0 0 0 332 259 343 266 0 0 0 0 0 0 0
car 0.454545454545 0 0 346 257 352 265 0 0 0 0 0 0 0
car 0.0 0 0 165 331 173 346 0 0 0 0 0 0 0
