car 0.533333333333 0 0 345 90 352 99 0 0 0 0 0 0 0
car 0.0 0 0 326 112 345 122 0 0 0 0 0 0 0
car 0.0 0 0 331 105 349 114 0 0 0 0 0 0 0
car 0.0 0 0 331 85 345 93 0 0 0 0 0 0 0
car 0.533333333333 0 0 0 115 7 125 0 0 0 0 0 0 0
car 0.0 0 0 12 20 19 33 0 0 0 0 0 0 0
car 0.3125 0 0 0 3 11 16 0 0 0 0 0 0 0
car 0.0 0 0 10 147 27 154 0 0 0 0 0 0 0
car 0.0 0 0 16 47 25 66 0 0 0 0 0 0 0
car 0.0 0 0 19 68 28 79 0 0 0 0 0 0 0
car 0.0 0 0 27 101 39 126 0 0 0 0 0 0 0
car 0.0 0 0 38 88 48 104 0 0 0 0 0 0 0
car 0.0 0 0 54 110 63 122 0 0 0 0 0 0 0
car 0.0 0 0 61 120 68 135 0 0 0 0 0 0 0
car 0.117647058824 0 0 0 179 15 187 0 0 0 0 0 0 0
car 0.0 0 0 38 180 46 193 0 0 0 0 0 0 0
car 0.0 0 0 44 192 52 210 0 0 0 0 0 0 0
car 0.0 0 0 73 206 84 221 0 0 0 0 0 0 0
car 0.0 0 0 46 220 52 227 0 0 0 0 0 0 0
car 0.0 0 0 48 228 54 237 0 0 0 0 0 0 0
car 0.0 0 0 59 255 69 268 0 0 0 0 0 0 0
car 0.0 0 0 51 249 58 258 0 0 0 0 0 0 0
car 0.0 0 0 58 281 68 293 0 0 0 0 0 0 0
car 0.0 0 0 60 298 69 311 0 0 0 0 0 0 0
car 0.0 0 0 85 268 96 282 0 0 0 0 0 0 0
car 0.0 0 0 83 251 93 264 0 0 0 0 0 0 0
car 0.0 0 0 79 237 92 251 0 0 0 0 0 0 0
car 0.0 0 0 92 284 100 300 0 0 0 0 0 0 0
car 0.0 0 0 92 299 101 313 0 0 0 0 0 0 0
car 0.0 0 0 98 317 106 332 0 0 0 0 0 0 0
car 0.0588235294118 0 0 66 336 80 352 0 0 0 0 0 0 0
car 0.692307692308 0 0 71 348 81 352 0 0 0 0 0 0 0
car 0.222222222222 0 0 102 338 111 352 0 0 0 0 0 0 0
car 0.0 0 0 86 133 103 143 0 0 0 0 0 0 0
car 0.0 0 0 120 152 139 164 0 0 0 0 0 0 0
car 0.0 0 0 123 129 138 139 0 0 0 0 0 0 0
car 0.0 0 0 155 147 173 158 0 0 0 0 0 0 0
car 0.0 0 0 175 143 193 154 0 0 0 0 0 0 0
car 0.0 0 0 162 118 178 128 0 0 0 0 0 0 0
car 0.0 0 0 172 115 184 123 0 0 0 0 0 0 0
car 0.0 0 0 200 107 211 118 0 0 0 0 0 0 0
car 0.0 0 0 199 125 219 139 0 0 0 0 0 0 0
car 0.0 0 0 200 140 218 150 0 0 0 0 0 0 0
car 0.0 0 0 237 99 250 110 0 0 0 0 0 0 0
car 0.0 0 0 251 95 269 107 0 0 0 0 0 0 0
car 0.0 0 0 272 90 286 101 0 0 0 0 0 0 0
car 0.0 0 0 277 105 295 115 0 0 0 0 0 0 0
car 0.0 0 0 291 94 310 106 0 0 0 0 0 0 0
car 0.0 0 0 261 118 277 127 0 0 0 0 0 0 0
car 0.0 0 0 248 125 264 137 0 0 0 0 0 0 0
car 0.0 0 0 269 122 286 133 0 0 0 0 0 0 0
car 0.0 0 0 287 117 300 128 0 0 0 0 0 0 0
car 0.0 0 0 301 117 317 129 0 0 0 0 0 0 0
car 0.0 0 0 286 90 300 101 0 0 0 0 0 0 0
car 0.0 0 0 319 84 326 94 0 0 0 0 0 0 0
car 0.0 0 0 274 280 291 289 0 0 0 0 0 0 0
