car 0.0 0 0 295 32 314 42 0 0 0 0 0 0 0
car 0.0 0 0 319 29 334 37 0 0 0 0 0 0 0
car 0.0 0 0 302 41 320 50 0 0 0 0 0 0 0
car 0.0 0 0 292 55 310 64 0 0 0 0 0 0 0
car 1.0 0 0 0 6 0 22 0 0 0 0 0 0 0
car 0.444444444444 0 0 0 31 5 45 0 0 0 0 0 0 0
car 0.0 0 0 12 61 26 75 0 0 0 0 0 0 0
car 0.0 0 0 148 204 163 216 0 0 0 0 0 0 0
car 0.0 0 0 139 284 154 297 0 0 0 0 0 0 0
car 0.0 0 0 169 277 180 290 0 0 0 0 0 0 0
car 0.0 0 0 206 291 216 304 0 0 0 0 0 0 0
car 0.0 0 0 131 194 143 204 0 0 0 0 0 0 0
car 0.0 0 0 182 273 196 290 0 0 0 0 0 0 0
car 0.0 0 0 179 258 194 276 0 0 0 0 0 0 0
