car 0.0 0 0 237 3 254 13 0 0 0 0 0 0 0
car 0.0 0 0 107 23 118 40 0 0 0 0 0 0 0
car 0.0 0 0 190 10 197 25 0 0 0 0 0 0 0
car 0.0 0 0 213 35 224 44 0 0 0 0 0 0 0
car 0.0 0 0 246 25 262 34 0 0 0 0 0 0 0
car 0.0 0 0 17 52 35 61 0 0 0 0 0 0 0
car 0.0 0 0 45 59 63 69 0 0 0 0 0 0 0
car 0.0 0 0 136 74 149 91 0 0 0 0 0 0 0
car 0.0 0 0 146 64 161 73 0 0 0 0 0 0 0
car 0.0 0 0 3 82 16 91 0 0 0 0 0 0 0
car 0.0 0 0 83 90 92 105 0 0 0 0 0 0 0
car 0.0 0 0 279 46 292 59 0 0 0 0 0 0 0
car 0.0 0 0 284 65 291 80 0 0 0 0 0 0 0
car 0.0 0 0 317 66 326 84 0 0 0 0 0 0 0
car 0.0 0 0 158 72 164 84 0 0 0 0 0 0 0
car 0.0 0 0 285 78 300 94 0 0 0 0 0 0 0
car 0.0 0 0 294 92 305 109 0 0 0 0 0 0 0
car 0.0 0 0 328 94 344 110 0 0 0 0 0 0 0
car 1.0 0 0 0 330 0 346 0 0 0 0 0 0 0
