car 0.0 0 0 303 76 323 85 0 0 0 0 0 0 0
car 0.0 0 0 326 98 340 107 0 0 0 0 0 0 0
car 0.0 0 0 268 28 278 41 0 0 0 0 0 0 0
car 0.0 0 0 150 30 167 40 0 0 0 0 0 0 0
car 0.0 0 0 134 23 145 41 0 0 0 0 0 0 0
car 0.0 0 0 138 43 148 58 0 0 0 0 0 0 0
car 0.0 0 0 101 57 114 71 0 0 0 0 0 0 0
car 0.0 0 0 82 6 96 16 0 0 0 0 0 0 0
car 0.0 0 0 89 26 98 37 0 0 0 0 0 0 0
car 0.0 0 0 257 25 268 43 0 0 0 0 0 0 0
car 0.0 0 0 153 48 168 57 0 0 0 0 0 0 0
car 0.0 0 0 163 76 173 86 0 0 0 0 0 0 0
car 0.0 0 0 145 228 155 248 0 0 0 0 0 0 0
car 0.0 0 0 178 265 190 288 0 0 0 0 0 0 0
car 0.0 0 0 214 329 230 344 0 0 0 0 0 0 0
car 0.0 0 0 333 225 343 243 0 0 0 0 0 0 0
car 0.0 0 0 313 176 321 190 0 0 0 0 0 0 0
car 0.0 0 0 108 67 119 84 0 0 0 0 0 0 0
