car 0.0 0 0 151 3 168 14 0 0 0 0 0 0 0
car 0.0 0 0 121 10 132 17 0 0 0 0 0 0 0
car 0.0 0 0 98 12 117 22 0 0 0 0 0 0 0
car 0.0 0 0 50 31 73 44 0 0 0 0 0 0 0
car 0.0 0 0 234 116 248 135 0 0 0 0 0 0 0
car 0.0 0 0 318 176 326 190 0 0 0 0 0 0 0
car 0.0 0 0 328 175 336 189 0 0 0 0 0 0 0
car 0.0 0 0 335 175 344 191 0 0 0 0 0 0 0
car 0.0 0 0 280 299 289 314 0 0 0 0 0 0 0
car 0.0 0 0 237 327 254 337 0 0 0 0 0 0 0
car 0.0 0 0 318 308 331 316 0 0 0 0 0 0 0
car 0.0 0 0 338 295 345 309 0 0 0 0 0 0 0
car 0.0 0 0 332 302 338 308 0 0 0 0 0 0 0
car 0.705882352941 0 0 107 347 118 352 0 0 0 0 0 0 0
car 0.0 0 0 190 334 197 349 0 0 0 0 0 0 0
car 0.666666666667 0 0 246 349 262 352 0 0 0 0 0 0 0
