car 0.0 0 0 198 0 215 8 0 0 0 0 0 0 0
car 0.0 0 0 269 50 284 59 0 0 0 0 0 0 0
car 0.0 0 0 263 56 271 69 0 0 0 0 0 0 0
car 0.0 0 0 280 56 291 65 0 0 0 0 0 0 0
car 0.0 0 0 155 7 171 16 0 0 0 0 0 0 0
car 0.0 0 0 157 16 170 24 0 0 0 0 0 0 0
car 0.0 0 0 213 86 232 96 0 0 0 0 0 0 0
car 0.0 0 0 110 56 129 66 0 0 0 0 0 0 0
car 0.0 0 0 2 98 16 107 0 0 0 0 0 0 0
car 0.0 0 0 179 120 194 130 0 0 0 0 0 0 0
car 0.0 0 0 177 107 192 122 0 0 0 0 0 0 0
car 0.0 0 0 211 125 224 145 0 0 0 0 0 0 0
car 0.0 0 0 226 143 241 152 0 0 0 0 0 0 0
car 0.0 0 0 220 156 228 173 0 0 0 0 0 0 0
car 0.0 0 0 189 170 204 180 0 0 0 0 0 0 0
car 0.0 0 0 154 139 164 156 0 0 0 0 0 0 0
car 0.0 0 0 220 206 230 223 0 0 0 0 0 0 0
car 0.0 0 0 95 224 104 237 0 0 0 0 0 0 0
car 0.0 0 0 104 222 112 236 0 0 0 0 0 0 0
car 0.0 0 0 110 219 120 233 0 0 0 0 0 0 0
car 0.0 0 0 133 217 141 231 0 0 0 0 0 0 0
car 0.0 0 0 150 211 159 228 0 0 0 0 0 0 0
car 0.0 0 0 161 209 169 227 0 0 0 0 0 0 0
car 0.0 0 0 218 250 233 280 0 0 0 0 0 0 0
car 0.0 0 0 9 225 19 243 0 0 0 0 0 0 0
