car 0.0 0 0 19 272 101 293 0 0 0 0 0 0 0
car 0.0 0 0 5 262 31 272 0 0 0 0 0 0 0
car 0.0 0 0 20 225 35 246 0 0 0 0 0 0 0
car 0.0 0 0 32 226 47 246 0 0 0 0 0 0 0
car 0.0 0 0 49 223 64 243 0 0 0 0 0 0 0
car 0.0 0 0 63 221 77 242 0 0 0 0 0 0 0
car 0.0 0 0 87 220 102 236 0 0 0 0 0 0 0
car 0.0 0 0 60 262 87 273 0 0 0 0 0 0 0
car 0.0 0 0 98 218 113 236 0 0 0 0 0 0 0
car 0.0 0 0 108 217 122 234 0 0 0 0 0 0 0
car 0.0 0 0 123 212 135 232 0 0 0 0 0 0 0
car 0.0 0 0 134 212 147 230 0 0 0 0 0 0 0
car 0.0 0 0 143 211 159 228 0 0 0 0 0 0 0
car 0.0 0 0 156 209 171 227 0 0 0 0 0 0 0
car 0.0 0 0 167 210 182 225 0 0 0 0 0 0 0
car 0.0 0 0 179 206 194 223 0 0 0 0 0 0 0
car 0.0 0 0 191 206 207 224 0 0 0 0 0 0 0
car 0.0 0 0 224 219 248 230 0 0 0 0 0 0 0
car 0.0 0 0 191 236 217 250 0 0 0 0 0 0 0
car 0.0 0 0 98 256 123 267 0 0 0 0 0 0 0
car 0.0 0 0 138 264 164 278 0 0 0 0 0 0 0
car 0.0 0 0 139 313 154 334 0 0 0 0 0 0 0
car 0.0 0 0 186 268 215 278 0 0 0 0 0 0 0
car 0.0 0 0 195 287 220 296 0 0 0 0 0 0 0
car 0.0 0 0 253 268 284 278 0 0 0 0 0 0 0
car 0.0 0 0 280 229 310 242 0 0 0 0 0 0 0
car 0.0 0 0 238 243 264 253 0 0 0 0 0 0 0
car 0.0 0 0 302 247 327 257 0 0 0 0 0 0 0
car 0.0 0 0 237 202 253 219 0 0 0 0 0 0 0
car 0.0 0 0 250 201 267 218 0 0 0 0 0 0 0
car 0.0 0 0 267 199 279 216 0 0 0 0 0 0 0
car 0.0 0 0 276 198 292 213 0 0 0 0 0 0 0
car 0.0 0 0 287 195 303 212 0 0 0 0 0 0 0
car 0.0 0 0 304 193 320 210 0 0 0 0 0 0 0
car 0.0 0 0 318 192 333 210 0 0 0 0 0 0 0
car 0.0 0 0 327 191 345 209 0 0 0 0 0 0 0
car 0.38095238095238093 0 0 339 190 352 208 0 0 0 0 0 0 0
