car 0.0 0 0 50 337 68 346 0 0 0 0 0 0 0
car 0.0 0 0 48 332 66 339 0 0 0 0 0 0 0
car 0.0 0 0 45 322 68 333 0 0 0 0 0 0 0
car 0.0 0 0 40 310 63 319 0 0 0 0 0 0 0
car 0.0 0 0 39 301 63 312 0 0 0 0 0 0 0
car 0.0 0 0 36 293 61 305 0 0 0 0 0 0 0
car 0.0 0 0 36 286 57 296 0 0 0 0 0 0 0
car 0.08695652173913049 0 0 0 294 21 306 0 0 0 0 0 0 0
car 0.08333333333333337 0 0 0 303 22 312 0 0 0 0 0 0 0
car 0.0 0 0 3 312 26 320 0 0 0 0 0 0 0
car 0.0 0 0 0 319 26 329 0 0 0 0 0 0 0
car 0.0 0 0 9 341 27 350 0 0 0 0 0 0 0
