car 0.2857142857142857 0 0 0 290 10 310 0 0 0 0 0 0 0
car 0.0 0 0 6 289 23 307 0 0 0 0 0 0 0
car 0.0 0 0 23 288 36 306 0 0 0 0 0 0 0
car 0.0 0 0 38 285 52 304 0 0 0 0 0 0 0
car 0.0 0 0 65 281 78 298 0 0 0 0 0 0 0
car 0.0 0 0 79 282 92 300 0 0 0 0 0 0 0
car 0.0 0 0 94 279 107 299 0 0 0 0 0 0 0
car 0.0 0 0 109 278 118 293 0 0 0 0 0 0 0
car 0.0 0 0 119 273 131 290 0 0 0 0 0 0 0
car 0.0 0 0 132 273 148 292 0 0 0 0 0 0 0
car 0.0 0 0 119 254 163 267 0 0 0 0 0 0 0
car 0.6 0 0 0 156 10 167 0 0 0 0 0 0 0
car 0.5217391304347826 0 0 0 166 11 176 0 0 0 0 0 0 0
car 0.7894736842105263 0 0 121 348 132 352 0 0 0 0 0 0 0
car 0.9285714285714286 0 0 136 351 149 352 0 0 0 0 0 0 0
