car 0.0 0 0 21 250 48 259 0 0 0 0 0 0 0
car 0.0 0 0 26 238 52 248 0 0 0 0 0 0 0
car 0.0 0 0 24 264 49 271 0 0 0 0 0 0 0
car 0.0 0 0 31 267 54 278 0 0 0 0 0 0 0
car 0.0 0 0 30 281 55 290 0 0 0 0 0 0 0
car 0.0 0 0 40 299 59 309 0 0 0 0 0 0 0
car 0.0 0 0 122 272 147 281 0 0 0 0 0 0 0
car 0.0 0 0 124 279 147 289 0 0 0 0 0 0 0
car 0.0 0 0 122 287 149 298 0 0 0 0 0 0 0
car 0.0 0 0 124 298 147 307 0 0 0 0 0 0 0
car 0.0 0 0 125 306 151 316 0 0 0 0 0 0 0
car 0.0 0 0 128 315 154 326 0 0 0 0 0 0 0
car 0.0 0 0 132 326 156 334 0 0 0 0 0 0 0
car 0.0 0 0 242 336 270 346 0 0 0 0 0 0 0
car 0.0 0 0 277 238 288 259 0 0 0 0 0 0 0
car 0.0 0 0 10 166 35 175 0 0 0 0 0 0 0
