car 0.0 0 0 322 294 345 306 0 0 0 0 0 0 0
car 0.0 0 0 322 303 346 312 0 0 0 0 0 0 0
car 0.0 0 0 327 312 350 320 0 0 0 0 0 0 0
car 0.0 0 0 324 319 350 329 0 0 0 0 0 0 0
car 0.0 0 0 280 316 308 326 0 0 0 0 0 0 0
car 0.0 0 0 276 281 288 298 0 0 0 0 0 0 0
car 0.0 0 0 270 261 285 278 0 0 0 0 0 0 0
car 0.0 0 0 333 341 351 350 0 0 0 0 0 0 0
car 0.0 0 0 120 326 133 345 0 0 0 0 0 0 0
car 0.0 0 0 79 280 92 298 0 0 0 0 0 0 0
car 0.0 0 0 87 302 99 321 0 0 0 0 0 0 0
car 0.0 0 0 45 235 69 244 0 0 0 0 0 0 0
car 0.0 0 0 42 226 68 236 0 0 0 0 0 0 0
car 0.0 0 0 42 218 67 229 0 0 0 0 0 0 0
car 0.0 0 0 36 212 63 222 0 0 0 0 0 0 0
car 0.0 0 0 38 204 62 217 0 0 0 0 0 0 0
car 0.0 0 0 28 181 56 191 0 0 0 0 0 0 0
car 0.0 0 0 29 174 53 183 0 0 0 0 0 0 0
car 0.0 0 0 16 142 41 155 0 0 0 0 0 0 0
car 0.0 0 0 12 130 37 141 0 0 0 0 0 0 0
car 0.0 0 0 81 202 98 224 0 0 0 0 0 0 0
car 0.0 0 0 63 144 80 161 0 0 0 0 0 0 0
car 0.0 0 0 56 111 71 129 0 0 0 0 0 0 0
car 0.0 0 0 255 53 275 67 0 0 0 0 0 0 0
car 0.0 0 0 259 71 284 80 0 0 0 0 0 0 0
car 0.0 0 0 218 75 240 86 0 0 0 0 0 0 0
car 0.0 0 0 212 66 240 76 0 0 0 0 0 0 0
car 0.0 0 0 237 130 249 150 0 0 0 0 0 0 0
car 0.0 0 0 3 35 21 46 0 0 0 0 0 0 0
car 0.18181818181818177 0 0 0 27 18 41 0 0 0 0 0 0 0
car 0.33333333333333337 0 0 0 15 14 31 0 0 0 0 0 0 0
car 0.40909090909090906 0 0 0 5 13 22 0 0 0 0 0 0 0
car 0.6848958333333333 0 0 0 0 11 11 0 0 0 0 0 0 0
car 0.0 0 0 245 162 260 182 0 0 0 0 0 0 0
car 0.0 0 0 264 84 289 95 0 0 0 0 0 0 0
car 0.0 0 0 30 164 51 175 0 0 0 0 0 0 0
car 0.0 0 0 72 179 88 197 0 0 0 0 0 0 0
car 0.0 0 0 37 49 50 65 0 0 0 0 0 0 0
car 0.0 0 0 13 46 25 60 0 0 0 0 0 0 0
car 0.0 0 0 216 60 237 67 0 0 0 0 0 0 0
