car 0.0 0 0 320 341 342 350 0 0 0 0 0 0 0
car 0.0 0 0 318 334 340 344 0 0 0 0 0 0 0
car 0.0 0 0 313 326 340 334 0 0 0 0 0 0 0
car 0.0 0 0 313 317 338 328 0 0 0 0 0 0 0
car 0.0 0 0 309 304 334 315 0 0 0 0 0 0 0
car 0.0 0 0 306 290 329 298 0 0 0 0 0 0 0
car 0.0 0 0 301 277 325 283 0 0 0 0 0 0 0
car 0.0 0 0 299 266 326 278 0 0 0 0 0 0 0
car 0.0 0 0 275 290 287 306 0 0 0 0 0 0 0
car 0.0 0 0 281 306 293 326 0 0 0 0 0 0 0
car 0.0 0 0 288 227 312 235 0 0 0 0 0 0 0
car 0.0 0 0 288 218 312 229 0 0 0 0 0 0 0
car 0.0 0 0 280 211 304 222 0 0 0 0 0 0 0
car 0.0 0 0 278 198 300 207 0 0 0 0 0 0 0
car 0.0 0 0 270 165 296 175 0 0 0 0 0 0 0
car 0.0 0 0 272 173 299 183 0 0 0 0 0 0 0
car 0.0 0 0 276 189 304 199 0 0 0 0 0 0 0
car 0.0 0 0 276 180 300 191 0 0 0 0 0 0 0
car 0.0 0 0 254 148 270 169 0 0 0 0 0 0 0
car 0.0 0 0 251 197 267 215 0 0 0 0 0 0 0
car 0.0 0 0 121 316 134 332 0 0 0 0 0 0 0
car 0.0 0 0 80 333 105 342 0 0 0 0 0 0 0
car 0.0 0 0 82 340 105 350 0 0 0 0 0 0 0
car 0.0 0 0 96 293 109 311 0 0 0 0 0 0 0
car 0.0 0 0 80 237 95 253 0 0 0 0 0 0 0
car 0.0 0 0 96 144 110 161 0 0 0 0 0 0 0
car 0.0 0 0 65 182 81 199 0 0 0 0 0 0 0
car 0.0 0 0 69 202 86 221 0 0 0 0 0 0 0
car 0.0 0 0 89 190 110 206 0 0 0 0 0 0 0
car 0.0 0 0 253 88 278 99 0 0 0 0 0 0 0
car 0.0 0 0 89 273 103 294 0 0 0 0 0 0 0
car 0.0 0 0 66 147 81 162 0 0 0 0 0 0 0
car 0.0 0 0 82 147 92 160 0 0 0 0 0 0 0
