car 0.56 0 0 0 92 11 106 0 0 0 0 0 0 0
car 0.07999999999999996 0 0 0 214 23 227 0 0 0 0 0 0 0
car 0.0 0 0 6 244 28 254 0 0 0 0 0 0 0
car 0.0 0 0 6 255 32 267 0 0 0 0 0 0 0
car 0.0 0 0 26 327 49 340 0 0 0 0 0 0 0
car 0.0 0 0 136 222 163 236 0 0 0 0 0 0 0
car 0.0 0 0 116 299 143 323 0 0 0 0 0 0 0
car 0.0 0 0 153 281 173 302 0 0 0 0 0 0 0
car 0.0 0 0 184 265 204 284 0 0 0 0 0 0 0
car 0.0 0 0 182 275 221 299 0 0 0 0 0 0 0
car 0.0 0 0 271 204 294 218 0 0 0 0 0 0 0
car 0.0 0 0 300 174 325 192 0 0 0 0 0 0 0
car 0.0 0 0 10 278 34 287 0 0 0 0 0 0 0
car 0.0 0 0 11 290 35 297 0 0 0 0 0 0 0
car 0.0 0 0 16 297 38 305 0 0 0 0 0 0 0
car 0.0 0 0 19 303 41 318 0 0 0 0 0 0 0
car 0.4285714285714286 0 0 251 344 261 352 0 0 0 0 0 0 0
car 0.0 0 0 211 156 233 171 0 0 0 0 0 0 0
car 0.0 0 0 101 89 124 105 0 0 0 0 0 0 0
