car 0.0 0 0 203 319 223 337 0 0 0 0 0 0 0
car 0.0 0 0 139 71 162 86 0 0 0 0 0 0 0
car 0.0 0 0 300 335 317 348 0 0 0 0 0 0 0
car 0.0 0 0 213 83 233 97 0 0 0 0 0 0 0
car 0.0 0 0 272 27 294 41 0 0 0 0 0 0 0
car 0.9130434782608696 0 0 350 3 352 16 0 0 0 0 0 0 0
car 0.4117647058823529 0 0 264 0 285 10 0 0 0 0 0 0 0
car 0.0 0 0 263 10 290 21 0 0 0 0 0 0 0
car 0.0 0 0 209 31 229 47 0 0 0 0 0 0 0
car 0.0 0 0 215 38 238 53 0 0 0 0 0 0 0
car 0.0 0 0 230 10 249 28 0 0 0 0 0 0 0
car 0.0 0 0 238 8 260 25 0 0 0 0 0 0 0
car 0.23809523809523814 0 0 336 86 352 104 0 0 0 0 0 0 0
car 0.0 0 0 64 163 88 181 0 0 0 0 0 0 0
car 0.0 0 0 156 187 168 205 0 0 0 0 0 0 0
car 0.0 0 0 177 176 198 195 0 0 0 0 0 0 0
car 0.0 0 0 163 214 182 233 0 0 0 0 0 0 0
car 0.0 0 0 202 195 223 211 0 0 0 0 0 0 0
car 0.0 0 0 301 289 325 300 0 0 0 0 0 0 0
car 0.0 0 0 322 276 345 291 0 0 0 0 0 0 0
car 0.36363636363636365 0 0 345 268 352 281 0 0 0 0 0 0 0
car 0.0 0 0 310 327 325 345 0 0 0 0 0 0 0
car 0.0 0 0 323 323 336 337 0 0 0 0 0 0 0
car 0.0 0 0 5 114 27 128 0 0 0 0 0 0 0
car 0.0 0 0 16 120 33 132 0 0 0 0 0 0 0
car 0.0 0 0 201 283 223 302 0 0 0 0 0 0 0
car 0.0 0 0 317 135 335 148 0 0 0 0 0 0 0
