car 0.0 0 0 115 245 136 264 0 0 0 0 0 0 0
car 0.0 0 0 123 239 143 258 0 0 0 0 0 0 0
car 0.0 0 0 130 233 155 250 0 0 0 0 0 0 0
car 0.0 0 0 165 216 185 234 0 0 0 0 0 0 0
car 0.0 0 0 95 254 115 276 0 0 0 0 0 0 0
car 0.0 0 0 83 259 107 280 0 0 0 0 0 0 0
car 0.0 0 0 26 3 49 16 0 0 0 0 0 0 0
car 0.0 0 0 12 86 33 104 0 0 0 0 0 0 0
car 0.0 0 0 56 64 74 80 0 0 0 0 0 0 0
car 0.0 0 0 68 60 82 72 0 0 0 0 0 0 0
car 0.0 0 0 75 52 95 69 0 0 0 0 0 0 0
car 0.0 0 0 86 50 102 63 0 0 0 0 0 0 0
car 0.0 0 0 115 31 133 46 0 0 0 0 0 0 0
car 0.0 0 0 106 36 123 50 0 0 0 0 0 0 0
car 0.0 0 0 32 77 53 92 0 0 0 0 0 0 0
car 0.0 0 0 103 75 124 88 0 0 0 0 0 0 0
car 0.0 0 0 157 46 178 61 0 0 0 0 0 0 0
car 0.0 0 0 251 20 261 34 0 0 0 0 0 0 0
car 0.0 0 0 55 242 78 260 0 0 0 0 0 0 0
car 0.0 0 0 79 230 97 247 0 0 0 0 0 0 0
car 0.0 0 0 109 214 127 233 0 0 0 0 0 0 0
car 0.9583333333333334 0 0 0 289 1 300 0 0 0 0 0 0 0
car 0.08695652173913049 0 0 0 276 21 291 0 0 0 0 0 0 0
car 0.0 0 0 21 268 32 281 0 0 0 0 0 0 0
car 0.9333333333333333 0 0 0 327 1 345 0 0 0 0 0 0 0
car 0.07692307692307687 0 0 0 323 12 337 0 0 0 0 0 0 0
car 0.0 0 0 134 204 150 218 0 0 0 0 0 0 0
car 0.0 0 0 217 165 233 178 0 0 0 0 0 0 0
car 0.0 0 0 240 197 259 216 0 0 0 0 0 0 0
car 0.0 0 0 246 204 268 219 0 0 0 0 0 0 0
car 0.0 0 0 251 165 271 181 0 0 0 0 0 0 0
car 0.0 0 0 257 174 277 184 0 0 0 0 0 0 0
car 0.0 0 0 282 187 303 205 0 0 0 0 0 0 0
car 0.0 0 0 290 194 309 208 0 0 0 0 0 0 0
car 0.0 0 0 300 207 324 220 0 0 0 0 0 0 0
car 0.0 0 0 312 212 333 227 0 0 0 0 0 0 0
car 0.0 0 0 320 217 340 230 0 0 0 0 0 0 0
car 0.0 0 0 328 325 348 346 0 0 0 0 0 0 0
car 0.0 0 0 327 297 345 314 0 0 0 0 0 0 0
car 0.38888888888888884 0 0 0 135 11 148 0 0 0 0 0 0 0
car 0.0 0 0 153 192 175 209 0 0 0 0 0 0 0
