car 0.5238095238095238 0 0 139 0 154 10 0 0 0 0 0 0 0
car 0.0 0 0 142 113 165 126 0 0 0 0 0 0 0
car 0.0 0 0 141 105 164 115 0 0 0 0 0 0 0
car 0.0 0 0 140 98 166 108 0 0 0 0 0 0 0
car 0.0 0 0 170 163 182 179 0 0 0 0 0 0 0
car 0.0 0 0 25 125 46 135 0 0 0 0 0 0 0
car 0.0 0 0 161 236 177 255 0 0 0 0 0 0 0
car 0.0 0 0 77 119 100 128 0 0 0 0 0 0 0
car 0.0 0 0 178 198 193 214 0 0 0 0 0 0 0
car 0.0 0 0 187 216 199 229 0 0 0 0 0 0 0
car 0.0 0 0 191 231 206 249 0 0 0 0 0 0 0
car 0.0 0 0 206 272 220 289 0 0 0 0 0 0 0
car 0.0 0 0 82 107 107 117 0 0 0 0 0 0 0
car 0.0 0 0 140 167 156 185 0 0 0 0 0 0 0
car 0.0 0 0 155 128 171 145 0 0 0 0 0 0 0
car 0.0 0 0 161 145 176 161 0 0 0 0 0 0 0
