car 1.0 0 0 0 207 0 220 0 0 0 0 0 0 0
car 0.5714285714285714 0 0 0 212 9 227 0 0 0 0 0 0 0
car 0.19999999999999996 0 0 0 217 16 230 0 0 0 0 0 0 0
car 0.0 0 0 4 325 24 346 0 0 0 0 0 0 0
car 0.0 0 0 3 297 21 314 0 0 0 0 0 0 0
car 0.0 0 0 44 268 67 277 0 0 0 0 0 0 0
car 0.0 0 0 43 290 61 298 0 0 0 0 0 0 0
car 0.0 0 0 43 299 61 307 0 0 0 0 0 0 0
car 0.0 0 0 41 308 61 316 0 0 0 0 0 0 0
car 0.0 0 0 41 316 61 323 0 0 0 0 0 0 0
car 0.0 0 0 40 323 63 332 0 0 0 0 0 0 0
car 0.0 0 0 258 331 273 351 0 0 0 0 0 0 0
car 0.0 0 0 167 102 187 117 0 0 0 0 0 0 0
car 0.0 0 0 226 129 247 146 0 0 0 0 0 0 0
car 0.0 0 0 280 138 304 148 0 0 0 0 0 0 0
car 0.0 0 0 158 134 178 149 0 0 0 0 0 0 0
car 0.0 0 0 267 307 282 323 0 0 0 0 0 0 0
car 0.0 0 0 298 296 314 313 0 0 0 0 0 0 0
car 0.0 0 0 307 291 329 308 0 0 0 0 0 0 0
car 0.0 0 0 281 273 302 288 0 0 0 0 0 0 0
car 0.0 0 0 280 244 303 258 0 0 0 0 0 0 0
car 0.0 0 0 271 161 297 173 0 0 0 0 0 0 0
car 0.0 0 0 237 157 259 173 0 0 0 0 0 0 0
car 0.0 0 0 253 169 274 187 0 0 0 0 0 0 0
car 0.0 0 0 277 128 303 139 0 0 0 0 0 0 0
car 0.0 0 0 214 137 245 161 0 0 0 0 0 0 0
car 0.0 0 0 200 69 233 87 0 0 0 0 0 0 0
car 0.0 0 0 174 45 197 61 0 0 0 0 0 0 0
car 0.0 0 0 137 65 159 80 0 0 0 0 0 0 0
car 0.0 0 0 124 71 148 87 0 0 0 0 0 0 0
car 0.0 0 0 157 34 182 50 0 0 0 0 0 0 0
car 0.0 0 0 131 32 152 48 0 0 0 0 0 0 0
car 0.0 0 0 38 38 61 50 0 0 0 0 0 0 0
car 0.0 0 0 53 51 77 64 0 0 0 0 0 0 0
car 0.0 0 0 61 56 86 68 0 0 0 0 0 0 0
car 0.0 0 0 68 70 92 87 0 0 0 0 0 0 0
car 0.0 0 0 313 267 336 280 0 0 0 0 0 0 0
car 0.0 0 0 49 71 72 86 0 0 0 0 0 0 0
