car 0.9285714285714286 0 0 320 351 342 352 0 0 0 0 0 0 0
car 0.1875 0 0 317 339 338 352 0 0 0 0 0 0 0
car 0.0 0 0 315 329 337 346 0 0 0 0 0 0 0
car 0.0 0 0 311 319 335 335 0 0 0 0 0 0 0
car 0.0 0 0 292 293 316 309 0 0 0 0 0 0 0
car 0.0 0 0 284 279 309 290 0 0 0 0 0 0 0
car 0.0 0 0 279 263 305 276 0 0 0 0 0 0 0
car 0.0 0 0 276 254 301 266 0 0 0 0 0 0 0
car 0.0 0 0 278 247 300 259 0 0 0 0 0 0 0
car 0.0 0 0 271 241 300 250 0 0 0 0 0 0 0
car 0.0 0 0 273 234 294 243 0 0 0 0 0 0 0
car 0.0 0 0 272 224 294 234 0 0 0 0 0 0 0
car 0.0 0 0 266 216 291 226 0 0 0 0 0 0 0
car 0.0 0 0 313 217 332 238 0 0 0 0 0 0 0
car 0.0 0 0 260 197 285 207 0 0 0 0 0 0 0
car 0.0 0 0 258 188 287 200 0 0 0 0 0 0 0
car 0.0 0 0 255 179 281 189 0 0 0 0 0 0 0
car 0.0 0 0 205 166 231 179 0 0 0 0 0 0 0
car 0.0 0 0 249 142 275 150 0 0 0 0 0 0 0
car 0.0 0 0 250 131 270 144 0 0 0 0 0 0 0
car 0.0 0 0 303 131 313 146 0 0 0 0 0 0 0
car 0.0 0 0 192 146 212 155 0 0 0 0 0 0 0
car 0.0 0 0 188 138 212 148 0 0 0 0 0 0 0
car 0.0 0 0 171 115 198 126 0 0 0 0 0 0 0
car 0.0 0 0 178 55 202 64 0 0 0 0 0 0 0
car 0.0 0 0 177 43 203 52 0 0 0 0 0 0 0
car 0.0 0 0 320 236 334 253 0 0 0 0 0 0 0
car 0.0 0 0 309 186 321 203 0 0 0 0 0 0 0
car 0.0 0 0 213 176 235 186 0 0 0 0 0 0 0
car 0.0 0 0 252 152 274 158 0 0 0 0 0 0 0
car 0.0 0 0 179 124 201 134 0 0 0 0 0 0 0
car 0.0 0 0 250 124 271 134 0 0 0 0 0 0 0
car 0.0 0 0 250 170 281 181 0 0 0 0 0 0 0
