car 0.0 0 0 10 318 35 330 0 0 0 0 0 0 0
car 0.0 0 0 73 327 98 340 0 0 0 0 0 0 0
car 0.0 0 0 110 335 134 345 0 0 0 0 0 0 0
car 0.0 0 0 231 16 254 29 0 0 0 0 0 0 0
car 0.0 0 0 223 22 246 35 0 0 0 0 0 0 0
car 0.0 0 0 212 28 236 41 0 0 0 0 0 0 0
car 0.0 0 0 207 34 230 49 0 0 0 0 0 0 0
car 0.0 0 0 199 40 223 55 0 0 0 0 0 0 0
car 0.0 0 0 193 47 215 61 0 0 0 0 0 0 0
car 0.0 0 0 155 8 179 21 0 0 0 0 0 0 0
car 0.545454545455 0 0 0 86 10 100 0 0 0 0 0 0 0
car 0.0 0 0 24 107 43 118 0 0 0 0 0 0 0
car 0.0 0 0 59 125 75 139 0 0 0 0 0 0 0
car 0.0 0 0 52 142 70 149 0 0 0 0 0 0 0
