car 0.0 0 0 257 267 277 280 0 0 0 0 0 0 0
car 0.0 0 0 265 274 284 287 0 0 0 0 0 0 0
car 0.0 0 0 270 278 291 292 0 0 0 0 0 0 0
car 0.0 0 0 276 288 295 298 0 0 0 0 0 0 0
car 0.0 0 0 302 311 324 325 0 0 0 0 0 0 0
car 0.0 0 0 299 261 314 272 0 0 0 0 0 0 0
car 0.0 0 0 304 256 320 265 0 0 0 0 0 0 0
car 0.0 0 0 184 134 201 148 0 0 0 0 0 0 0
car 0.0 0 0 172 138 193 153 0 0 0 0 0 0 0
car 0.0 0 0 163 145 186 160 0 0 0 0 0 0 0
car 0.0 0 0 40 178 58 189 0 0 0 0 0 0 0
car 0.0 0 0 18 188 39 203 0 0 0 0 0 0 0
car 0.0 0 0 22 26 40 41 0 0 0 0 0 0 0
car 0.0 0 0 36 38 57 54 0 0 0 0 0 0 0
car 0.0 0 0 54 52 71 65 0 0 0 0 0 0 0
car 0.0 0 0 70 67 85 78 0 0 0 0 0 0 0
car 0.0 0 0 213 91 237 105 0 0 0 0 0 0 0
car 0.333333333333 0 0 296 0 316 10 0 0 0 0 0 0 0
car 0.0 0 0 103 218 122 232 0 0 0 0 0 0 0
car 0.0 0 0 80 231 99 243 0 0 0 0 0 0 0
car 0.0 0 0 59 240 78 253 0 0 0 0 0 0 0
car 0.0 0 0 27 262 45 274 0 0 0 0 0 0 0
car 0.0 0 0 6 275 25 287 0 0 0 0 0 0 0
