car 0.666666666667 0 0 2 347 21 352 0 0 0 0 0 0 0
car 0.846153846154 0 0 21 350 38 352 0 0 0 0 0 0 0
car 0.0 0 0 27 256 50 265 0 0 0 0 0 0 0
car 0.0 0 0 51 261 74 271 0 0 0 0 0 0 0
car 0.0 0 0 76 264 101 275 0 0 0 0 0 0 0
car 0.0 0 0 75 274 100 287 0 0 0 0 0 0 0
car 0.0 0 0 116 283 144 294 0 0 0 0 0 0 0
car 0.0 0 0 32 237 54 247 0 0 0 0 0 0 0
car 0.0 0 0 57 240 79 251 0 0 0 0 0 0 0
car 0.0 0 0 81 244 106 255 0 0 0 0 0 0 0
car 0.0 0 0 112 249 134 261 0 0 0 0 0 0 0
car 0.142857142857 0 0 175 346 196 352 0 0 0 0 0 0 0
car 0.0 0 0 179 329 203 341 0 0 0 0 0 0 0
car 0.0 0 0 185 320 205 330 0 0 0 0 0 0 0
car 0.0 0 0 232 292 252 301 0 0 0 0 0 0 0
car 0.0 0 0 253 303 276 314 0 0 0 0 0 0 0
car 0.0 0 0 223 315 246 324 0 0 0 0 0 0 0
car 0.0 0 0 226 300 247 309 0 0 0 0 0 0 0
car 0.28 0 0 334 318 352 330 0 0 0 0 0 0 0
car 0.0 0 0 312 86 334 100 0 0 0 0 0 0 0
car 0.789473684211 0 0 348 107 352 118 0 0 0 0 0 0 0
