car 0.0 0 0 278 182 294 196 0 0 0 0 0 0 0
car 0.0 0 0 214 113 232 127 0 0 0 0 0 0 0
car 0.0 0 0 161 125 176 139 0 0 0 0 0 0 0
car 0.0 0 0 169 119 188 134 0 0 0 0 0 0 0
car 0.0 0 0 113 64 125 79 0 0 0 0 0 0 0
car 0.0 0 0 260 10 277 21 0 0 0 0 0 0 0
car 0.0 0 0 188 72 201 89 0 0 0 0 0 0 0
car 0.0 0 0 241 208 255 224 0 0 0 0 0 0 0
car 0.0 0 0 258 212 269 225 0 0 0 0 0 0 0
car 0.0 0 0 279 214 293 229 0 0 0 0 0 0 0
car 0.0 0 0 268 215 279 230 0 0 0 0 0 0 0
car 0.0 0 0 291 221 303 236 0 0 0 0 0 0 0
car 0.0 0 0 261 229 276 243 0 0 0 0 0 0 0
car 0.0 0 0 303 229 328 238 0 0 0 0 0 0 0
car 0.0 0 0 251 225 264 240 0 0 0 0 0 0 0
car 0.0 0 0 286 235 299 249 0 0 0 0 0 0 0
