car 0.0 0 0 29 49 53 59 0 0 0 0 0 0 0
car 0.5 0 0 10 0 35 6 0 0 0 0 0 0 0
car 0.0 0 0 73 3 98 16 0 0 0 0 0 0 0
car 0.0 0 0 110 11 134 21 0 0 0 0 0 0 0
car 0.0 0 0 40 63 61 73 0 0 0 0 0 0 0
car 0.7 0 0 0 78 6 88 0 0 0 0 0 0 0
car 0.0 0 0 48 88 77 100 0 0 0 0 0 0 0
car 0.0 0 0 92 94 118 106 0 0 0 0 0 0 0
car 0.0 0 0 137 101 163 113 0 0 0 0 0 0 0
car 0.0 0 0 179 111 204 122 0 0 0 0 0 0 0
car 1.0 0 0 0 137 0 152 0 0 0 0 0 0 0
car 0.0769230769231 0 0 0 137 12 152 0 0 0 0 0 0 0
car 0.0 0 0 10 140 23 153 0 0 0 0 0 0 0
car 0.0 0 0 21 140 33 153 0 0 0 0 0 0 0
car 0.0 0 0 68 143 86 160 0 0 0 0 0 0 0
car 0.0 0 0 85 147 102 163 0 0 0 0 0 0 0
car 0.0 0 0 103 149 122 165 0 0 0 0 0 0 0
car 0.0 0 0 122 151 140 169 0 0 0 0 0 0 0
car 0.0 0 0 138 154 155 170 0 0 0 0 0 0 0
car 0.0 0 0 154 157 172 172 0 0 0 0 0 0 0
car 0.0 0 0 171 160 187 176 0 0 0 0 0 0 0
car 0.0 0 0 187 161 207 179 0 0 0 0 0 0 0
car 0.0 0 0 221 169 237 185 0 0 0 0 0 0 0
car 0.0 0 0 235 171 252 186 0 0 0 0 0 0 0
car 0.0 0 0 247 173 266 191 0 0 0 0 0 0 0
car 0.0 0 0 264 174 282 188 0 0 0 0 0 0 0
car 0.0 0 0 193 153 227 165 0 0 0 0 0 0 0
car 0.0 0 0 205 113 231 126 0 0 0 0 0 0 0
car 0.0 0 0 250 122 274 133 0 0 0 0 0 0 0
car 0.0 0 0 282 127 304 137 0 0 0 0 0 0 0
car 0.0 0 0 311 131 334 141 0 0 0 0 0 0 0
car 0.5 0 0 341 137 352 147 0 0 0 0 0 0 0
car 0.0 0 0 283 180 297 193 0 0 0 0 0 0 0
car 0.0 0 0 298 180 316 196 0 0 0 0 0 0 0
car 0.0 0 0 247 103 270 113 0 0 0 0 0 0 0
car 0.0 0 0 324 191 342 204 0 0 0 0 0 0 0
car 0.1875 0 0 339 189 352 201 0 0 0 0 0 0 0
car 0.0 0 0 166 57 194 69 0 0 0 0 0 0 0
car 0.0 0 0 256 63 282 73 0 0 0 0 0 0 0
car 0.0 0 0 291 40 312 49 0 0 0 0 0 0 0
car 0.0416666666667 0 0 329 40 352 49 0 0 0 0 0 0 0
car 0.0 0 0 318 44 342 55 0 0 0 0 0 0 0
car 0.0 0 0 194 273 214 284 0 0 0 0 0 0 0
car 0.0 0 0 185 283 210 294 0 0 0 0 0 0 0
car 0.0 0 0 165 325 181 339 0 0 0 0 0 0 0
car 0.25 0 0 197 340 209 352 0 0 0 0 0 0 0
