car 0.565217391304 0 0 0 131 10 141 0 0 0 0 0 0 0
car 0.0 0 0 17 137 39 147 0 0 0 0 0 0 0
car 0.0 0 0 0 191 18 204 0 0 0 0 0 0 0
car 0.0 0 0 15 189 31 201 0 0 0 0 0 0 0
car 0.0 0 0 35 114 62 124 0 0 0 0 0 0 0
car 0.0 0 0 56 143 90 157 0 0 0 0 0 0 0
car 0.0 0 0 31 190 49 203 0 0 0 0 0 0 0
car 0.0 0 0 50 194 70 210 0 0 0 0 0 0 0
car 0.0 0 0 110 153 134 162 0 0 0 0 0 0 0
car 0.0 0 0 82 197 99 211 0 0 0 0 0 0 0
car 0.0 0 0 99 203 119 217 0 0 0 0 0 0 0
car 0.0 0 0 136 156 161 165 0 0 0 0 0 0 0
car 0.0 0 0 151 210 167 224 0 0 0 0 0 0 0
car 0.0 0 0 170 212 187 226 0 0 0 0 0 0 0
car 0.0 0 0 208 169 230 177 0 0 0 0 0 0 0
car 0.0 0 0 235 172 257 181 0 0 0 0 0 0 0
car 0.0 0 0 249 148 273 158 0 0 0 0 0 0 0
car 0.0 0 0 188 214 206 229 0 0 0 0 0 0 0
car 0.0 0 0 206 218 222 233 0 0 0 0 0 0 0
car 0.0 0 0 225 221 243 236 0 0 0 0 0 0 0
car 0.0 0 0 244 225 260 239 0 0 0 0 0 0 0
car 0.0 0 0 264 229 282 242 0 0 0 0 0 0 0
car 0.0 0 0 276 220 302 229 0 0 0 0 0 0 0
car 0.0 0 0 282 232 299 245 0 0 0 0 0 0 0
car 0.0 0 0 301 233 314 249 0 0 0 0 0 0 0
car 0.0 0 0 314 236 329 251 0 0 0 0 0 0 0
car 0.0 0 0 302 185 328 195 0 0 0 0 0 0 0
car 0.0 0 0 5 40 29 49 0 0 0 0 0 0 0
car 0.25 0 0 0 44 18 55 0 0 0 0 0 0 0
car 0.0 0 0 38 67 64 78 0 0 0 0 0 0 0
car 0.0 0 0 82 51 103 63 0 0 0 0 0 0 0
car 0.0 0 0 101 63 123 72 0 0 0 0 0 0 0
car 0.0 0 0 117 56 141 69 0 0 0 0 0 0 0
car 0.0 0 0 132 93 156 102 0 0 0 0 0 0 0
car 0.0 0 0 169 67 191 77 0 0 0 0 0 0 0
car 0.0 0 0 240 86 266 97 0 0 0 0 0 0 0
car 0.0 0 0 250 114 275 124 0 0 0 0 0 0 0
car 0.0 0 0 291 108 316 120 0 0 0 0 0 0 0
