car 0.565217391304 0 0 0 274 10 286 0 0 0 0 0 0 0
car 0.0 0 0 53 327 69 341 0 0 0 0 0 0 0
car 0.0 0 0 64 334 80 350 0 0 0 0 0 0 0
car 0.705882352941 0 0 15 347 30 352 0 0 0 0 0 0 0
car 0.0714285714286 0 0 76 339 89 352 0 0 0 0 0 0 0
car 0.705882352941 0 0 83 347 97 352 0 0 0 0 0 0 0
car 0.0 0 0 229 239 252 250 0 0 0 0 0 0 0
car 0.0 0 0 238 254 257 264 0 0 0 0 0 0 0
car 0.0 0 0 241 260 261 272 0 0 0 0 0 0 0
car 0.0 0 0 260 208 275 226 0 0 0 0 0 0 0
car 0.0 0 0 286 220 309 235 0 0 0 0 0 0 0
car 0.0 0 0 276 244 291 257 0 0 0 0 0 0 0
car 0.0 0 0 222 231 245 242 0 0 0 0 0 0 0
car 0.0 0 0 299 211 320 225 0 0 0 0 0 0 0
car 0.0 0 0 323 235 340 251 0 0 0 0 0 0 0
car 0.0 0 0 310 241 324 254 0 0 0 0 0 0 0
car 0.0 0 0 77 35 100 48 0 0 0 0 0 0 0
car 0.444444444444 0 0 0 62 10 78 0 0 0 0 0 0 0
car 0.0 0 0 5 87 18 103 0 0 0 0 0 0 0
car 0.0 0 0 12 104 27 120 0 0 0 0 0 0 0
