car 0.740740740741 0 0 0 118 7 129 0 0 0 0 0 0 0
car 0.205882352941 0 0 0 130 27 143 0 0 0 0 0 0 0
car 0.0 0 0 23 113 47 124 0 0 0 0 0 0 0
car 0.0 0 0 52 129 76 140 0 0 0 0 0 0 0
car 0.0 0 0 20 146 46 155 0 0 0 0 0 0 0
car 0.0 0 0 97 136 119 145 0 0 0 0 0 0 0
car 0.0 0 0 117 129 142 140 0 0 0 0 0 0 0
car 0.0 0 0 88 149 115 159 0 0 0 0 0 0 0
car 0.0 0 0 148 119 170 129 0 0 0 0 0 0 0
car 0.0 0 0 141 154 164 164 0 0 0 0 0 0 0
car 0.0 0 0 166 147 187 157 0 0 0 0 0 0 0
car 0.0 0 0 202 143 222 153 0 0 0 0 0 0 0
car 0.0 0 0 214 170 240 182 0 0 0 0 0 0 0
car 0.0 0 0 230 184 270 198 0 0 0 0 0 0 0
car 0.0 0 0 266 176 289 184 0 0 0 0 0 0 0
car 0.0 0 0 314 191 336 200 0 0 0 0 0 0 0
car 0.0 0 0 182 215 195 231 0 0 0 0 0 0 0
car 0.0 0 0 198 213 209 229 0 0 0 0 0 0 0
car 0.0 0 0 213 217 227 230 0 0 0 0 0 0 0
car 0.0 0 0 231 219 246 234 0 0 0 0 0 0 0
car 0.0 0 0 248 220 259 233 0 0 0 0 0 0 0
car 0.0 0 0 259 222 269 234 0 0 0 0 0 0 0
car 0.0 0 0 269 225 281 239 0 0 0 0 0 0 0
car 0.0 0 0 283 228 293 239 0 0 0 0 0 0 0
car 0.0 0 0 296 229 306 242 0 0 0 0 0 0 0
car 0.0 0 0 209 235 222 249 0 0 0 0 0 0 0
car 0.0 0 0 220 237 232 249 0 0 0 0 0 0 0
car 0.0 0 0 231 238 245 253 0 0 0 0 0 0 0
car 0.0 0 0 261 239 277 256 0 0 0 0 0 0 0
car 0.0 0 0 274 244 289 262 0 0 0 0 0 0 0
car 0.0 0 0 291 244 304 258 0 0 0 0 0 0 0
car 0.0 0 0 304 245 320 262 0 0 0 0 0 0 0
car 0.0 0 0 308 230 325 245 0 0 0 0 0 0 0
car 0.0 0 0 173 243 196 253 0 0 0 0 0 0 0
car 0.0 0 0 166 254 194 262 0 0 0 0 0 0 0
car 0.0 0 0 210 273 224 287 0 0 0 0 0 0 0
car 0.0 0 0 224 273 236 286 0 0 0 0 0 0 0
car 0.0 0 0 235 275 247 288 0 0 0 0 0 0 0
car 0.0 0 0 180 294 201 307 0 0 0 0 0 0 0
car 0.0 0 0 196 280 207 293 0 0 0 0 0 0 0
car 0.0 0 0 245 279 260 294 0 0 0 0 0 0 0
car 0.0 0 0 283 284 294 298 0 0 0 0 0 0 0
car 0.0 0 0 162 262 186 271 0 0 0 0 0 0 0
car 0.0 0 0 163 270 185 278 0 0 0 0 0 0 0
car 0.0 0 0 160 277 171 292 0 0 0 0 0 0 0
car 0.0 0 0 309 159 327 168 0 0 0 0 0 0 0
car 0.0 0 0 271 71 284 86 0 0 0 0 0 0 0
car 0.0 0 0 216 88 243 97 0 0 0 0 0 0 0
car 0.0 0 0 153 77 177 87 0 0 0 0 0 0 0
car 0.0 0 0 128 48 143 66 0 0 0 0 0 0 0
car 0.0 0 0 71 39 86 56 0 0 0 0 0 0 0
car 0.0 0 0 152 49 170 67 0 0 0 0 0 0 0
car 0.0 0 0 170 57 183 71 0 0 0 0 0 0 0
car 0.0 0 0 220 60 235 79 0 0 0 0 0 0 0
car 0.0 0 0 234 64 249 81 0 0 0 0 0 0 0
car 0.0 0 0 247 66 260 81 0 0 0 0 0 0 0
car 0.0 0 0 15 55 39 68 0 0 0 0 0 0 0
car 0.0 0 0 25 30 42 48 0 0 0 0 0 0 0
car 0.0 0 0 0 27 15 44 0 0 0 0 0 0 0
car 0.0 0 0 210 110 233 118 0 0 0 0 0 0 0
car 0.0 0 0 173 307 190 322 0 0 0 0 0 0 0
car 0.0 0 0 148 317 164 329 0 0 0 0 0 0 0
car 0.0 0 0 128 330 144 345 0 0 0 0 0 0 0
car 0.428571428571 0 0 106 344 125 352 0 0 0 0 0 0 0
car 0.0 0 0 285 275 310 286 0 0 0 0 0 0 0
car 0.0 0 0 304 286 318 302 0 0 0 0 0 0 0
car 0.0 0 0 293 285 306 300 0 0 0 0 0 0 0
car 0.0 0 0 291 300 316 310 0 0 0 0 0 0 0
car 0.0 0 0 305 312 319 327 0 0 0 0 0 0 0
car 0.166666666667 0 0 342 300 352 314 0 0 0 0 0 0 0
