car 0.454545454545 0 0 0 191 12 200 0 0 0 0 0 0 0
car 0.941176470588 0 0 0 230 1 245 0 0 0 0 0 0 0
car 0.833333333333 0 0 0 159 3 168 0 0 0 0 0 0 0
car 0.0 0 0 49 172 69 181 0 0 0 0 0 0 0
car 0.0 0 0 60 194 87 204 0 0 0 0 0 0 0
car 0.0 0 0 41 213 63 222 0 0 0 0 0 0 0
car 0.0 0 0 59 222 77 235 0 0 0 0 0 0 0
car 0.0 0 0 211 171 232 181 0 0 0 0 0 0 0
car 0.0 0 0 172 191 196 200 0 0 0 0 0 0 0
car 0.0 0 0 167 222 189 233 0 0 0 0 0 0 0
car 0.0 0 0 251 206 274 216 0 0 0 0 0 0 0
car 0.0 0 0 221 230 245 239 0 0 0 0 0 0 0
car 0.0 0 0 210 208 234 218 0 0 0 0 0 0 0
car 0.0 0 0 286 218 308 229 0 0 0 0 0 0 0
car 0.0 0 0 303 213 322 222 0 0 0 0 0 0 0
car 0.0 0 0 298 235 320 243 0 0 0 0 0 0 0
car 0.0 0 0 290 243 311 251 0 0 0 0 0 0 0
car 0.0 0 0 243 132 255 147 0 0 0 0 0 0 0
car 0.0 0 0 257 134 271 150 0 0 0 0 0 0 0
car 0.0 0 0 272 133 285 152 0 0 0 0 0 0 0
car 0.0 0 0 32 334 44 350 0 0 0 0 0 0 0
car 0.0 0 0 18 300 30 314 0 0 0 0 0 0 0
car 0.0 0 0 30 289 55 300 0 0 0 0 0 0 0
