car 0.0 0 0 136 317 158 327 0 0 0 0 0 0 0
car 0.0 0 0 208 338 220 351 0 0 0 0 0 0 0
car 0.0 0 0 124 116 139 130 0 0 0 0 0 0 0
car 0.0 0 0 100 123 113 136 0 0 0 0 0 0 0
car 0.0 0 0 14 148 39 155 0 0 0 0 0 0 0
car 0.0 0 0 159 142 176 159 0 0 0 0 0 0 0
car 0.0 0 0 37 176 51 192 0 0 0 0 0 0 0
car 0.0 0 0 51 176 63 188 0 0 0 0 0 0 0
car 0.0 0 0 63 173 77 187 0 0 0 0 0 0 0
car 0.0 0 0 76 168 90 182 0 0 0 0 0 0 0
car 0.0 0 0 90 162 101 174 0 0 0 0 0 0 0
car 0.0 0 0 268 63 284 79 0 0 0 0 0 0 0
car 0.0 0 0 175 140 186 152 0 0 0 0 0 0 0
car 0.0 0 0 186 141 199 152 0 0 0 0 0 0 0
car 0.0 0 0 147 111 162 123 0 0 0 0 0 0 0
car 0.0 0 0 197 138 210 149 0 0 0 0 0 0 0
car 0.0 0 0 177 160 198 171 0 0 0 0 0 0 0
car 0.0 0 0 205 157 221 171 0 0 0 0 0 0 0
car 0.0 0 0 173 169 197 179 0 0 0 0 0 0 0
car 0.0 0 0 177 177 204 189 0 0 0 0 0 0 0
car 0.0 0 0 222 187 238 206 0 0 0 0 0 0 0
car 0.0 0 0 189 4 202 18 0 0 0 0 0 0 0
car 0.0 0 0 259 50 273 63 0 0 0 0 0 0 0
