car 0.466666666667 0 0 280 0 291 8 0 0 0 0 0 0 0
car 0.133333333333 0 0 293 0 304 13 0 0 0 0 0 0 0
car 0.133333333333 0 0 339 23 352 40 0 0 0 0 0 0 0
car 0.733333333333 0 0 348 31 352 48 0 0 0 0 0 0 0
car 0.0 0 0 191 195 212 203 0 0 0 0 0 0 0
car 0.517482517483 0 0 0 0 23 6 0 0 0 0 0 0 0
car 0.8 0 0 0 29 4 39 0 0 0 0 0 0 0
car 0.782608695652 0 0 0 38 5 48 0 0 0 0 0 0 0
car 0.0 0 0 128 257 144 272 0 0 0 0 0 0 0
car 0.0 0 0 148 253 167 264 0 0 0 0 0 0 0
car 0.0 0 0 171 296 186 310 0 0 0 0 0 0 0
car 0.0 0 0 189 328 202 342 0 0 0 0 0 0 0
