car 0.0 0 0 0 245 13 260 0 0 0 0 0 0 0
car 0.0 0 0 10 182 23 196 0 0 0 0 0 0 0
car 0.0 0 0 26 129 40 145 0 0 0 0 0 0 0
car 0.0 0 0 55 80 65 93 0 0 0 0 0 0 0
car 0.0 0 0 10 92 24 108 0 0 0 0 0 0 0
car 0.44 0 0 338 148 352 155 0 0 0 0 0 0 0
car 0.0 0 0 108 208 121 224 0 0 0 0 0 0 0
car 0.0 0 0 104 224 118 239 0 0 0 0 0 0 0
car 0.0 0 0 126 99 141 115 0 0 0 0 0 0 0
car 0.0 0 0 266 287 280 303 0 0 0 0 0 0 0
car 0.0 0 0 276 281 288 294 0 0 0 0 0 0 0
car 0.0 0 0 236 13 255 25 0 0 0 0 0 0 0
car 0.2 0 0 260 0 283 8 0 0 0 0 0 0 0
car 0.75 0 0 272 0 290 2 0 0 0 0 0 0 0
car 0.0 0 0 154 93 169 111 0 0 0 0 0 0 0
car 0.0 0 0 156 20 168 37 0 0 0 0 0 0 0
