car 0.0 0 0 303 267 324 276 0 0 0 0 0 0 0
car 0.0 0 0 97 11 127 22 0 0 0 0 0 0 0
car 1.0 0 0 143 0 166 0 0 0 0 0 0 0 0
car 0.75 0 0 176 0 201 3 0 0 0 0 0 0 0
car 0.0 0 0 208 2 241 12 0 0 0 0 0 0 0
car 0.0 0 0 206 16 230 26 0 0 0 0 0 0 0
car 0.0 0 0 158 5 182 14 0 0 0 0 0 0 0
car 0.0 0 0 186 22 207 31 0 0 0 0 0 0 0
car 0.0 0 0 138 23 161 34 0 0 0 0 0 0 0
car 0.0 0 0 175 31 200 40 0 0 0 0 0 0 0
car 0.0 0 0 173 42 197 51 0 0 0 0 0 0 0
car 0.0 0 0 115 38 134 49 0 0 0 0 0 0 0
car 0.0 0 0 131 49 154 62 0 0 0 0 0 0 0
car 0.0 0 0 219 29 240 38 0 0 0 0 0 0 0
car 0.0 0 0 208 39 234 52 0 0 0 0 0 0 0
car 0.0 0 0 283 14 304 23 0 0 0 0 0 0 0
car 0.0 0 0 280 3 304 13 0 0 0 0 0 0 0
car 0.0 0 0 306 17 331 28 0 0 0 0 0 0 0
car 0.28 0 0 334 21 352 33 0 0 0 0 0 0 0
car 0.0 0 0 297 31 334 45 0 0 0 0 0 0 0
car 0.0 0 0 253 46 276 56 0 0 0 0 0 0 0
car 0.0 0 0 292 59 324 73 0 0 0 0 0 0 0
car 0.285714285714 0 0 337 43 352 55 0 0 0 0 0 0 0
car 0.454545454545 0 0 340 56 352 66 0 0 0 0 0 0 0
car 0.925925925926 0 0 350 70 352 82 0 0 0 0 0 0 0
car 0.0 0 0 219 205 244 217 0 0 0 0 0 0 0
car 0.0 0 0 128 201 154 214 0 0 0 0 0 0 0
car 0.0 0 0 17 227 40 238 0 0 0 0 0 0 0
car 0.0 0 0 78 94 91 112 0 0 0 0 0 0 0
car 0.0 0 0 105 167 123 182 0 0 0 0 0 0 0
car 0.0 0 0 108 223 131 234 0 0 0 0 0 0 0
