car 0.304347826087 0 0 0 286 16 296 0 0 0 0 0 0 0
car 0.0 0 0 18 280 41 290 0 0 0 0 0 0 0
car 0.0 0 0 71 287 96 298 0 0 0 0 0 0 0
car 0.0 0 0 49 295 71 306 0 0 0 0 0 0 0
car 0.0 0 0 0 251 22 263 0 0 0 0 0 0 0
car 0.0 0 0 73 272 97 283 0 0 0 0 0 0 0
car 0.0 0 0 79 301 102 311 0 0 0 0 0 0 0
car 0.0 0 0 125 297 149 308 0 0 0 0 0 0 0
car 0.0 0 0 111 308 133 318 0 0 0 0 0 0 0
car 0.0 0 0 97 335 127 346 0 0 0 0 0 0 0
car 0.0 0 0 160 304 184 315 0 0 0 0 0 0 0
car 0.0 0 0 143 315 166 324 0 0 0 0 0 0 0
car 0.0 0 0 186 308 208 320 0 0 0 0 0 0 0
car 0.0 0 0 176 315 201 327 0 0 0 0 0 0 0
car 0.0 0 0 208 326 241 336 0 0 0 0 0 0 0
car 0.0 0 0 206 340 230 350 0 0 0 0 0 0 0
car 0.0 0 0 158 329 182 338 0 0 0 0 0 0 0
car 0.333333333333 0 0 186 346 207 352 0 0 0 0 0 0 0
car 0.545454545455 0 0 138 347 161 352 0 0 0 0 0 0 0
car 0.0 0 0 283 338 304 347 0 0 0 0 0 0 0
car 0.0 0 0 280 327 304 337 0 0 0 0 0 0 0
car 0.0 0 0 306 341 331 352 0 0 0 0 0 0 0
car 0.58 0 0 334 345 352 352 0 0 0 0 0 0 0
car 0.0 0 0 322 252 335 271 0 0 0 0 0 0 0
car 0.0 0 0 330 308 352 319 0 0 0 0 0 0 0
car 0.0 0 0 295 267 313 276 0 0 0 0 0 0 0
car 0.0 0 0 258 260 280 269 0 0 0 0 0 0 0
car 0.0 0 0 241 244 267 253 0 0 0 0 0 0 0
car 0.0 0 0 170 248 190 256 0 0 0 0 0 0 0
car 0.0 0 0 138 243 166 254 0 0 0 0 0 0 0
car 0.0 0 0 166 225 189 236 0 0 0 0 0 0 0
car 0.0 0 0 121 221 143 234 0 0 0 0 0 0 0
car 0.0 0 0 168 182 189 193 0 0 0 0 0 0 0
car 0.0 0 0 146 191 166 201 0 0 0 0 0 0 0
car 0.0 0 0 127 198 146 209 0 0 0 0 0 0 0
car 0.0 0 0 90 187 105 202 0 0 0 0 0 0 0
car 0.0 0 0 75 186 88 202 0 0 0 0 0 0 0
car 0.0 0 0 63 185 78 200 0 0 0 0 0 0 0
car 0.0 0 0 51 182 64 196 0 0 0 0 0 0 0
car 0.0 0 0 19 176 35 193 0 0 0 0 0 0 0
car 0.0 0 0 0 204 15 221 0 0 0 0 0 0 0
car 0.0 0 0 14 206 26 223 0 0 0 0 0 0 0
car 0.0 0 0 24 206 37 221 0 0 0 0 0 0 0
car 0.0 0 0 35 206 47 220 0 0 0 0 0 0 0
car 0.214285714286 0 0 0 91 11 109 0 0 0 0 0 0 0
car 0.0 0 0 266 140 292 154 0 0 0 0 0 0 0
car 0.0 0 0 302 143 322 154 0 0 0 0 0 0 0
car 0.0 0 0 329 114 352 129 0 0 0 0 0 0 0
car 0.0 0 0 335 144 347 163 0 0 0 0 0 0 0
car 0.6 0 0 346 139 352 159 0 0 0 0 0 0 0
car 0.0 0 0 304 170 323 182 0 0 0 0 0 0 0
car 0.916666666667 0 0 0 302 3 315 0 0 0 0 0 0 0
