car 0.0 0 0 184 3 203 20 0 0 0 0 0 0 0
car 0.0 0 0 220 61 234 75 0 0 0 0 0 0 0
car 0.0 0 0 214 47 230 62 0 0 0 0 0 0 0
car 0.0 0 0 229 81 245 97 0 0 0 0 0 0 0
car 0.0 0 0 227 163 243 176 0 0 0 0 0 0 0
car 0.0 0 0 252 164 265 178 0 0 0 0 0 0 0
car 0.0 0 0 269 164 288 180 0 0 0 0 0 0 0
car 0.0 0 0 235 189 250 203 0 0 0 0 0 0 0
car 0.0 0 0 251 189 264 205 0 0 0 0 0 0 0
car 0.0 0 0 262 188 278 203 0 0 0 0 0 0 0
car 0.0 0 0 281 189 293 200 0 0 0 0 0 0 0
car 0.0 0 0 272 202 287 216 0 0 0 0 0 0 0
car 0.0 0 0 246 228 270 241 0 0 0 0 0 0 0
car 0.0 0 0 311 210 329 229 0 0 0 0 0 0 0
car 0.0 0 0 307 242 323 259 0 0 0 0 0 0 0
car 0.0 0 0 316 263 331 274 0 0 0 0 0 0 0
car 0.0 0 0 326 277 341 291 0 0 0 0 0 0 0
car 0.0 0 0 336 300 350 315 0 0 0 0 0 0 0
car 0.0 0 0 100 253 115 270 0 0 0 0 0 0 0
car 0.0 0 0 88 257 102 272 0 0 0 0 0 0 0
car 0.0 0 0 83 216 100 234 0 0 0 0 0 0 0
car 0.0 0 0 97 214 111 231 0 0 0 0 0 0 0
car 0.0 0 0 119 237 145 248 0 0 0 0 0 0 0
car 0.0 0 0 113 250 129 265 0 0 0 0 0 0 0
car 0.0 0 0 251 91 264 108 0 0 0 0 0 0 0
car 0.0 0 0 237 98 249 108 0 0 0 0 0 0 0
car 0.0 0 0 248 116 260 129 0 0 0 0 0 0 0
