car 0.0 0 0 12 69 36 78 0 0 0 0 0 0 0
car 0.0 0 0 11 82 38 91 0 0 0 0 0 0 0
car 0.0 0 0 92 103 114 111 0 0 0 0 0 0 0
car 0.0 0 0 15 22 40 31 0 0 0 0 0 0 0
car 0.0 0 0 131 52 162 64 0 0 0 0 0 0 0
car 0.0 0 0 96 58 118 67 0 0 0 0 0 0 0
car 0.0 0 0 96 73 118 81 0 0 0 0 0 0 0
car 0.0 0 0 212 90 239 103 0 0 0 0 0 0 0
car 0.0 0 0 248 110 268 120 0 0 0 0 0 0 0
car 0.0 0 0 256 100 277 109 0 0 0 0 0 0 0
car 0.0 0 0 278 126 299 134 0 0 0 0 0 0 0
car 0.0 0 0 304 118 331 129 0 0 0 0 0 0 0
car 0.0 0 0 317 130 351 143 0 0 0 0 0 0 0
car 0.791666666667 0 0 347 113 352 124 0 0 0 0 0 0 0
car 0.692307692308 0 0 344 146 352 155 0 0 0 0 0 0 0
car 0.458333333333 0 0 339 55 352 68 0 0 0 0 0 0 0
car 0.823529411765 0 0 349 30 352 48 0 0 0 0 0 0 0
car 0.0 0 0 324 27 339 44 0 0 0 0 0 0 0
