car 0.0 0 0 88 208 104 225 0 0 0 0 0 0 0
car 0.0 0 0 96 215 115 231 0 0 0 0 0 0 0
car 0.0 0 0 124 218 140 234 0 0 0 0 0 0 0
car 0.0 0 0 139 224 153 235 0 0 0 0 0 0 0
car 0.0 0 0 149 225 167 239 0 0 0 0 0 0 0
car 0.0 0 0 164 229 178 242 0 0 0 0 0 0 0
car 0.0 0 0 173 230 190 246 0 0 0 0 0 0 0
car 0.0 0 0 187 233 201 246 0 0 0 0 0 0 0
car 0.0 0 0 195 235 220 249 0 0 0 0 0 0 0
car 0.0 0 0 211 239 233 252 0 0 0 0 0 0 0
car 0.0 0 0 222 242 245 257 0 0 0 0 0 0 0
car 0.0 0 0 235 247 256 259 0 0 0 0 0 0 0
car 0.0 0 0 249 251 269 262 0 0 0 0 0 0 0
car 0.0 0 0 261 253 282 266 0 0 0 0 0 0 0
car 0.0 0 0 272 258 292 273 0 0 0 0 0 0 0
car 0.0 0 0 290 265 310 277 0 0 0 0 0 0 0
car 0.0 0 0 311 274 334 286 0 0 0 0 0 0 0
car 0.0 0 0 276 275 297 287 0 0 0 0 0 0 0
car 0.0 0 0 300 286 321 298 0 0 0 0 0 0 0
car 0.0 0 0 245 266 268 277 0 0 0 0 0 0 0
car 0.0 0 0 160 246 184 256 0 0 0 0 0 0 0
car 0.0 0 0 280 317 291 332 0 0 0 0 0 0 0
car 0.0 0 0 293 322 304 337 0 0 0 0 0 0 0
car 0.745098039216 0 0 339 347 352 352 0 0 0 0 0 0 0
car 0.115384615385 0 0 0 319 23 330 0 0 0 0 0 0 0
car 0.0 0 0 124 271 138 286 0 0 0 0 0 0 0
car 0.0 0 0 154 278 170 292 0 0 0 0 0 0 0
car 0.0 0 0 145 293 161 308 0 0 0 0 0 0 0
car 0.0 0 0 170 282 183 296 0 0 0 0 0 0 0
car 0.0 0 0 253 306 264 320 0 0 0 0 0 0 0
car 0.866666666667 0 0 0 118 2 133 0 0 0 0 0 0 0
car 0.882352941176 0 0 0 84 2 100 0 0 0 0 0 0 0
car 0.266666666667 0 0 0 94 11 109 0 0 0 0 0 0 0
car 0.0 0 0 6 74 24 91 0 0 0 0 0 0 0
car 0.0 0 0 18 50 32 66 0 0 0 0 0 0 0
car 0.428571428571 0 0 0 60 8 75 0 0 0 0 0 0 0
car 0.0 0 0 0 44 18 58 0 0 0 0 0 0 0
car 0.0 0 0 10 24 25 40 0 0 0 0 0 0 0
car 0.0 0 0 26 26 37 40 0 0 0 0 0 0 0
car 0.0 0 0 70 95 94 105 0 0 0 0 0 0 0
car 0.0 0 0 66 103 90 113 0 0 0 0 0 0 0
car 0.0 0 0 62 120 86 131 0 0 0 0 0 0 0
car 0.0 0 0 58 136 80 144 0 0 0 0 0 0 0
car 0.0 0 0 53 142 78 152 0 0 0 0 0 0 0
car 0.0 0 0 101 154 114 171 0 0 0 0 0 0 0
car 0.0 0 0 52 182 73 195 0 0 0 0 0 0 0
car 0.0 0 0 77 70 100 82 0 0 0 0 0 0 0
car 0.0 0 0 82 62 105 72 0 0 0 0 0 0 0
car 0.0 0 0 86 54 106 63 0 0 0 0 0 0 0
car 0.0 0 0 90 40 113 49 0 0 0 0 0 0 0
car 0.0 0 0 95 31 118 42 0 0 0 0 0 0 0
car 0.0 0 0 99 23 122 32 0 0 0 0 0 0 0
car 0.0 0 0 105 13 128 25 0 0 0 0 0 0 0
car 0.0 0 0 108 4 130 15 0 0 0 0 0 0 0
car 0.0 0 0 306 42 321 59 0 0 0 0 0 0 0
car 0.0 0 0 316 62 334 78 0 0 0 0 0 0 0
car 0.0 0 0 329 87 342 103 0 0 0 0 0 0 0
car 0.0 0 0 336 104 351 120 0 0 0 0 0 0 0
