car 0.85 0 0 0 284 3 299 0 0 0 0 0 0 0
car 0.0 0 0 9 281 28 293 0 0 0 0 0 0 0
car 0.0 0 0 322 273 346 286 0 0 0 0 0 0 0
car 0.0 0 0 313 268 332 281 0 0 0 0 0 0 0
car 0.0 0 0 295 263 313 277 0 0 0 0 0 0 0
car 0.0 0 0 279 261 299 274 0 0 0 0 0 0 0
car 0.0 0 0 264 258 281 270 0 0 0 0 0 0 0
car 0.0 0 0 247 257 263 268 0 0 0 0 0 0 0
car 0.0 0 0 230 252 251 268 0 0 0 0 0 0 0
car 0.0 0 0 211 250 235 264 0 0 0 0 0 0 0
car 0.0 0 0 196 247 217 263 0 0 0 0 0 0 0
car 0.0 0 0 180 244 202 258 0 0 0 0 0 0 0
car 0.0 0 0 148 241 170 255 0 0 0 0 0 0 0
car 0.0 0 0 252 288 269 301 0 0 0 0 0 0 0
car 0.0 0 0 268 291 284 304 0 0 0 0 0 0 0
car 0.0 0 0 282 292 296 305 0 0 0 0 0 0 0
car 0.0 0 0 330 297 346 311 0 0 0 0 0 0 0
car 0.0 0 0 118 228 135 242 0 0 0 0 0 0 0
car 0.0 0 0 89 201 112 219 0 0 0 0 0 0 0
car 0.0 0 0 68 222 86 238 0 0 0 0 0 0 0
car 0.0 0 0 34 233 56 248 0 0 0 0 0 0 0
car 0.0 0 0 77 296 91 311 0 0 0 0 0 0 0
car 0.0 0 0 32 10 44 26 0 0 0 0 0 0 0
