car 0.0 0 0 248 224 264 237 0 0 0 0 0 0 0
car 0.0 0 0 260 225 279 237 0 0 0 0 0 0 0
car 0.0 0 0 292 228 309 242 0 0 0 0 0 0 0
car 0.0 0 0 310 230 325 243 0 0 0 0 0 0 0
car 0.0 0 0 325 232 339 245 0 0 0 0 0 0 0
car 0.0 0 0 7 267 30 277 0 0 0 0 0 0 0
car 0.0 0 0 11 250 32 260 0 0 0 0 0 0 0
car 0.0434782608696 0 0 0 290 22 301 0 0 0 0 0 0 0
car 0.0 0 0 165 16 176 32 0 0 0 0 0 0 0
car 0.0 0 0 178 19 191 33 0 0 0 0 0 0 0
car 0.0 0 0 191 22 202 35 0 0 0 0 0 0 0
car 0.0 0 0 201 22 214 41 0 0 0 0 0 0 0
car 0.0 0 0 212 24 226 41 0 0 0 0 0 0 0
car 0.0 0 0 225 26 238 40 0 0 0 0 0 0 0
car 0.0 0 0 234 27 251 46 0 0 0 0 0 0 0
car 0.0 0 0 249 31 262 45 0 0 0 0 0 0 0
car 0.0 0 0 260 32 274 47 0 0 0 0 0 0 0
car 0.0 0 0 90 4 115 13 0 0 0 0 0 0 0
car 0.0 0 0 66 0 88 9 0 0 0 0 0 0 0
car 0.0 0 0 21 296 44 305 0 0 0 0 0 0 0
car 0.0 0 0 20 303 42 312 0 0 0 0 0 0 0
car 0.0 0 0 13 309 38 319 0 0 0 0 0 0 0
