car 0.0 0 0 29 85 51 100 0 0 0 0 0 0 0
car 0.8888888888888888 0 0 0 112 2 124 0 0 0 0 0 0 0
car 0.6086956521739131 0 0 0 215 9 234 0 0 0 0 0 0 0
car 0.0 0 0 22 227 43 240 0 0 0 0 0 0 0
car 0.0 0 0 28 234 47 248 0 0 0 0 0 0 0
car 0.0 0 0 41 248 75 267 0 0 0 0 0 0 0
car 0.0 0 0 4 257 72 299 0 0 0 0 0 0 0
car 0.0 0 0 102 278 134 299 0 0 0 0 0 0 0
car 0.08333333333333337 0 0 96 330 133 352 0 0 0 0 0 0 0
car 0.0 0 0 114 322 135 338 0 0 0 0 0 0 0
car 0.0 0 0 136 318 152 330 0 0 0 0 0 0 0
car 0.0 0 0 149 305 170 321 0 0 0 0 0 0 0
car 0.0 0 0 161 304 179 316 0 0 0 0 0 0 0
car 0.0 0 0 175 289 196 303 0 0 0 0 0 0 0
car 0.0 0 0 134 259 157 278 0 0 0 0 0 0 0
car 0.0 0 0 193 286 213 300 0 0 0 0 0 0 0
car 0.0 0 0 211 261 232 275 0 0 0 0 0 0 0
car 0.0 0 0 236 246 263 267 0 0 0 0 0 0 0
car 0.0 0 0 263 186 326 229 0 0 0 0 0 0 0
car 0.0 0 0 256 165 319 210 0 0 0 0 0 0 0
car 0.0 0 0 92 159 112 173 0 0 0 0 0 0 0
car 0.26086956521739135 0 0 0 328 17 344 0 0 0 0 0 0 0
car 0.8235294117647058 0 0 252 346 272 352 0 0 0 0 0 0 0
car 0.2777777777777778 0 0 274 339 285 352 0 0 0 0 0 0 0
car 0.0 0 0 284 317 324 345 0 0 0 0 0 0 0
car 0.5675675675675675 0 0 336 283 352 311 0 0 0 0 0 0 0
car 0.9622641509433962 0 0 350 300 352 339 0 0 0 0 0 0 0
car 0.0 0 0 265 162 302 190 0 0 0 0 0 0 0
