car 0.0 0 0 56 171 77 183 0 0 0 0 0 0 0
car 0.0 0 0 9 243 55 260 0 0 0 0 0 0 0
car 0.0 0 0 53 186 75 204 0 0 0 0 0 0 0
car 0.0 0 0 11 204 34 218 0 0 0 0 0 0 0
car 0.0 0 0 41 221 60 234 0 0 0 0 0 0 0
car 0.0 0 0 53 213 72 229 0 0 0 0 0 0 0
car 0.0 0 0 143 225 165 239 0 0 0 0 0 0 0
car 0.0 0 0 90 239 114 253 0 0 0 0 0 0 0
car 0.0 0 0 81 245 101 261 0 0 0 0 0 0 0
car 0.0 0 0 138 264 156 278 0 0 0 0 0 0 0
car 0.0 0 0 187 263 207 281 0 0 0 0 0 0 0
car 0.0 0 0 60 275 96 298 0 0 0 0 0 0 0
car 0.0 0 0 130 276 149 288 0 0 0 0 0 0 0
car 0.0 0 0 163 284 184 299 0 0 0 0 0 0 0
car 0.0 0 0 163 298 183 310 0 0 0 0 0 0 0
car 0.0 0 0 202 291 231 310 0 0 0 0 0 0 0
car 0.0 0 0 247 287 271 304 0 0 0 0 0 0 0
car 0.0 0 0 193 317 215 333 0 0 0 0 0 0 0
car 0.6153846153846154 0 0 174 347 203 352 0 0 0 0 0 0 0
car 0.0 0 0 224 320 246 333 0 0 0 0 0 0 0
car 0.0 0 0 233 310 253 325 0 0 0 0 0 0 0
car 0.0 0 0 259 325 279 344 0 0 0 0 0 0 0
car 0.25 0 0 283 340 303 352 0 0 0 0 0 0 0
car 0.0 0 0 314 43 325 57 0 0 0 0 0 0 0
car 0.1333333333333333 0 0 339 48 352 62 0 0 0 0 0 0 0
car 0.0 0 0 220 66 242 79 0 0 0 0 0 0 0
car 0.0 0 0 231 72 253 87 0 0 0 0 0 0 0
car 0.0 0 0 239 81 260 94 0 0 0 0 0 0 0
car 0.0 0 0 260 81 277 96 0 0 0 0 0 0 0
car 0.0 0 0 270 89 289 101 0 0 0 0 0 0 0
car 0.16666666666666663 0 0 324 337 348 352 0 0 0 0 0 0 0
