car 0.0 0 0 27 229 56 242 0 0 0 0 0 0 0
car 0.0 0 0 38 243 60 254 0 0 0 0 0 0 0
car 0.0 0 0 91 247 116 257 0 0 0 0 0 0 0
car 0.0 0 0 126 249 165 261 0 0 0 0 0 0 0
car 0.0 0 0 184 233 211 243 0 0 0 0 0 0 0
car 0.0 0 0 180 247 204 255 0 0 0 0 0 0 0
car 0.0 0 0 264 193 307 211 0 0 0 0 0 0 0
car 0.0 0 0 315 230 334 244 0 0 0 0 0 0 0
car 0.0 0 0 0 79 18 98 0 0 0 0 0 0 0
car 0.0 0 0 208 343 232 352 0 0 0 0 0 0 0
car 0.5625 0 0 261 345 277 352 0 0 0 0 0 0 0
car 0.1724137931034483 0 0 0 234 24 247 0 0 0 0 0 0 0
