car 0.0 0 0 0 65 23 79 0 0 0 0 0 0 0
car 0.0 0 0 79 110 101 122 0 0 0 0 0 0 0
car 0.0 0 0 92 147 110 160 0 0 0 0 0 0 0
car 0.0 0 0 139 161 161 176 0 0 0 0 0 0 0
car 0.0 0 0 171 198 207 222 0 0 0 0 0 0 0
car 0.0 0 0 237 195 261 210 0 0 0 0 0 0 0
car 0.0 0 0 276 173 300 185 0 0 0 0 0 0 0
car 0.0 0 0 278 227 304 240 0 0 0 0 0 0 0
car 0.0 0 0 271 238 298 251 0 0 0 0 0 0 0
car 0.9655172413793104 0 0 351 229 352 242 0 0 0 0 0 0 0
car 0.0 0 0 324 79 342 98 0 0 0 0 0 0 0
car 0.0 0 0 319 234 348 247 0 0 0 0 0 0 0
