car 0.0 0 0 323 50 344 63 0 0 0 0 0 0 0
car 0.0 0 0 202 88 222 103 0 0 0 0 0 0 0
car 0.0 0 0 207 103 227 117 0 0 0 0 0 0 0
car 0.0 0 0 208 131 231 146 0 0 0 0 0 0 0
car 0.0 0 0 252 129 279 145 0 0 0 0 0 0 0
car 0.0 0 0 237 147 260 161 0 0 0 0 0 0 0
car 0.0 0 0 231 154 253 170 0 0 0 0 0 0 0
car 0.0 0 0 189 151 211 167 0 0 0 0 0 0 0
car 0.0 0 0 179 157 198 174 0 0 0 0 0 0 0
car 0.0 0 0 38 145 62 158 0 0 0 0 0 0 0
car 0.0 0 0 50 151 72 166 0 0 0 0 0 0 0
car 0.0 0 0 56 158 77 172 0 0 0 0 0 0 0
car 0.0 0 0 107 165 127 177 0 0 0 0 0 0 0
car 0.0 0 0 136 167 155 185 0 0 0 0 0 0 0
car 0.0 0 0 139 183 158 198 0 0 0 0 0 0 0
car 0.0 0 0 148 188 170 204 0 0 0 0 0 0 0
car 0.0 0 0 292 146 313 158 0 0 0 0 0 0 0
car 0.0 0 0 290 154 305 167 0 0 0 0 0 0 0
car 0.0 0 0 271 169 286 180 0 0 0 0 0 0 0
car 0.0 0 0 262 173 283 188 0 0 0 0 0 0 0
car 0.0 0 0 251 181 274 194 0 0 0 0 0 0 0
car 0.0 0 0 243 186 262 199 0 0 0 0 0 0 0
car 0.0 0 0 238 195 258 207 0 0 0 0 0 0 0
car 0.0 0 0 224 199 246 214 0 0 0 0 0 0 0
car 0.0 0 0 219 208 236 218 0 0 0 0 0 0 0
car 0.0 0 0 213 239 238 256 0 0 0 0 0 0 0
car 0.0 0 0 224 246 246 262 0 0 0 0 0 0 0
car 0.0 0 0 233 255 254 270 0 0 0 0 0 0 0
car 0.0 0 0 326 192 345 206 0 0 0 0 0 0 0
