car 0.0 0 0 6 63 24 79 0 0 0 0 0 0 0
car 0.0 0 0 13 56 32 70 0 0 0 0 0 0 0
car 0.0 0 0 17 51 39 65 0 0 0 0 0 0 0
car 0.0 0 0 37 41 62 56 0 0 0 0 0 0 0
car 0.0 0 0 41 36 63 48 0 0 0 0 0 0 0
car 0.0 0 0 52 29 72 42 0 0 0 0 0 0 0
car 0.0 0 0 55 21 78 35 0 0 0 0 0 0 0
car 0.0 0 0 26 10 46 24 0 0 0 0 0 0 0
car 0.0 0 0 12 19 31 33 0 0 0 0 0 0 0
car 0.2857142857142857 0 0 50 0 68 10 0 0 0 0 0 0 0
car 0.8666666666666667 0 0 82 0 102 2 0 0 0 0 0 0 0
car 1.0 0 0 304 0 321 0 0 0 0 0 0 0 0
car 0.0 0 0 281 164 302 177 0 0 0 0 0 0 0
car 0.0 0 0 241 137 260 150 0 0 0 0 0 0 0
car 0.0 0 0 213 123 230 135 0 0 0 0 0 0 0
car 0.0 0 0 127 70 148 85 0 0 0 0 0 0 0
car 0.0 0 0 147 83 167 97 0 0 0 0 0 0 0
car 0.0 0 0 13 81 38 98 0 0 0 0 0 0 0
car 0.0 0 0 48 56 70 70 0 0 0 0 0 0 0
car 0.0 0 0 66 45 87 58 0 0 0 0 0 0 0
car 0.0 0 0 82 34 101 47 0 0 0 0 0 0 0
car 0.5714285714285714 0 0 0 35 9 47 0 0 0 0 0 0 0
car 0.0 0 0 68 106 84 120 0 0 0 0 0 0 0
car 0.0 0 0 96 137 120 151 0 0 0 0 0 0 0
car 0.0 0 0 159 174 182 188 0 0 0 0 0 0 0
car 0.0 0 0 175 183 200 199 0 0 0 0 0 0 0
car 0.0 0 0 286 234 310 250 0 0 0 0 0 0 0
car 0.0 0 0 228 215 245 226 0 0 0 0 0 0 0
car 0.4444444444444444 0 0 313 0 328 5 0 0 0 0 0 0 0
car 0.0 0 0 327 276 349 289 0 0 0 0 0 0 0
car 0.0 0 0 179 277 198 285 0 0 0 0 0 0 0
car 0.0 0 0 283 326 305 340 0 0 0 0 0 0 0
car 0.0 0 0 76 256 98 271 0 0 0 0 0 0 0
car 0.0 0 0 49 241 79 260 0 0 0 0 0 0 0
car 0.0 0 0 202 284 227 302 0 0 0 0 0 0 0
