car 0.045454545454545414 0 0 331 175 352 192 0 0 0 0 0 0 0
car 0.0 0 0 326 183 345 198 0 0 0 0 0 0 0
car 0.0 0 0 304 183 324 198 0 0 0 0 0 0 0
car 0.0 0 0 294 191 314 207 0 0 0 0 0 0 0
car 0.0 0 0 279 196 298 210 0 0 0 0 0 0 0
car 0.0 0 0 262 196 281 211 0 0 0 0 0 0 0
car 0.0 0 0 54 85 71 101 0 0 0 0 0 0 0
car 0.0 0 0 44 92 63 106 0 0 0 0 0 0 0
car 0.0 0 0 36 99 50 110 0 0 0 0 0 0 0
car 0.0 0 0 26 103 41 119 0 0 0 0 0 0 0
car 0.0 0 0 17 107 31 120 0 0 0 0 0 0 0
car 0.0 0 0 7 113 22 125 0 0 0 0 0 0 0
car 0.0 0 0 26 160 41 177 0 0 0 0 0 0 0
car 0.0 0 0 31 212 52 225 0 0 0 0 0 0 0
car 0.0 0 0 48 206 64 220 0 0 0 0 0 0 0
car 0.0 0 0 300 171 328 186 0 0 0 0 0 0 0
