car 0.0 0 0 163 142 184 154 0 0 0 0 0 0 0
car 0.0 0 0 167 154 193 163 0 0 0 0 0 0 0
car 0.0 0 0 7 175 29 192 0 0 0 0 0 0 0
car 0.0 0 0 119 186 139 202 0 0 0 0 0 0 0
car 0.0 0 0 110 193 127 207 0 0 0 0 0 0 0
car 0.0 0 0 2 183 21 198 0 0 0 0 0 0 0
car 1.0 0 0 0 183 0 198 0 0 0 0 0 0 0
car 0.0 0 0 102 198 115 211 0 0 0 0 0 0 0
car 0.0 0 0 92 205 108 219 0 0 0 0 0 0 0
car 0.0 0 0 82 211 98 226 0 0 0 0 0 0 0
car 0.0 0 0 126 116 148 129 0 0 0 0 0 0 0
car 0.0 0 0 146 164 172 177 0 0 0 0 0 0 0
car 0.0 0 0 138 172 159 186 0 0 0 0 0 0 0
car 0.8571428571428572 0 0 0 171 4 186 0 0 0 0 0 0 0
car 0.0 0 0 65 292 84 307 0 0 0 0 0 0 0
