car 0.6428571428571428 0 0 231 0 246 5 0 0 0 0 0 0 0
car 0.0 0 0 173 57 193 68 0 0 0 0 0 0 0
car 0.0 0 0 161 69 180 82 0 0 0 0 0 0 0
car 0.0 0 0 133 96 156 111 0 0 0 0 0 0 0
car 0.0 0 0 156 93 214 135 0 0 0 0 0 0 0
car 0.0 0 0 137 111 155 128 0 0 0 0 0 0 0
car 0.0 0 0 84 155 100 167 0 0 0 0 0 0 0
car 0.0 0 0 113 169 128 185 0 0 0 0 0 0 0
car 0.0 0 0 319 276 333 295 0 0 0 0 0 0 0
car 0.0 0 0 319 257 337 270 0 0 0 0 0 0 0
car 0.0 0 0 306 305 321 317 0 0 0 0 0 0 0
car 0.0 0 0 300 317 318 332 0 0 0 0 0 0 0
