car 1.0 0 0 0 0 0 21 0 0 0 0 0 0 0
car 0.6153846153846154 0 0 26 0 79 15 0 0 0 0 0 0 0
car 0.0 0 0 50 39 73 56 0 0 0 0 0 0 0
car 0.7333333333333334 0 0 133 0 156 4 0 0 0 0 0 0 0
car 0.0 0 0 261 138 284 151 0 0 0 0 0 0 0
car 0.0 0 0 155 153 176 167 0 0 0 0 0 0 0
car 0.0 0 0 145 158 166 173 0 0 0 0 0 0 0
car 0.0 0 0 136 164 155 178 0 0 0 0 0 0 0
car 0.0 0 0 119 170 143 186 0 0 0 0 0 0 0
car 0.0 0 0 94 183 113 195 0 0 0 0 0 0 0
car 0.0 0 0 224 169 243 184 0 0 0 0 0 0 0
car 0.0 0 0 186 187 203 202 0 0 0 0 0 0 0
car 0.0 0 0 148 205 166 220 0 0 0 0 0 0 0
car 0.0 0 0 127 217 146 233 0 0 0 0 0 0 0
car 0.0 0 0 116 224 134 238 0 0 0 0 0 0 0
car 0.0 0 0 106 230 123 242 0 0 0 0 0 0 0
car 0.0 0 0 33 218 67 233 0 0 0 0 0 0 0
car 0.0 0 0 4 298 20 314 0 0 0 0 0 0 0
car 0.7311827956989247 0 0 0 327 13 352 0 0 0 0 0 0 0
car 0.0 0 0 18 311 40 330 0 0 0 0 0 0 0
car 0.0 0 0 43 333 61 349 0 0 0 0 0 0 0
car 0.0 0 0 166 340 191 350 0 0 0 0 0 0 0
car 0.7777777777777778 0 0 174 350 203 352 0 0 0 0 0 0 0
car 0.0 0 0 134 250 155 264 0 0 0 0 0 0 0
car 0.0 0 0 142 257 162 270 0 0 0 0 0 0 0
car 0.0 0 0 150 261 171 278 0 0 0 0 0 0 0
car 0.0 0 0 156 271 175 286 0 0 0 0 0 0 0
car 0.0 0 0 162 278 185 292 0 0 0 0 0 0 0
car 0.0 0 0 171 285 192 300 0 0 0 0 0 0 0
car 0.0 0 0 180 295 199 310 0 0 0 0 0 0 0
car 0.0 0 0 191 302 209 319 0 0 0 0 0 0 0
car 0.0 0 0 196 309 217 326 0 0 0 0 0 0 0
car 0.09999999999999998 0 0 218 334 236 352 0 0 0 0 0 0 0
car 0.5263157894736843 0 0 228 343 247 352 0 0 0 0 0 0 0
car 0.6666666666666667 0 0 322 347 341 352 0 0 0 0 0 0 0
car 0.0 0 0 153 230 177 245 0 0 0 0 0 0 0
car 0.0 0 0 168 243 192 257 0 0 0 0 0 0 0
car 0.0 0 0 180 255 204 267 0 0 0 0 0 0 0
car 0.0 0 0 186 260 210 274 0 0 0 0 0 0 0
car 0.0 0 0 194 266 215 279 0 0 0 0 0 0 0
car 0.0 0 0 201 270 223 283 0 0 0 0 0 0 0
car 0.0 0 0 209 278 231 292 0 0 0 0 0 0 0
car 0.0 0 0 213 285 235 299 0 0 0 0 0 0 0
car 0.0 0 0 220 292 242 305 0 0 0 0 0 0 0
car 0.0 0 0 225 299 250 312 0 0 0 0 0 0 0
car 0.0 0 0 233 306 257 318 0 0 0 0 0 0 0
car 0.23076923076923073 0 0 272 342 295 352 0 0 0 0 0 0 0
car 0.0 0 0 266 335 288 350 0 0 0 0 0 0 0
car 0.0 0 0 258 328 283 342 0 0 0 0 0 0 0
car 0.0 0 0 254 323 274 336 0 0 0 0 0 0 0
car 0.0 0 0 246 318 271 330 0 0 0 0 0 0 0
car 0.0 0 0 242 312 263 325 0 0 0 0 0 0 0
car 0.0 0 0 306 327 330 339 0 0 0 0 0 0 0
car 0.0 0 0 300 321 324 333 0 0 0 0 0 0 0
car 0.0 0 0 296 314 318 326 0 0 0 0 0 0 0
car 0.0 0 0 287 307 310 319 0 0 0 0 0 0 0
car 0.0 0 0 283 301 306 313 0 0 0 0 0 0 0
car 0.0 0 0 275 295 298 308 0 0 0 0 0 0 0
car 0.0 0 0 267 289 291 300 0 0 0 0 0 0 0
car 0.0 0 0 258 283 283 295 0 0 0 0 0 0 0
car 0.0 0 0 249 274 275 287 0 0 0 0 0 0 0
car 0.0 0 0 244 267 267 278 0 0 0 0 0 0 0
car 0.0 0 0 236 260 260 273 0 0 0 0 0 0 0
car 0.0 0 0 227 253 251 265 0 0 0 0 0 0 0
car 0.0 0 0 220 246 244 257 0 0 0 0 0 0 0
car 0.0 0 0 215 239 236 249 0 0 0 0 0 0 0
car 0.0 0 0 205 231 232 243 0 0 0 0 0 0 0
car 0.0 0 0 203 226 226 238 0 0 0 0 0 0 0
car 0.0 0 0 192 219 214 233 0 0 0 0 0 0 0
car 0.0 0 0 324 295 343 307 0 0 0 0 0 0 0
car 0.0 0 0 315 291 335 302 0 0 0 0 0 0 0
car 0.0 0 0 310 284 329 295 0 0 0 0 0 0 0
car 0.0 0 0 296 272 316 283 0 0 0 0 0 0 0
car 0.0 0 0 291 265 310 276 0 0 0 0 0 0 0
car 0.0 0 0 284 256 304 271 0 0 0 0 0 0 0
car 0.0 0 0 277 251 298 264 0 0 0 0 0 0 0
car 0.0 0 0 271 245 290 256 0 0 0 0 0 0 0
car 0.0 0 0 263 237 283 252 0 0 0 0 0 0 0
car 0.0 0 0 257 232 276 246 0 0 0 0 0 0 0
car 0.0 0 0 250 224 270 238 0 0 0 0 0 0 0
car 0.0 0 0 243 219 265 233 0 0 0 0 0 0 0
car 0.0 0 0 238 213 258 225 0 0 0 0 0 0 0
car 0.0 0 0 229 207 250 220 0 0 0 0 0 0 0
car 0.0 0 0 224 200 242 213 0 0 0 0 0 0 0
car 0.0 0 0 216 192 235 205 0 0 0 0 0 0 0
car 0.0 0 0 207 202 224 217 0 0 0 0 0 0 0
car 0.0 0 0 317 257 341 268 0 0 0 0 0 0 0
car 0.0 0 0 309 251 334 261 0 0 0 0 0 0 0
car 0.0 0 0 300 241 326 253 0 0 0 0 0 0 0
car 0.0 0 0 293 236 316 248 0 0 0 0 0 0 0
car 0.0 0 0 287 230 312 240 0 0 0 0 0 0 0
car 0.0 0 0 280 223 304 234 0 0 0 0 0 0 0
car 0.0 0 0 272 217 296 228 0 0 0 0 0 0 0
car 0.0 0 0 269 208 292 219 0 0 0 0 0 0 0
car 0.0 0 0 259 203 284 213 0 0 0 0 0 0 0
car 0.0 0 0 251 195 280 206 0 0 0 0 0 0 0
car 0.0 0 0 248 187 274 199 0 0 0 0 0 0 0
car 0.0 0 0 286 175 300 190 0 0 0 0 0 0 0
car 0.0 0 0 296 184 308 197 0 0 0 0 0 0 0
car 0.0 0 0 305 190 318 203 0 0 0 0 0 0 0
car 0.0 0 0 314 196 328 212 0 0 0 0 0 0 0
car 0.0 0 0 324 205 337 219 0 0 0 0 0 0 0
car 0.0 0 0 334 214 347 227 0 0 0 0 0 0 0
car 0.0 0 0 299 177 321 185 0 0 0 0 0 0 0
car 0.0 0 0 309 184 332 190 0 0 0 0 0 0 0
car 0.0 0 0 317 189 339 197 0 0 0 0 0 0 0
car 0.0 0 0 328 196 351 205 0 0 0 0 0 0 0
car 0.9230769230769231 0 0 0 134 2 144 0 0 0 0 0 0 0
car 0.4482758620689655 0 0 0 145 16 155 0 0 0 0 0 0 0
car 0.16666666666666663 0 0 0 154 25 165 0 0 0 0 0 0 0
car 0.0 0 0 10 164 37 175 0 0 0 0 0 0 0
car 0.0 0 0 28 176 52 188 0 0 0 0 0 0 0
car 0.0 0 0 44 255 67 271 0 0 0 0 0 0 0
car 0.0 0 0 43 270 84 296 0 0 0 0 0 0 0
car 0.0 0 0 56 283 97 305 0 0 0 0 0 0 0
car 0.0 0 0 68 295 102 313 0 0 0 0 0 0 0
car 0.0 0 0 76 304 112 322 0 0 0 0 0 0 0
car 0.0 0 0 89 314 115 330 0 0 0 0 0 0 0
car 0.0 0 0 100 319 131 339 0 0 0 0 0 0 0
car 0.0 0 0 300 275 325 289 0 0 0 0 0 0 0
car 0.0 0 0 326 264 349 276 0 0 0 0 0 0 0
car 0.0 0 0 17 41 42 56 0 0 0 0 0 0 0
car 0.0 0 0 108 331 134 347 0 0 0 0 0 0 0
