car 0.0 0 0 279 175 300 192 0 0 0 0 0 0 0
car 0.0 0 0 267 176 285 192 0 0 0 0 0 0 0
car 0.0 0 0 200 184 225 193 0 0 0 0 0 0 0
car 0.0 0 0 129 170 141 184 0 0 0 0 0 0 0
car 0.0 0 0 108 171 118 184 0 0 0 0 0 0 0
car 0.0 0 0 274 228 284 245 0 0 0 0 0 0 0
car 0.0 0 0 226 210 252 216 0 0 0 0 0 0 0
car 0.0 0 0 244 269 260 286 0 0 0 0 0 0 0
car 0.0 0 0 270 270 288 287 0 0 0 0 0 0 0
car 0.0 0 0 283 274 299 288 0 0 0 0 0 0 0
car 0.0 0 0 298 275 310 290 0 0 0 0 0 0 0
car 0.0 0 0 202 323 221 340 0 0 0 0 0 0 0
