car 1.0 0 0 30 0 54 0 0 0 0 0 0 0 0
car 0.0 0 0 86 1 108 14 0 0 0 0 0 0 0
car 0.3571428571428571 0 0 41 0 63 9 0 0 0 0 0 0 0
car 0.0 0 0 54 3 76 13 0 0 0 0 0 0 0
car 0.0 0 0 62 10 85 20 0 0 0 0 0 0 0
car 0.0 0 0 71 18 95 29 0 0 0 0 0 0 0
car 0.0 0 0 87 23 110 34 0 0 0 0 0 0 0
car 0.0 0 0 91 29 113 42 0 0 0 0 0 0 0
car 0.0 0 0 109 37 133 49 0 0 0 0 0 0 0
car 0.0 0 0 121 45 149 57 0 0 0 0 0 0 0
car 0.0 0 0 141 58 163 69 0 0 0 0 0 0 0
car 0.0 0 0 149 63 177 77 0 0 0 0 0 0 0
car 0.0 0 0 173 78 200 89 0 0 0 0 0 0 0
car 0.8333333333333334 0 0 162 0 180 2 0 0 0 0 0 0 0
car 0.0 0 0 200 14 226 31 0 0 0 0 0 0 0
car 0.0 0 0 209 34 233 50 0 0 0 0 0 0 0
car 0.0 0 0 269 16 285 33 0 0 0 0 0 0 0
car 0.0 0 0 247 71 268 85 0 0 0 0 0 0 0
car 0.0 0 0 312 47 334 60 0 0 0 0 0 0 0
car 0.0 0 0 321 88 339 102 0 0 0 0 0 0 0
car 0.0 0 0 291 127 317 143 0 0 0 0 0 0 0
car 0.0 0 0 285 145 307 158 0 0 0 0 0 0 0
car 0.0 0 0 75 175 96 186 0 0 0 0 0 0 0
car 0.0 0 0 61 183 81 198 0 0 0 0 0 0 0
car 0.0 0 0 47 240 67 253 0 0 0 0 0 0 0
car 0.0 0 0 92 224 117 239 0 0 0 0 0 0 0
car 0.0 0 0 113 210 137 227 0 0 0 0 0 0 0
car 0.0 0 0 178 165 199 180 0 0 0 0 0 0 0
car 0.0 0 0 126 245 148 258 0 0 0 0 0 0 0
car 0.0 0 0 136 209 158 225 0 0 0 0 0 0 0
car 0.8518518518518519 0 0 0 0 4 5 0 0 0 0 0 0 0
car 0.0 0 0 124 253 142 266 0 0 0 0 0 0 0
car 0.0 0 0 3 276 25 289 0 0 0 0 0 0 0
