car 0.0 0 0 179 3 210 26 0 0 0 0 0 0 0
car 0.0 0 0 201 4 220 18 0 0 0 0 0 0 0
car 0.7058823529411764 0 0 201 0 223 5 0 0 0 0 0 0 0
car 0.0 0 0 318 4 341 20 0 0 0 0 0 0 0
car 0.0 0 0 329 45 346 59 0 0 0 0 0 0 0
car 0.5333333333333333 0 0 267 0 288 7 0 0 0 0 0 0 0
car 0.0 0 0 158 47 176 59 0 0 0 0 0 0 0
car 0.0 0 0 148 67 167 80 0 0 0 0 0 0 0
car 0.0 0 0 166 80 182 91 0 0 0 0 0 0 0
car 0.0 0 0 99 66 115 81 0 0 0 0 0 0 0
car 0.0 0 0 90 81 107 98 0 0 0 0 0 0 0
car 0.0 0 0 112 89 128 104 0 0 0 0 0 0 0
car 0.0 0 0 79 101 97 116 0 0 0 0 0 0 0
car 0.0 0 0 86 108 104 130 0 0 0 0 0 0 0
car 0.0 0 0 103 111 116 128 0 0 0 0 0 0 0
car 0.0 0 0 75 143 97 159 0 0 0 0 0 0 0
car 0.0 0 0 60 184 84 204 0 0 0 0 0 0 0
car 0.0 0 0 227 94 241 106 0 0 0 0 0 0 0
car 0.0 0 0 265 61 286 77 0 0 0 0 0 0 0
car 0.0 0 0 282 55 299 70 0 0 0 0 0 0 0
car 0.0 0 0 330 97 352 113 0 0 0 0 0 0 0
car 0.6086956521739131 0 0 343 132 352 145 0 0 0 0 0 0 0
car 0.0 0 0 251 118 262 132 0 0 0 0 0 0 0
car 0.0 0 0 241 152 255 162 0 0 0 0 0 0 0
car 0.0 0 0 310 172 326 186 0 0 0 0 0 0 0
car 0.0 0 0 273 178 286 193 0 0 0 0 0 0 0
car 0.0 0 0 299 202 314 220 0 0 0 0 0 0 0
car 0.0 0 0 317 221 329 229 0 0 0 0 0 0 0
car 0.0 0 0 173 314 186 329 0 0 0 0 0 0 0
car 0.0 0 0 166 334 178 348 0 0 0 0 0 0 0
car 0.7777777777777778 0 0 171 348 186 352 0 0 0 0 0 0 0
car 0.5294117647058824 0 0 181 344 196 352 0 0 0 0 0 0 0
car 0.47058823529411764 0 0 194 343 209 352 0 0 0 0 0 0 0
car 0.2666666666666667 0 0 204 341 221 352 0 0 0 0 0 0 0
car 0.0 0 0 226 328 238 344 0 0 0 0 0 0 0
car 0.0 0 0 234 321 248 335 0 0 0 0 0 0 0
car 0.0 0 0 239 334 251 351 0 0 0 0 0 0 0
car 0.11111111111111116 0 0 252 336 265 352 0 0 0 0 0 0 0
car 0.0 0 0 269 319 280 331 0 0 0 0 0 0 0
car 0.0 0 0 280 314 293 327 0 0 0 0 0 0 0
car 0.0 0 0 291 311 305 327 0 0 0 0 0 0 0
car 0.0 0 0 300 309 315 323 0 0 0 0 0 0 0
car 0.0 0 0 313 305 328 320 0 0 0 0 0 0 0
car 0.0 0 0 326 301 341 317 0 0 0 0 0 0 0
car 0.0 0 0 299 337 321 351 0 0 0 0 0 0 0
car 0.33333333333333337 0 0 291 342 312 352 0 0 0 0 0 0 0
car 0.6923076923076923 0 0 283 348 303 352 0 0 0 0 0 0 0
car 0.0 0 0 173 57 190 69 0 0 0 0 0 0 0
