car 0.6666666666666667 0 0 0 3 13 34 0 0 0 0 0 0 0
car 0.6842105263157895 0 0 18 0 40 6 0 0 0 0 0 0 0
car 0.0 0 0 43 9 61 25 0 0 0 0 0 0 0
car 0.0 0 0 216 327 241 344 0 0 0 0 0 0 0
car 0.0 0 0 234 315 259 329 0 0 0 0 0 0 0
car 0.0 0 0 161 283 188 293 0 0 0 0 0 0 0
car 0.0 0 0 205 297 229 309 0 0 0 0 0 0 0
car 0.0 0 0 208 335 233 350 0 0 0 0 0 0 0
car 0.0 0 0 77 275 98 287 0 0 0 0 0 0 0
car 0.0 0 0 5 80 25 92 0 0 0 0 0 0 0
car 0.0 0 0 98 53 120 70 0 0 0 0 0 0 0
car 0.0 0 0 126 35 143 47 0 0 0 0 0 0 0
car 0.0 0 0 139 42 152 54 0 0 0 0 0 0 0
car 0.0 0 0 144 46 165 62 0 0 0 0 0 0 0
car 0.0 0 0 178 71 193 85 0 0 0 0 0 0 0
car 0.0 0 0 188 76 203 92 0 0 0 0 0 0 0
car 0.0 0 0 197 82 214 99 0 0 0 0 0 0 0
car 0.0 0 0 207 90 223 106 0 0 0 0 0 0 0
car 0.0 0 0 218 98 234 114 0 0 0 0 0 0 0
car 0.0 0 0 228 105 244 123 0 0 0 0 0 0 0
car 0.0 0 0 238 110 254 128 0 0 0 0 0 0 0
car 0.0 0 0 166 16 191 26 0 0 0 0 0 0 0
car 0.0 0 0 174 26 203 35 0 0 0 0 0 0 0
car 0.0 0 0 185 35 210 43 0 0 0 0 0 0 0
car 0.0 0 0 199 49 227 59 0 0 0 0 0 0 0
car 0.0 0 0 210 55 235 65 0 0 0 0 0 0 0
car 0.0 0 0 215 64 242 73 0 0 0 0 0 0 0
car 0.0 0 0 225 72 251 80 0 0 0 0 0 0 0
car 0.0 0 0 236 78 265 86 0 0 0 0 0 0 0
car 0.0 0 0 246 86 272 94 0 0 0 0 0 0 0
car 0.0 0 0 255 93 279 103 0 0 0 0 0 0 0
car 0.8823529411764706 0 0 196 0 217 2 0 0 0 0 0 0 0
car 0.0 0 0 218 10 236 30 0 0 0 0 0 0 0
car 0.0 0 0 228 19 247 38 0 0 0 0 0 0 0
car 0.0 0 0 255 42 271 60 0 0 0 0 0 0 0
car 0.0 0 0 264 50 281 67 0 0 0 0 0 0 0
car 0.0 0 0 273 58 290 74 0 0 0 0 0 0 0
car 0.0 0 0 283 64 301 79 0 0 0 0 0 0 0
car 0.0 0 0 268 122 288 141 0 0 0 0 0 0 0
car 0.0 0 0 280 132 296 147 0 0 0 0 0 0 0
car 0.0 0 0 315 91 332 108 0 0 0 0 0 0 0
car 0.0 0 0 325 99 341 115 0 0 0 0 0 0 0
car 0.0 0 0 301 32 320 49 0 0 0 0 0 0 0
car 0.0 0 0 315 29 334 49 0 0 0 0 0 0 0
car 0.0 0 0 322 23 341 38 0 0 0 0 0 0 0
car 0.0 0 0 272 18 295 31 0 0 0 0 0 0 0
car 0.0 0 0 266 11 288 26 0 0 0 0 0 0 0
car 0.0 0 0 258 4 283 18 0 0 0 0 0 0 0
car 0.07692307692307687 0 0 254 0 274 12 0 0 0 0 0 0 0
car 0.5 0 0 246 0 271 6 0 0 0 0 0 0 0
car 0.9230769230769231 0 0 242 0 263 1 0 0 0 0 0 0 0
car 0.0 0 0 306 3 330 15 0 0 0 0 0 0 0
car 0.25 0 0 300 0 324 9 0 0 0 0 0 0 0
car 0.8333333333333334 0 0 296 0 318 2 0 0 0 0 0 0 0
car 0.0 0 0 99 112 122 130 0 0 0 0 0 0 0
car 0.0 0 0 50 161 72 174 0 0 0 0 0 0 0
car 0.0 0 0 111 155 139 174 0 0 0 0 0 0 0
car 0.0 0 0 56 184 74 195 0 0 0 0 0 0 0
car 0.0 0 0 64 187 86 202 0 0 0 0 0 0 0
car 0.0 0 0 70 197 91 209 0 0 0 0 0 0 0
car 0.0 0 0 75 202 100 218 0 0 0 0 0 0 0
car 0.0 0 0 87 208 106 222 0 0 0 0 0 0 0
car 0.0 0 0 96 215 112 228 0 0 0 0 0 0 0
car 0.0 0 0 115 216 137 231 0 0 0 0 0 0 0
car 0.0 0 0 194 138 217 154 0 0 0 0 0 0 0
car 0.0 0 0 181 169 202 182 0 0 0 0 0 0 0
car 0.0 0 0 202 198 226 212 0 0 0 0 0 0 0
car 0.0 0 0 256 201 278 213 0 0 0 0 0 0 0
car 0.0 0 0 260 183 285 198 0 0 0 0 0 0 0
car 0.0 0 0 177 234 198 243 0 0 0 0 0 0 0
car 0.0 0 0 201 242 221 254 0 0 0 0 0 0 0
car 0.0 0 0 223 251 247 263 0 0 0 0 0 0 0
car 0.0 0 0 215 222 237 233 0 0 0 0 0 0 0
car 0.0 0 0 291 236 315 250 0 0 0 0 0 0 0
car 0.625 0 0 89 0 115 6 0 0 0 0 0 0 0
car 0.25 0 0 100 0 131 15 0 0 0 0 0 0 0
car 0.0 0 0 290 139 306 153 0 0 0 0 0 0 0
car 0.0 0 0 334 106 346 120 0 0 0 0 0 0 0
car 0.0 0 0 108 7 134 23 0 0 0 0 0 0 0
car 0.0 0 0 226 322 248 334 0 0 0 0 0 0 0
