car 0.09090909090909094 0 0 0 10 20 22 0 0 0 0 0 0 0
car 0.28125 0 0 0 28 23 49 0 0 0 0 0 0 0
car 0.85 0 0 0 46 3 59 0 0 0 0 0 0 0
car 0.21052631578947367 0 0 0 151 15 166 0 0 0 0 0 0 0
car 0.25 0 0 0 175 18 189 0 0 0 0 0 0 0
car 0.0 0 0 24 186 45 201 0 0 0 0 0 0 0
car 0.0 0 0 9 237 31 250 0 0 0 0 0 0 0
car 0.0 0 0 36 236 60 252 0 0 0 0 0 0 0
car 0.0 0 0 74 220 94 233 0 0 0 0 0 0 0
car 0.0 0 0 99 232 120 245 0 0 0 0 0 0 0
car 0.0 0 0 121 244 138 257 0 0 0 0 0 0 0
car 0.0 0 0 110 247 135 262 0 0 0 0 0 0 0
car 0.0 0 0 146 259 167 273 0 0 0 0 0 0 0
car 0.0 0 0 166 270 189 286 0 0 0 0 0 0 0
car 0.0 0 0 99 274 121 287 0 0 0 0 0 0 0
car 0.0 0 0 69 288 93 305 0 0 0 0 0 0 0
car 0.0 0 0 39 282 61 298 0 0 0 0 0 0 0
car 0.0 0 0 150 286 173 301 0 0 0 0 0 0 0
car 0.8333333333333334 0 0 0 281 5 294 0 0 0 0 0 0 0
car 0.26086956521739135 0 0 0 289 17 300 0 0 0 0 0 0 0
car 0.0 0 0 2 299 26 310 0 0 0 0 0 0 0
car 0.0 0 0 21 306 42 316 0 0 0 0 0 0 0
car 0.0 0 0 30 313 54 324 0 0 0 0 0 0 0
car 0.0 0 0 108 307 130 321 0 0 0 0 0 0 0
car 0.0 0 0 170 283 195 299 0 0 0 0 0 0 0
car 0.0 0 0 190 282 210 296 0 0 0 0 0 0 0
car 0.0 0 0 86 325 108 338 0 0 0 0 0 0 0
car 0.0 0 0 41 319 63 333 0 0 0 0 0 0 0
car 0.0 0 0 54 327 76 337 0 0 0 0 0 0 0
car 0.0 0 0 62 334 85 344 0 0 0 0 0 0 0
car 0.09090909090909094 0 0 71 342 95 352 0 0 0 0 0 0 0
car 0.5454545454545454 0 0 87 347 110 352 0 0 0 0 0 0 0
car 0.0 0 0 191 294 211 308 0 0 0 0 0 0 0
car 0.0 0 0 162 314 180 326 0 0 0 0 0 0 0
car 0.17647058823529416 0 0 200 338 226 352 0 0 0 0 0 0 0
car 0.2941176470588235 0 0 269 340 285 352 0 0 0 0 0 0 0
car 0.0 0 0 41 78 64 94 0 0 0 0 0 0 0
car 0.0 0 0 54 84 78 100 0 0 0 0 0 0 0
car 0.0 0 0 230 156 247 172 0 0 0 0 0 0 0
car 0.0 0 0 245 164 261 178 0 0 0 0 0 0 0
car 0.0 0 0 258 170 269 184 0 0 0 0 0 0 0
car 0.0 0 0 265 177 279 191 0 0 0 0 0 0 0
car 0.0 0 0 276 183 289 198 0 0 0 0 0 0 0
car 0.0 0 0 286 190 299 207 0 0 0 0 0 0 0
car 0.7333333333333334 0 0 0 320 4 329 0 0 0 0 0 0 0
