car 0.0 0 0 96 6 133 30 0 0 0 0 0 0 0
car 0.125 0 0 114 0 135 14 0 0 0 0 0 0 0
car 0.5 0 0 136 0 152 6 0 0 0 0 0 0 0
car 0.26086956521739135 0 0 0 4 17 20 0 0 0 0 0 0 0
car 0.0 0 0 5 45 22 59 0 0 0 0 0 0 0
car 0.0 0 0 83 82 103 99 0 0 0 0 0 0 0
car 0.0 0 0 6 97 28 113 0 0 0 0 0 0 0
car 0.0 0 0 19 132 42 145 0 0 0 0 0 0 0
car 0.0 0 0 60 142 83 159 0 0 0 0 0 0 0
car 0.0 0 0 165 96 186 110 0 0 0 0 0 0 0
car 0.0 0 0 215 45 228 64 0 0 0 0 0 0 0
car 0.0 0 0 252 22 272 56 0 0 0 0 0 0 0
car 0.0 0 0 274 15 285 33 0 0 0 0 0 0 0
car 0.25 0 0 284 0 324 21 0 0 0 0 0 0 0
car 0.9854862119013063 0 0 350 0 352 15 0 0 0 0 0 0 0
car 0.0 0 0 99 158 125 182 0 0 0 0 0 0 0
car 0.0 0 0 144 212 164 228 0 0 0 0 0 0 0
car 0.0 0 0 206 197 225 211 0 0 0 0 0 0 0
car 0.0 0 0 225 215 243 228 0 0 0 0 0 0 0
car 0.0 0 0 256 236 277 250 0 0 0 0 0 0 0
car 0.0 0 0 176 261 195 278 0 0 0 0 0 0 0
car 0.0 0 0 221 260 238 278 0 0 0 0 0 0 0
car 0.0 0 0 275 255 291 268 0 0 0 0 0 0 0
car 0.0 0 0 296 272 313 288 0 0 0 0 0 0 0
car 0.0 0 0 328 298 344 314 0 0 0 0 0 0 0
car 0.0 0 0 225 298 244 313 0 0 0 0 0 0 0
car 0.0 0 0 211 303 230 316 0 0 0 0 0 0 0
car 0.0 0 0 157 298 179 312 0 0 0 0 0 0 0
car 0.19354838709677424 0 0 298 327 337 352 0 0 0 0 0 0 0
car 0.5454545454545454 0 0 342 311 352 330 0 0 0 0 0 0 0
car 0.0 0 0 115 309 133 320 0 0 0 0 0 0 0
car 0.0 0 0 130 322 151 334 0 0 0 0 0 0 0
car 0.0 0 0 140 326 158 338 0 0 0 0 0 0 0
car 0.0 0 0 154 337 174 350 0 0 0 0 0 0 0
car 0.33333333333333337 0 0 164 342 183 352 0 0 0 0 0 0 0
car 0.7333333333333334 0 0 173 348 193 352 0 0 0 0 0 0 0
car 0.8666666666666667 0 0 305 350 320 352 0 0 0 0 0 0 0
car 0.875 0 0 0 172 2 186 0 0 0 0 0 0 0
car 0.5833333333333333 0 0 0 221 5 229 0 0 0 0 0 0 0
car 0.7333333333333334 0 0 0 305 4 320 0 0 0 0 0 0 0
car 0.0 0 0 2 301 17 317 0 0 0 0 0 0 0
car 0.0 0 0 288 123 311 132 0 0 0 0 0 0 0
car 0.0 0 0 300 134 326 144 0 0 0 0 0 0 0
car 0.0 0 0 311 145 340 155 0 0 0 0 0 0 0
car 0.0 0 0 319 154 349 165 0 0 0 0 0 0 0
car 0.33333333333333337 0 0 334 164 352 175 0 0 0 0 0 0 0
car 0.56 0 0 341 41 352 56 0 0 0 0 0 0 0
