car 0.09090909090909094 0 0 0 334 20 346 0 0 0 0 0 0 0
car 0.0 0 0 2 184 26 200 0 0 0 0 0 0 0
car 0.0 0 0 7 89 22 104 0 0 0 0 0 0 0
car 0.0 0 0 35 196 57 210 0 0 0 0 0 0 0
car 0.0 0 0 52 238 71 250 0 0 0 0 0 0 0
car 0.0 0 0 85 227 103 238 0 0 0 0 0 0 0
car 0.0 0 0 186 190 208 203 0 0 0 0 0 0 0
car 0.0 0 0 177 218 200 235 0 0 0 0 0 0 0
car 0.0 0 0 136 234 157 250 0 0 0 0 0 0 0
car 0.0 0 0 98 249 117 263 0 0 0 0 0 0 0
car 0.0 0 0 84 253 104 268 0 0 0 0 0 0 0
car 0.0 0 0 183 242 205 256 0 0 0 0 0 0 0
car 0.0 0 0 172 247 194 262 0 0 0 0 0 0 0
car 0.0 0 0 163 250 182 266 0 0 0 0 0 0 0
car 0.0 0 0 154 256 179 273 0 0 0 0 0 0 0
car 0.0 0 0 140 269 160 284 0 0 0 0 0 0 0
car 0.0 0 0 131 276 149 289 0 0 0 0 0 0 0
car 0.0 0 0 152 275 174 293 0 0 0 0 0 0 0
car 0.30000000000000004 0 0 0 272 14 286 0 0 0 0 0 0 0
car 0.0 0 0 173 4 192 16 0 0 0 0 0 0 0
car 0.0 0 0 229 20 253 39 0 0 0 0 0 0 0
