car 0.0 0 0 0 143 29 161 0 0 0 0 0 0 0
car 0.6086956521739131 0 0 0 147 9 162 0 0 0 0 0 0 0
car 0.0 0 0 29 160 52 177 0 0 0 0 0 0 0
car 0.0 0 0 28 174 52 191 0 0 0 0 0 0 0
car 0.0 0 0 59 179 90 198 0 0 0 0 0 0 0
car 0.0 0 0 93 199 121 219 0 0 0 0 0 0 0
car 0.0 0 0 129 221 175 252 0 0 0 0 0 0 0
car 0.0 0 0 203 95 218 114 0 0 0 0 0 0 0
car 0.0 0 0 125 79 142 93 0 0 0 0 0 0 0
car 0.0 0 0 151 96 173 111 0 0 0 0 0 0 0
car 0.0 0 0 250 113 266 134 0 0 0 0 0 0 0
car 0.0 0 0 266 116 279 137 0 0 0 0 0 0 0
car 0.0 0 0 218 101 230 118 0 0 0 0 0 0 0
