car 0.0 0 0 298 3 337 34 0 0 0 0 0 0 0
car 0.8564593301435407 0 0 342 0 352 6 0 0 0 0 0 0 0
car 0.16666666666666663 0 0 130 0 151 10 0 0 0 0 0 0 0
car 0.0 0 0 140 2 158 14 0 0 0 0 0 0 0
car 0.0 0 0 154 13 174 26 0 0 0 0 0 0 0
car 0.0 0 0 164 18 183 33 0 0 0 0 0 0 0
car 0.0 0 0 173 24 193 39 0 0 0 0 0 0 0
car 0.0 0 0 192 42 216 57 0 0 0 0 0 0 0
car 0.0 0 0 204 47 224 62 0 0 0 0 0 0 0
car 0.0 0 0 305 26 320 41 0 0 0 0 0 0 0
car 0.0 0 0 253 53 278 71 0 0 0 0 0 0 0
car 0.0 0 0 3 74 21 87 0 0 0 0 0 0 0
car 0.0 0 0 15 69 33 81 0 0 0 0 0 0 0
car 0.0 0 0 24 65 40 75 0 0 0 0 0 0 0
car 0.0 0 0 7 283 30 294 0 0 0 0 0 0 0
car 0.0 0 0 27 299 47 309 0 0 0 0 0 0 0
car 0.0 0 0 45 312 69 323 0 0 0 0 0 0 0
car 0.0 0 0 52 319 77 330 0 0 0 0 0 0 0
car 0.18181818181818177 0 0 0 335 18 349 0 0 0 0 0 0 0
car 0.0 0 0 58 184 79 200 0 0 0 0 0 0 0
car 0.0 0 0 75 173 100 189 0 0 0 0 0 0 0
car 0.0 0 0 95 164 118 179 0 0 0 0 0 0 0
car 0.0 0 0 119 153 144 167 0 0 0 0 0 0 0
car 0.0 0 0 77 199 96 212 0 0 0 0 0 0 0
car 0.0 0 0 89 211 111 224 0 0 0 0 0 0 0
car 0.0 0 0 117 222 137 234 0 0 0 0 0 0 0
car 0.0 0 0 125 230 144 241 0 0 0 0 0 0 0
car 0.0 0 0 135 234 151 245 0 0 0 0 0 0 0
car 0.0 0 0 140 241 161 251 0 0 0 0 0 0 0
car 0.0 0 0 149 245 169 260 0 0 0 0 0 0 0
car 0.0 0 0 158 252 176 263 0 0 0 0 0 0 0
car 0.0 0 0 162 260 184 272 0 0 0 0 0 0 0
car 0.0 0 0 173 266 188 279 0 0 0 0 0 0 0
car 0.0 0 0 179 273 199 285 0 0 0 0 0 0 0
car 0.0 0 0 187 278 207 293 0 0 0 0 0 0 0
car 0.0 0 0 135 214 153 226 0 0 0 0 0 0 0
car 0.0 0 0 143 217 162 232 0 0 0 0 0 0 0
car 0.0 0 0 148 222 169 238 0 0 0 0 0 0 0
car 0.0 0 0 155 229 175 241 0 0 0 0 0 0 0
car 0.0 0 0 170 242 187 252 0 0 0 0 0 0 0
car 0.0 0 0 176 246 196 260 0 0 0 0 0 0 0
car 0.0 0 0 183 253 201 264 0 0 0 0 0 0 0
car 0.0 0 0 197 263 216 276 0 0 0 0 0 0 0
car 0.0 0 0 206 267 224 283 0 0 0 0 0 0 0
car 0.0 0 0 161 192 183 206 0 0 0 0 0 0 0
car 0.0 0 0 174 198 191 212 0 0 0 0 0 0 0
car 0.0 0 0 191 191 210 203 0 0 0 0 0 0 0
car 0.0 0 0 187 208 204 221 0 0 0 0 0 0 0
car 0.0 0 0 192 215 210 227 0 0 0 0 0 0 0
car 0.0 0 0 200 222 217 233 0 0 0 0 0 0 0
car 0.0 0 0 207 225 227 239 0 0 0 0 0 0 0
car 0.0 0 0 213 231 233 244 0 0 0 0 0 0 0
car 0.0 0 0 222 236 241 248 0 0 0 0 0 0 0
car 0.0 0 0 229 242 248 255 0 0 0 0 0 0 0
car 0.0 0 0 247 233 268 250 0 0 0 0 0 0 0
car 0.0 0 0 230 220 247 234 0 0 0 0 0 0 0
car 0.0 0 0 222 214 243 226 0 0 0 0 0 0 0
car 0.0 0 0 272 222 292 234 0 0 0 0 0 0 0
car 0.0 0 0 296 240 316 258 0 0 0 0 0 0 0
car 0.0 0 0 279 256 296 272 0 0 0 0 0 0 0
car 0.0 0 0 268 262 286 280 0 0 0 0 0 0 0
car 0.0 0 0 259 270 278 286 0 0 0 0 0 0 0
car 0.0 0 0 302 334 314 350 0 0 0 0 0 0 0
car 0.0 0 0 329 80 349 92 0 0 0 0 0 0 0
car 0.0 0 0 250 88 274 103 0 0 0 0 0 0 0
car 0.0 0 0 261 96 281 107 0 0 0 0 0 0 0
car 0.0 0 0 267 102 287 114 0 0 0 0 0 0 0
car 0.0 0 0 271 110 291 121 0 0 0 0 0 0 0
car 0.0 0 0 285 120 309 136 0 0 0 0 0 0 0
car 0.0 0 0 299 128 318 140 0 0 0 0 0 0 0
car 0.0 0 0 181 104 205 123 0 0 0 0 0 0 0
