car 0.0 0 0 208 19 232 28 0 0 0 0 0 0 0
car 0.0 0 0 211 28 233 37 0 0 0 0 0 0 0
car 0.0 0 0 261 21 277 37 0 0 0 0 0 0 0
car 0.0 0 0 211 37 235 45 0 0 0 0 0 0 0
car 0.0 0 0 212 44 233 53 0 0 0 0 0 0 0
car 0.0 0 0 258 58 272 75 0 0 0 0 0 0 0
car 0.0 0 0 248 76 263 93 0 0 0 0 0 0 0
car 0.0 0 0 298 90 312 107 0 0 0 0 0 0 0
car 0.0 0 0 215 105 236 118 0 0 0 0 0 0 0
car 0.0 0 0 65 159 85 173 0 0 0 0 0 0 0
car 0.0 0 0 132 192 151 204 0 0 0 0 0 0 0
car 0.0 0 0 117 203 138 215 0 0 0 0 0 0 0
car 0.0 0 0 56 203 73 221 0 0 0 0 0 0 0
car 0.0 0 0 2 211 17 226 0 0 0 0 0 0 0
