car 0.7692307692307692 0 0 69 0 91 3 0 0 0 0 0 0 0
car 0.25 0 0 185 0 208 12 0 0 0 0 0 0 0
car 0.6666666666666667 0 0 0 263 6 278 0 0 0 0 0 0 0
car 0.5333333333333333 0 0 0 214 7 228 0 0 0 0 0 0 0
car 0.0 0 0 41 250 61 271 0 0 0 0 0 0 0
car 0.0 0 0 55 258 75 276 0 0 0 0 0 0 0
car 0.0 0 0 67 267 85 284 0 0 0 0 0 0 0
car 0.0 0 0 80 271 96 288 0 0 0 0 0 0 0
car 0.0 0 0 21 142 38 158 0 0 0 0 0 0 0
car 0.0 0 0 29 152 49 169 0 0 0 0 0 0 0
car 0.0 0 0 60 168 74 184 0 0 0 0 0 0 0
car 0.0 0 0 124 162 137 180 0 0 0 0 0 0 0
car 0.0 0 0 113 157 127 173 0 0 0 0 0 0 0
car 0.0 0 0 104 151 117 165 0 0 0 0 0 0 0
car 0.0 0 0 94 145 108 159 0 0 0 0 0 0 0
car 0.0 0 0 84 137 101 151 0 0 0 0 0 0 0
car 0.0 0 0 75 130 92 145 0 0 0 0 0 0 0
car 0.0 0 0 137 168 149 183 0 0 0 0 0 0 0
car 0.0 0 0 55 113 76 130 0 0 0 0 0 0 0
car 0.0 0 0 12 113 35 128 0 0 0 0 0 0 0
car 0.0 0 0 4 119 26 135 0 0 0 0 0 0 0
car 0.0 0 0 71 99 93 115 0 0 0 0 0 0 0
car 0.0 0 0 82 108 100 121 0 0 0 0 0 0 0
car 0.0 0 0 87 112 107 127 0 0 0 0 0 0 0
car 0.0 0 0 97 119 115 131 0 0 0 0 0 0 0
car 0.0 0 0 106 124 122 137 0 0 0 0 0 0 0
car 0.0 0 0 113 130 130 143 0 0 0 0 0 0 0
car 0.0 0 0 119 136 139 148 0 0 0 0 0 0 0
car 0.0 0 0 126 142 145 153 0 0 0 0 0 0 0
car 0.0 0 0 133 146 151 160 0 0 0 0 0 0 0
car 0.0 0 0 140 151 157 163 0 0 0 0 0 0 0
car 0.0 0 0 147 156 165 169 0 0 0 0 0 0 0
car 0.0 0 0 155 162 171 175 0 0 0 0 0 0 0
car 0.0 0 0 161 167 177 181 0 0 0 0 0 0 0
car 0.0 0 0 169 172 184 184 0 0 0 0 0 0 0
car 0.0 0 0 173 178 192 191 0 0 0 0 0 0 0
car 0.0 0 0 154 141 173 155 0 0 0 0 0 0 0
car 0.0 0 0 160 192 180 206 0 0 0 0 0 0 0
car 0.0 0 0 221 192 241 207 0 0 0 0 0 0 0
car 0.0 0 0 87 210 112 232 0 0 0 0 0 0 0
car 0.0 0 0 187 189 206 201 0 0 0 0 0 0 0
car 0.0 0 0 191 194 213 209 0 0 0 0 0 0 0
car 0.0 0 0 199 199 221 214 0 0 0 0 0 0 0
car 0.0 0 0 125 230 151 254 0 0 0 0 0 0 0
car 0.0 0 0 186 212 200 222 0 0 0 0 0 0 0
car 0.0 0 0 165 237 185 250 0 0 0 0 0 0 0
car 0.0 0 0 207 206 229 219 0 0 0 0 0 0 0
car 0.0 0 0 215 210 235 224 0 0 0 0 0 0 0
car 0.0 0 0 226 215 244 228 0 0 0 0 0 0 0
car 0.0 0 0 208 224 227 237 0 0 0 0 0 0 0
car 0.0 0 0 198 221 217 235 0 0 0 0 0 0 0
car 0.0 0 0 142 241 158 255 0 0 0 0 0 0 0
car 0.0 0 0 152 244 169 260 0 0 0 0 0 0 0
car 0.0 0 0 161 251 180 267 0 0 0 0 0 0 0
car 0.0 0 0 137 254 157 269 0 0 0 0 0 0 0
car 0.0 0 0 268 190 290 205 0 0 0 0 0 0 0
car 0.0 0 0 262 186 280 199 0 0 0 0 0 0 0
car 0.0 0 0 253 179 273 193 0 0 0 0 0 0 0
car 0.0 0 0 243 173 263 188 0 0 0 0 0 0 0
car 0.0 0 0 236 168 255 182 0 0 0 0 0 0 0
car 0.0 0 0 282 178 301 187 0 0 0 0 0 0 0
car 0.0 0 0 268 169 291 180 0 0 0 0 0 0 0
car 0.0 0 0 253 161 277 170 0 0 0 0 0 0 0
car 0.0 0 0 243 150 265 159 0 0 0 0 0 0 0
car 0.0 0 0 226 137 246 147 0 0 0 0 0 0 0
car 0.0 0 0 210 126 231 135 0 0 0 0 0 0 0
car 0.0 0 0 192 116 215 125 0 0 0 0 0 0 0
car 0.0 0 0 180 106 203 114 0 0 0 0 0 0 0
car 0.0 0 0 253 109 272 123 0 0 0 0 0 0 0
car 0.0 0 0 262 119 279 130 0 0 0 0 0 0 0
car 0.0 0 0 270 123 289 137 0 0 0 0 0 0 0
car 0.0 0 0 282 130 301 143 0 0 0 0 0 0 0
car 0.0 0 0 291 136 310 150 0 0 0 0 0 0 0
car 0.0 0 0 299 143 320 157 0 0 0 0 0 0 0
car 0.0 0 0 228 162 248 175 0 0 0 0 0 0 0
car 0.0 0 0 222 156 240 169 0 0 0 0 0 0 0
car 0.0 0 0 214 147 236 164 0 0 0 0 0 0 0
car 0.0 0 0 205 143 226 157 0 0 0 0 0 0 0
car 0.0 0 0 198 137 217 150 0 0 0 0 0 0 0
car 0.0 0 0 190 132 207 145 0 0 0 0 0 0 0
car 0.0 0 0 182 125 200 138 0 0 0 0 0 0 0
car 0.0 0 0 173 119 190 133 0 0 0 0 0 0 0
car 0.0 0 0 163 112 183 126 0 0 0 0 0 0 0
car 0.0 0 0 147 101 169 116 0 0 0 0 0 0 0
car 0.0 0 0 156 87 178 103 0 0 0 0 0 0 0
car 0.0 0 0 138 99 156 114 0 0 0 0 0 0 0
car 0.0 0 0 230 93 249 107 0 0 0 0 0 0 0
car 0.0 0 0 105 94 126 110 0 0 0 0 0 0 0
car 0.0 0 0 192 65 212 79 0 0 0 0 0 0 0
car 0.0 0 0 147 68 157 82 0 0 0 0 0 0 0
car 0.0 0 0 107 63 125 77 0 0 0 0 0 0 0
car 0.0 0 0 125 87 143 100 0 0 0 0 0 0 0
car 0.0 0 0 132 94 150 107 0 0 0 0 0 0 0
car 0.0 0 0 118 80 138 94 0 0 0 0 0 0 0
car 0.0 0 0 182 64 199 76 0 0 0 0 0 0 0
car 0.0 0 0 206 79 232 96 0 0 0 0 0 0 0
car 0.0 0 0 317 155 338 168 0 0 0 0 0 0 0
car 0.0 0 0 331 163 349 175 0 0 0 0 0 0 0
car 0.0 0 0 221 247 237 262 0 0 0 0 0 0 0
car 0.0 0 0 209 253 224 268 0 0 0 0 0 0 0
car 0.0 0 0 194 262 215 279 0 0 0 0 0 0 0
car 0.0 0 0 168 282 188 297 0 0 0 0 0 0 0
car 0.0 0 0 189 282 206 292 0 0 0 0 0 0 0
car 0.0 0 0 195 293 216 308 0 0 0 0 0 0 0
car 0.0 0 0 187 299 204 311 0 0 0 0 0 0 0
car 0.0 0 0 174 289 192 303 0 0 0 0 0 0 0
car 0.0 0 0 174 306 190 318 0 0 0 0 0 0 0
car 0.0 0 0 164 312 186 328 0 0 0 0 0 0 0
car 0.0 0 0 178 330 201 346 0 0 0 0 0 0 0
car 0.0 0 0 154 316 173 330 0 0 0 0 0 0 0
car 0.0 0 0 148 321 169 339 0 0 0 0 0 0 0
car 0.0 0 0 140 327 162 343 0 0 0 0 0 0 0
car 0.0 0 0 132 333 151 346 0 0 0 0 0 0 0
car 0.0 0 0 104 301 126 317 0 0 0 0 0 0 0
car 0.0 0 0 94 307 114 321 0 0 0 0 0 0 0
car 0.0 0 0 89 314 110 329 0 0 0 0 0 0 0
car 0.0 0 0 71 305 90 318 0 0 0 0 0 0 0
car 0.0 0 0 81 321 100 335 0 0 0 0 0 0 0
car 0.0 0 0 62 310 81 324 0 0 0 0 0 0 0
car 0.0 0 0 58 333 82 351 0 0 0 0 0 0 0
car 0.0 0 0 10 335 33 351 0 0 0 0 0 0 0
car 0.11904761904761907 0 0 39 0 114 37 0 0 0 0 0 0 0
car 0.0 0 0 125 118 153 138 0 0 0 0 0 0 0
car 0.0 0 0 22 324 54 346 0 0 0 0 0 0 0
car 0.0 0 0 149 84 166 99 0 0 0 0 0 0 0
