car 0.0 0 0 3 73 29 84 0 0 0 0 0 0 0
car 0.47619047619047616 0 0 0 114 11 130 0 0 0 0 0 0 0
car 0.5 0 0 0 180 12 193 0 0 0 0 0 0 0
car 0.0 0 0 86 207 105 221 0 0 0 0 0 0 0
car 0.0 0 0 269 96 288 109 0 0 0 0 0 0 0
car 0.33333333333333337 0 0 336 142 352 156 0 0 0 0 0 0 0
car 0.0 0 0 301 56 323 68 0 0 0 0 0 0 0
car 0.875 0 0 349 49 352 61 0 0 0 0 0 0 0
car 0.0 0 0 169 14 191 30 0 0 0 0 0 0 0
car 0.09090909090909094 0 0 295 0 318 10 0 0 0 0 0 0 0
car 0.6666666666666667 0 0 54 0 70 3 0 0 0 0 0 0 0
car 0.0 0 0 216 45 235 59 0 0 0 0 0 0 0
car 0.0 0 0 92 25 118 37 0 0 0 0 0 0 0
car 0.0 0 0 231 302 256 321 0 0 0 0 0 0 0
car 0.5555555555555556 0 0 128 344 138 352 0 0 0 0 0 0 0
car 0.8024691358024691 0 0 0 28 16 42 0 0 0 0 0 0 0
car 0.0 0 0 252 64 273 78 0 0 0 0 0 0 0
