car 0.0 0 0 89 72 113 87 0 0 0 0 0 0 0
car 0.0 0 0 62 137 86 151 0 0 0 0 0 0 0
car 0.0 0 0 110 153 135 164 0 0 0 0 0 0 0
car 0.0 0 0 211 99 233 109 0 0 0 0 0 0 0
car 0.0 0 0 178 163 201 174 0 0 0 0 0 0 0
car 0.0 0 0 235 167 260 178 0 0 0 0 0 0 0
car 0.0 0 0 246 70 270 83 0 0 0 0 0 0 0
car 0.0 0 0 297 162 322 174 0 0 0 0 0 0 0
car 0.5 0 0 339 169 352 182 0 0 0 0 0 0 0
car 0.47619047619047616 0 0 212 0 225 11 0 0 0 0 0 0 0
car 0.0 0 0 212 12 222 27 0 0 0 0 0 0 0
car 0.8333333333333334 0 0 349 326 352 344 0 0 0 0 0 0 0
car 0.9090909090909091 0 0 350 304 352 317 0 0 0 0 0 0 0
car 0.0 0 0 259 240 275 259 0 0 0 0 0 0 0
car 0.0 0 0 275 234 290 253 0 0 0 0 0 0 0
car 0.0 0 0 205 242 227 253 0 0 0 0 0 0 0
car 0.0 0 0 185 257 208 278 0 0 0 0 0 0 0
