car 0.1875 0 0 165 0 184 13 0 0 0 0 0 0 0
car 0.0 0 0 168 20 182 35 0 0 0 0 0 0 0
car 0.0 0 0 110 12 126 26 0 0 0 0 0 0 0
car 0.0 0 0 108 28 126 45 0 0 0 0 0 0 0
car 0.0 0 0 108 46 128 61 0 0 0 0 0 0 0
car 0.0 0 0 165 40 182 57 0 0 0 0 0 0 0
car 0.0 0 0 165 65 180 81 0 0 0 0 0 0 0
car 0.0 0 0 106 91 125 107 0 0 0 0 0 0 0
car 0.0 0 0 166 138 184 158 0 0 0 0 0 0 0
car 0.0 0 0 126 156 149 168 0 0 0 0 0 0 0
car 0.0 0 0 124 168 149 179 0 0 0 0 0 0 0
car 0.0 0 0 130 179 153 189 0 0 0 0 0 0 0
car 0.0 0 0 99 183 126 195 0 0 0 0 0 0 0
car 0.0 0 0 138 193 159 203 0 0 0 0 0 0 0
car 0.0 0 0 95 196 117 207 0 0 0 0 0 0 0
car 0.0 0 0 169 212 193 223 0 0 0 0 0 0 0
car 0.0 0 0 144 203 170 214 0 0 0 0 0 0 0
car 0.0 0 0 136 210 161 220 0 0 0 0 0 0 0
car 0.0 0 0 135 218 159 228 0 0 0 0 0 0 0
car 0.0 0 0 63 216 85 228 0 0 0 0 0 0 0
car 0.0 0 0 66 238 93 248 0 0 0 0 0 0 0
car 0.0 0 0 24 306 48 316 0 0 0 0 0 0 0
car 0.0 0 0 83 319 106 329 0 0 0 0 0 0 0
car 0.0 0 0 113 278 140 288 0 0 0 0 0 0 0
car 0.0 0 0 109 301 130 312 0 0 0 0 0 0 0
car 0.0 0 0 138 289 160 300 0 0 0 0 0 0 0
car 0.0 0 0 166 322 188 332 0 0 0 0 0 0 0
car 0.0 0 0 159 303 183 315 0 0 0 0 0 0 0
car 0.0 0 0 202 314 224 324 0 0 0 0 0 0 0
car 0.0 0 0 294 284 319 294 0 0 0 0 0 0 0
car 0.0 0 0 191 241 219 253 0 0 0 0 0 0 0
car 0.449438202247191 0 0 303 321 352 333 0 0 0 0 0 0 0
