car 0.0 0 0 0 134 22 145 0 0 0 0 0 0 0
car 0.0 0 0 53 146 78 160 0 0 0 0 0 0 0
car 0.0 0 0 60 163 85 177 0 0 0 0 0 0 0
car 0.0 0 0 109 164 131 176 0 0 0 0 0 0 0
car 0.0 0 0 148 176 171 189 0 0 0 0 0 0 0
car 0.0 0 0 129 183 152 197 0 0 0 0 0 0 0
car 0.0 0 0 237 208 272 225 0 0 0 0 0 0 0
car 0.0 0 0 245 223 267 236 0 0 0 0 0 0 0
car 0.0 0 0 289 235 314 252 0 0 0 0 0 0 0
car 0.125 0 0 169 338 191 352 0 0 0 0 0 0 0
car 0.0 0 0 295 323 318 334 0 0 0 0 0 0 0
car 0.0 0 0 50 304 77 316 0 0 0 0 0 0 0
car 0.0 0 0 54 318 70 327 0 0 0 0 0 0 0
car 0.75 0 0 92 349 118 352 0 0 0 0 0 0 0
car 0.0 0 0 67 269 88 282 0 0 0 0 0 0 0
car 0.0 0 0 43 272 63 286 0 0 0 0 0 0 0
car 0.0 0 0 3 243 31 261 0 0 0 0 0 0 0
car 0.0 0 0 217 309 241 318 0 0 0 0 0 0 0
