car 0.040000000000000036 0 0 0 33 24 46 0 0 0 0 0 0 0
car 0.0 0 0 152 48 175 60 0 0 0 0 0 0 0
car 0.0 0 0 265 52 309 68 0 0 0 0 0 0 0
car 0.16666666666666663 0 0 58 0 93 10 0 0 0 0 0 0 0
car 0.0 0 0 4 78 29 89 0 0 0 0 0 0 0
car 0.0 0 0 38 90 62 100 0 0 0 0 0 0 0
car 0.0 0 0 136 76 155 87 0 0 0 0 0 0 0
car 0.0 0 0 87 104 127 112 0 0 0 0 0 0 0
car 0.0 0 0 203 86 225 99 0 0 0 0 0 0 0
car 0.0 0 0 215 98 235 108 0 0 0 0 0 0 0
car 0.0 0 0 69 314 91 327 0 0 0 0 0 0 0
car 0.0 0 0 273 260 293 275 0 0 0 0 0 0 0
car 0.0 0 0 173 261 201 276 0 0 0 0 0 0 0
car 0.0 0 0 260 230 279 242 0 0 0 0 0 0 0
car 0.0 0 0 300 219 328 235 0 0 0 0 0 0 0
car 0.0 0 0 300 206 325 222 0 0 0 0 0 0 0
car 0.0 0 0 185 320 208 336 0 0 0 0 0 0 0
car 0.0 0 0 22 23 109 38 0 0 0 0 0 0 0
car 0.2142857142857143 0 0 39 319 114 352 0 0 0 0 0 0 0
