car 0.65 0 0 333 0 351 7 0 0 0 0 0 0 0
car 0.6111111111111112 0 0 316 0 331 7 0 0 0 0 0 0 0
car 0.0 0 0 245 0 267 11 0 0 0 0 0 0 0
car 0.2666666666666667 0 0 176 0 193 11 0 0 0 0 0 0 0
car 0.6363636363636364 0 0 36 0 59 4 0 0 0 0 0 0 0
car 0.0 0 0 35 4 62 15 0 0 0 0 0 0 0
car 0.0 0 0 1 23 17 39 0 0 0 0 0 0 0
car 0.17647058823529416 0 0 0 68 14 85 0 0 0 0 0 0 0
car 0.0 0 0 115 84 133 101 0 0 0 0 0 0 0
car 0.0 0 0 172 83 190 98 0 0 0 0 0 0 0
car 0.0 0 0 114 104 134 121 0 0 0 0 0 0 0
car 0.0 0 0 172 100 190 117 0 0 0 0 0 0 0
car 0.0 0 0 169 117 190 133 0 0 0 0 0 0 0
car 0.0 0 0 130 140 152 155 0 0 0 0 0 0 0
car 0.0 0 0 113 158 132 175 0 0 0 0 0 0 0
car 0.0 0 0 173 138 188 154 0 0 0 0 0 0 0
car 0.0 0 0 171 159 187 174 0 0 0 0 0 0 0
car 0.0 0 0 170 174 188 191 0 0 0 0 0 0 0
car 0.0 0 0 168 195 187 212 0 0 0 0 0 0 0
car 0.0 0 0 112 199 130 215 0 0 0 0 0 0 0
car 0.0 0 0 110 215 130 232 0 0 0 0 0 0 0
car 0.0 0 0 111 233 128 246 0 0 0 0 0 0 0
car 0.0 0 0 169 244 185 260 0 0 0 0 0 0 0
car 0.0 0 0 111 267 130 286 0 0 0 0 0 0 0
car 0.0 0 0 167 263 184 280 0 0 0 0 0 0 0
car 0.0 0 0 168 283 182 298 0 0 0 0 0 0 0
car 0.0 0 0 108 286 126 301 0 0 0 0 0 0 0
car 0.0 0 0 168 303 184 319 0 0 0 0 0 0 0
car 0.0 0 0 165 321 184 337 0 0 0 0 0 0 0
car 0.0 0 0 109 304 125 319 0 0 0 0 0 0 0
car 0.4666666666666667 0 0 168 344 182 352 0 0 0 0 0 0 0
car 0.0 0 0 110 336 126 350 0 0 0 0 0 0 0
car 0.0 0 0 171 219 183 242 0 0 0 0 0 0 0
