car 0.0 0 0 271 145 296 156 0 0 0 0 0 0 0
car 0.0 0 0 274 163 295 172 0 0 0 0 0 0 0
car 0.0 0 0 274 172 292 179 0 0 0 0 0 0 0
car 0.0 0 0 274 179 293 186 0 0 0 0 0 0 0
car 0.09090909090909094 0 0 332 195 352 204 0 0 0 0 0 0 0
car 0.0 0 0 322 197 332 213 0 0 0 0 0 0 0
car 0.0 0 0 331 243 350 252 0 0 0 0 0 0 0
car 0.0 0 0 333 259 351 266 0 0 0 0 0 0 0
car 0.0 0 0 332 251 350 259 0 0 0 0 0 0 0
car 0.04761904761904767 0 0 332 220 352 228 0 0 0 0 0 0 0
car 0.17391304347826086 0 0 333 228 352 236 0 0 0 0 0 0 0
car 0.0 0 0 177 117 187 131 0 0 0 0 0 0 0
car 0.0 0 0 191 115 201 128 0 0 0 0 0 0 0
car 0.0 0 0 205 115 214 127 0 0 0 0 0 0 0
car 0.0 0 0 218 115 226 127 0 0 0 0 0 0 0
car 0.0 0 0 202 77 223 92 0 0 0 0 0 0 0
car 0.0 0 0 298 113 315 126 0 0 0 0 0 0 0
car 0.0 0 0 271 95 291 113 0 0 0 0 0 0 0
car 0.0 0 0 230 68 249 84 0 0 0 0 0 0 0
car 0.0 0 0 224 63 241 78 0 0 0 0 0 0 0
car 0.0 0 0 213 56 234 70 0 0 0 0 0 0 0
car 0.0 0 0 186 38 207 53 0 0 0 0 0 0 0
car 0.0 0 0 155 79 176 90 0 0 0 0 0 0 0
car 0.0 0 0 135 57 159 67 0 0 0 0 0 0 0
car 0.0 0 0 156 90 179 99 0 0 0 0 0 0 0
car 0.0 0 0 135 40 160 50 0 0 0 0 0 0 0
car 0.0 0 0 128 20 138 38 0 0 0 0 0 0 0
car 0.0 0 0 136 270 146 290 0 0 0 0 0 0 0
car 0.0 0 0 123 268 134 285 0 0 0 0 0 0 0
car 0.0 0 0 109 268 119 284 0 0 0 0 0 0 0
car 0.0 0 0 91 267 103 283 0 0 0 0 0 0 0
car 0.0 0 0 78 266 89 284 0 0 0 0 0 0 0
car 0.0 0 0 159 301 183 310 0 0 0 0 0 0 0
car 0.3529411764705882 0 0 0 271 11 287 0 0 0 0 0 0 0
car 0.0 0 0 0 168 12 186 0 0 0 0 0 0 0
car 0.0 0 0 26 185 46 201 0 0 0 0 0 0 0
car 0.0 0 0 0 147 12 167 0 0 0 0 0 0 0
car 0.0 0 0 203 336 227 347 0 0 0 0 0 0 0
