car 0.5294117647058824 0 0 163 0 184 8 0 0 0 0 0 0 0
car 0.0 0 0 225 31 246 46 0 0 0 0 0 0 0
car 0.0 0 0 212 43 231 56 0 0 0 0 0 0 0
car 0.0 0 0 292 79 316 96 0 0 0 0 0 0 0
car 0.0 0 0 240 340 254 351 0 0 0 0 0 0 0
car 0.0 0 0 231 331 247 345 0 0 0 0 0 0 0
car 0.0 0 0 222 328 237 342 0 0 0 0 0 0 0
car 0.0 0 0 213 321 226 333 0 0 0 0 0 0 0
car 0.0 0 0 265 311 288 326 0 0 0 0 0 0 0
car 0.0 0 0 277 317 297 331 0 0 0 0 0 0 0
car 0.0 0 0 285 322 306 336 0 0 0 0 0 0 0
car 0.0 0 0 295 328 313 340 0 0 0 0 0 0 0
car 0.0 0 0 147 275 158 294 0 0 0 0 0 0 0
car 0.0 0 0 135 275 145 292 0 0 0 0 0 0 0
car 0.0 0 0 123 274 134 291 0 0 0 0 0 0 0
car 0.0 0 0 111 271 121 288 0 0 0 0 0 0 0
car 0.0 0 0 116 159 134 171 0 0 0 0 0 0 0
car 0.0 0 0 28 152 48 168 0 0 0 0 0 0 0
car 0.0 0 0 47 162 66 178 0 0 0 0 0 0 0
car 0.0 0 0 62 173 81 186 0 0 0 0 0 0 0
car 0.0 0 0 70 178 90 193 0 0 0 0 0 0 0
car 0.0 0 0 80 185 98 198 0 0 0 0 0 0 0
car 0.0 0 0 88 190 106 204 0 0 0 0 0 0 0
car 0.0 0 0 95 197 114 211 0 0 0 0 0 0 0
car 0.0 0 0 106 203 124 216 0 0 0 0 0 0 0
car 0.0 0 0 113 209 134 224 0 0 0 0 0 0 0
car 0.0 0 0 131 219 155 233 0 0 0 0 0 0 0
car 0.0 0 0 142 226 158 237 0 0 0 0 0 0 0
car 0.0 0 0 149 231 165 241 0 0 0 0 0 0 0
car 0.0 0 0 157 236 172 247 0 0 0 0 0 0 0
car 0.0 0 0 97 237 107 254 0 0 0 0 0 0 0
car 0.0 0 0 84 240 94 259 0 0 0 0 0 0 0
car 0.0 0 0 70 240 81 256 0 0 0 0 0 0 0
car 0.0 0 0 57 240 68 256 0 0 0 0 0 0 0
car 0.0 0 0 73 224 83 239 0 0 0 0 0 0 0
car 0.0 0 0 60 224 71 240 0 0 0 0 0 0 0
car 0.0 0 0 99 274 109 290 0 0 0 0 0 0 0
car 0.0 0 0 87 273 98 293 0 0 0 0 0 0 0
car 0.0 0 0 63 275 73 291 0 0 0 0 0 0 0
car 0.0 0 0 8 195 30 204 0 0 0 0 0 0 0
car 0.19999999999999996 0 0 0 197 8 213 0 0 0 0 0 0 0
car 0.0 0 0 50 273 60 289 0 0 0 0 0 0 0
car 0.0 0 0 45 292 67 301 0 0 0 0 0 0 0
car 0.0 0 0 7 243 26 252 0 0 0 0 0 0 0
car 0.0 0 0 9 259 27 266 0 0 0 0 0 0 0
car 0.0 0 0 8 251 26 259 0 0 0 0 0 0 0
car 0.0 0 0 38 275 47 291 0 0 0 0 0 0 0
car 0.0 0 0 8 220 29 228 0 0 0 0 0 0 0
car 0.0 0 0 9 228 32 236 0 0 0 0 0 0 0
