car 0.0 0 0 81 111 104 123 0 0 0 0 0 0 0
car 0.0 0 0 70 68 95 80 0 0 0 0 0 0 0
car 0.0 0 0 98 69 125 80 0 0 0 0 0 0 0
car 0.0 0 0 138 70 165 81 0 0 0 0 0 0 0
car 0.0 0 0 174 70 199 80 0 0 0 0 0 0 0
car 0.0 0 0 202 71 225 82 0 0 0 0 0 0 0
car 0.0 0 0 281 71 304 82 0 0 0 0 0 0 0
car 0.038461538461538436 0 0 327 73 352 84 0 0 0 0 0 0 0
car 0.0 0 0 115 111 138 120 0 0 0 0 0 0 0
car 0.0 0 0 153 113 178 123 0 0 0 0 0 0 0
car 0.0 0 0 185 119 209 129 0 0 0 0 0 0 0
car 0.0 0 0 314 114 335 130 0 0 0 0 0 0 0
car 0.0 0 0 235 87 275 103 0 0 0 0 0 0 0
car 0.0 0 0 228 69 275 82 0 0 0 0 0 0 0
car 0.0 0 0 290 162 313 178 0 0 0 0 0 0 0
car 0.0 0 0 312 180 336 193 0 0 0 0 0 0 0
car 0.0 0 0 274 14 296 23 0 0 0 0 0 0 0
car 0.0 0 0 178 327 189 346 0 0 0 0 0 0 0
car 0.0 0 0 137 326 149 344 0 0 0 0 0 0 0
car 0.0 0 0 259 28 340 42 0 0 0 0 0 0 0
