car 1.0 0 0 39 0 60 0 0 0 0 0 0 0 0
car 0.36363636363636365 0 0 95 0 120 7 0 0 0 0 0 0 0
car 0.8333333333333334 0 0 160 0 184 2 0 0 0 0 0 0 0
car 0.5 0 0 200 0 224 6 0 0 0 0 0 0 0
car 0.0 0 0 213 6 237 17 0 0 0 0 0 0 0
car 0.0 0 0 161 10 184 21 0 0 0 0 0 0 0
car 0.0 0 0 158 20 181 29 0 0 0 0 0 0 0
car 0.0 0 0 201 33 225 43 0 0 0 0 0 0 0
car 0.18181818181818177 0 0 334 29 352 39 0 0 0 0 0 0 0
car 0.7777777777777778 0 0 320 0 345 2 0 0 0 0 0 0 0
car 0.0 0 0 17 85 43 95 0 0 0 0 0 0 0
car 0.0 0 0 147 86 170 96 0 0 0 0 0 0 0
car 0.0 0 0 71 76 102 87 0 0 0 0 0 0 0
car 0.0 0 0 189 78 214 89 0 0 0 0 0 0 0
car 0.0 0 0 262 94 284 104 0 0 0 0 0 0 0
car 0.0 0 0 319 53 342 63 0 0 0 0 0 0 0
car 0.0 0 0 323 109 351 122 0 0 0 0 0 0 0
car 0.0 0 0 285 215 296 231 0 0 0 0 0 0 0
car 0.0 0 0 264 216 274 233 0 0 0 0 0 0 0
car 0.0 0 0 240 215 250 231 0 0 0 0 0 0 0
car 0.0 0 0 152 213 164 231 0 0 0 0 0 0 0
car 0.0 0 0 168 214 178 229 0 0 0 0 0 0 0
car 0.0 0 0 212 314 225 335 0 0 0 0 0 0 0
car 0.0 0 0 212 336 222 351 0 0 0 0 0 0 0
car 0.0 0 0 63 251 89 260 0 0 0 0 0 0 0
car 0.0 0 0 42 247 61 261 0 0 0 0 0 0 0
car 0.0 0 0 31 241 52 255 0 0 0 0 0 0 0
car 0.0 0 0 21 235 40 250 0 0 0 0 0 0 0
car 0.0 0 0 20 255 41 273 0 0 0 0 0 0 0
car 0.0 0 0 132 0 161 12 0 0 0 0 0 0 0
