car 0.0 0 0 318 271 335 287 0 0 0 0 0 0 0
car 0.0 0 0 304 274 320 291 0 0 0 0 0 0 0
car 0.0 0 0 254 274 272 294 0 0 0 0 0 0 0
car 0.0 0 0 241 275 257 295 0 0 0 0 0 0 0
car 0.0 0 0 225 276 242 295 0 0 0 0 0 0 0
car 0.0 0 0 275 308 300 318 0 0 0 0 0 0 0
car 0.0 0 0 249 309 271 320 0 0 0 0 0 0 0
car 0.0 0 0 219 310 241 320 0 0 0 0 0 0 0
car 0.0 0 0 286 209 296 224 0 0 0 0 0 0 0
car 0.0 0 0 263 210 273 226 0 0 0 0 0 0 0
car 0.0 0 0 251 210 261 226 0 0 0 0 0 0 0
car 0.0 0 0 324 168 336 186 0 0 0 0 0 0 0
car 0.9 0 0 350 185 352 201 0 0 0 0 0 0 0
car 0.0 0 0 324 147 336 167 0 0 0 0 0 0 0
car 0.0 0 0 303 145 312 162 0 0 0 0 0 0 0
car 0.0 0 0 290 141 300 158 0 0 0 0 0 0 0
car 0.0 0 0 277 142 287 160 0 0 0 0 0 0 0
car 0.0 0 0 178 3 189 22 0 0 0 0 0 0 0
car 0.0 0 0 137 2 149 20 0 0 0 0 0 0 0
