car 0.0 0 0 49 295 72 306 0 0 0 0 0 0 0
car 0.0 0 0 186 93 212 106 0 0 0 0 0 0 0
car 0.0 0 0 274 124 298 135 0 0 0 0 0 0 0
car 0.0 0 0 324 134 346 145 0 0 0 0 0 0 0
car 0.0 0 0 186 141 207 155 0 0 0 0 0 0 0
car 0.0 0 0 191 133 222 152 0 0 0 0 0 0 0
car 0.0 0 0 242 99 318 129 0 0 0 0 0 0 0
car 0.0 0 0 274 338 296 347 0 0 0 0 0 0 0
car 0.0 0 0 120 309 158 322 0 0 0 0 0 0 0
car 0.1071428571428571 0 0 327 243 352 261 0 0 0 0 0 0 0
car 0.0 0 0 283 213 307 228 0 0 0 0 0 0 0
car 0.0 0 0 290 198 310 212 0 0 0 0 0 0 0
car 0.0 0 0 248 190 271 205 0 0 0 0 0 0 0
car 0.0 0 0 228 172 248 187 0 0 0 0 0 0 0
car 0.0 0 0 205 157 226 172 0 0 0 0 0 0 0
car 0.0 0 0 221 150 250 170 0 0 0 0 0 0 0
car 0.0 0 0 249 170 275 189 0 0 0 0 0 0 0
car 0.0 0 0 78 51 112 70 0 0 0 0 0 0 0
