car 0.0 0 0 85 332 95 347 0 0 0 0 0 0 0
car 0.0 0 0 72 292 88 309 0 0 0 0 0 0 0
car 0.0 0 0 28 288 38 298 0 0 0 0 0 0 0
car 0.0 0 0 264 336 275 349 0 0 0 0 0 0 0
car 0.0 0 0 279 333 289 344 0 0 0 0 0 0 0
car 0.0 0 0 91 269 107 276 0 0 0 0 0 0 0
car 0.0 0 0 19 266 29 276 0 0 0 0 0 0 0
car 0.0 0 0 60 252 73 268 0 0 0 0 0 0 0
car 0.0 0 0 12 247 23 259 0 0 0 0 0 0 0
car 0.0 0 0 59 202 75 210 0 0 0 0 0 0 0
car 0.0 0 0 52 174 73 184 0 0 0 0 0 0 0
car 0.0 0 0 2 174 10 187 0 0 0 0 0 0 0
car 0.0 0 0 16 87 24 99 0 0 0 0 0 0 0
car 0.0 0 0 14 73 24 85 0 0 0 0 0 0 0
car 0.0 0 0 16 59 26 72 0 0 0 0 0 0 0
car 0.0 0 0 31 55 47 62 0 0 0 0 0 0 0
car 0.0714285714286 0 0 0 0 13 13 0 0 0 0 0 0 0
car 0.0 0 0 34 13 51 25 0 0 0 0 0 0 0
car 0.0 0 0 49 41 66 48 0 0 0 0 0 0 0
car 0.0 0 0 75 34 90 39 0 0 0 0 0 0 0
car 0.0 0 0 91 18 107 25 0 0 0 0 0 0 0
car 0.0 0 0 115 16 130 23 0 0 0 0 0 0 0
car 0.0 0 0 142 16 159 23 0 0 0 0 0 0 0
car 0.0 0 0 102 24 130 31 0 0 0 0 0 0 0
car 0.0 0 0 82 41 97 49 0 0 0 0 0 0 0
car 0.0 0 0 106 43 121 49 0 0 0 0 0 0 0
car 0.0 0 0 89 53 102 59 0 0 0 0 0 0 0
car 0.0 0 0 174 24 190 30 0 0 0 0 0 0 0
car 0.0 0 0 168 9 185 18 0 0 0 0 0 0 0
car 0.666666666667 0 0 189 0 206 4 0 0 0 0 0 0 0
car 0.777777777778 0 0 228 0 247 2 0 0 0 0 0 0 0
car 0.0 0 0 231 1 248 9 0 0 0 0 0 0 0
car 0.0 0 0 232 7 250 16 0 0 0 0 0 0 0
car 0.0 0 0 231 14 249 23 0 0 0 0 0 0 0
car 0.0 0 0 233 22 248 30 0 0 0 0 0 0 0
car 0.0 0 0 146 43 172 54 0 0 0 0 0 0 0
car 0.0 0 0 241 61 254 75 0 0 0 0 0 0 0
car 0.0 0 0 252 52 265 63 0 0 0 0 0 0 0
car 0.0 0 0 264 66 280 78 0 0 0 0 0 0 0
car 0.0 0 0 279 86 290 96 0 0 0 0 0 0 0
car 0.0 0 0 286 108 298 120 0 0 0 0 0 0 0
car 0.0 0 0 296 134 308 146 0 0 0 0 0 0 0
car 0.0 0 0 269 144 278 155 0 0 0 0 0 0 0
car 0.0 0 0 253 135 269 154 0 0 0 0 0 0 0
car 0.0 0 0 264 171 277 184 0 0 0 0 0 0 0
car 0.0 0 0 292 240 303 251 0 0 0 0 0 0 0
car 0.0 0 0 325 309 336 325 0 0 0 0 0 0 0
car 0.222222222222 0 0 345 306 352 318 0 0 0 0 0 0 0
car 0.0 0 0 337 241 348 253 0 0 0 0 0 0 0
car 0.0 0 0 333 226 344 239 0 0 0 0 0 0 0
car 0.0 0 0 328 215 337 226 0 0 0 0 0 0 0
car 0.0 0 0 200 26 216 34 0 0 0 0 0 0 0
car 0.0 0 0 297 251 331 299 0 0 0 0 0 0 0
