car 0.0714285714286 0 0 0 324 13 337 0 0 0 0 0 0 0
car 0.0 0 0 34 337 51 349 0 0 0 0 0 0 0
car 0.0 0 0 91 342 107 349 0 0 0 0 0 0 0
car 0.0 0 0 115 340 130 347 0 0 0 0 0 0 0
car 0.0 0 0 142 340 159 347 0 0 0 0 0 0 0
car 0.428571428571 0 0 102 348 130 352 0 0 0 0 0 0 0
car 0.333333333333 0 0 174 348 190 352 0 0 0 0 0 0 0
car 0.0 0 0 168 333 185 342 0 0 0 0 0 0 0
car 0.0 0 0 189 316 206 328 0 0 0 0 0 0 0
car 1.0 0 0 8 0 25 0 0 0 0 0 0 0 0
car 0.666666666667 0 0 42 0 54 2 0 0 0 0 0 0 0
car 0.6 0 0 58 0 72 2 0 0 0 0 0 0 0
car 0.333333333333 0 0 88 0 103 4 0 0 0 0 0 0 0
car 0.0 0 0 120 2 135 7 0 0 0 0 0 0 0
car 0.0 0 0 165 9 180 14 0 0 0 0 0 0 0
car 0.74358974359 0 0 242 0 259 10 0 0 0 0 0 0 0
car 0.0 0 0 240 148 248 159 0 0 0 0 0 0 0
car 0.0 0 0 280 163 291 174 0 0 0 0 0 0 0
car 0.0 0 0 276 177 294 186 0 0 0 0 0 0 0
car 0.0 0 0 333 185 352 195 0 0 0 0 0 0 0
car 0.0 0 0 244 213 265 220 0 0 0 0 0 0 0
car 0.0 0 0 226 267 235 278 0 0 0 0 0 0 0
car 0.0 0 0 224 288 240 303 0 0 0 0 0 0 0
car 0.0 0 0 228 311 244 318 0 0 0 0 0 0 0
car 0.0 0 0 228 317 247 326 0 0 0 0 0 0 0
car 0.0 0 0 231 325 248 333 0 0 0 0 0 0 0
car 0.0 0 0 232 331 250 340 0 0 0 0 0 0 0
car 0.0 0 0 231 338 249 347 0 0 0 0 0 0 0
car 0.25 0 0 233 346 248 352 0 0 0 0 0 0 0
car 0.0 0 0 248 203 279 214 0 0 0 0 0 0 0
car 0.0 0 0 181 191 205 200 0 0 0 0 0 0 0
car 0.75 0 0 200 350 216 352 0 0 0 0 0 0 0
