car 0.0 0 0 323 22 337 39 0 0 0 0 0 0 0
car 0.0 0 0 145 82 159 94 0 0 0 0 0 0 0
car 0.0 0 0 319 149 336 160 0 0 0 0 0 0 0
car 0.0 0 0 330 146 343 158 0 0 0 0 0 0 0
car 0.0 0 0 324 185 336 194 0 0 0 0 0 0 0
car 0.0 0 0 259 190 275 202 0 0 0 0 0 0 0
car 0.0 0 0 245 198 261 210 0 0 0 0 0 0 0
car 0.0 0 0 266 199 279 208 0 0 0 0 0 0 0
car 0.0 0 0 314 190 327 201 0 0 0 0 0 0 0
car 0.0 0 0 272 203 286 215 0 0 0 0 0 0 0
car 0.0 0 0 226 210 244 221 0 0 0 0 0 0 0
car 0.0 0 0 213 217 233 229 0 0 0 0 0 0 0
car 0.0 0 0 206 220 226 233 0 0 0 0 0 0 0
car 0.0 0 0 180 240 195 253 0 0 0 0 0 0 0
car 0.0 0 0 97 216 113 226 0 0 0 0 0 0 0
car 0.0 0 0 98 178 113 190 0 0 0 0 0 0 0
car 0.777777777778 0 0 275 350 293 352 0 0 0 0 0 0 0
car 0.153846153846 0 0 313 0 328 11 0 0 0 0 0 0 0
car 0.0 0 0 108 192 124 205 0 0 0 0 0 0 0
car 0.0 0 0 155 219 170 230 0 0 0 0 0 0 0
car 0.0 0 0 220 214 235 225 0 0 0 0 0 0 0
car 0.0 0 0 123 204 140 221 0 0 0 0 0 0 0
