car 0.9375 0 0 0 80 1 94 0 0 0 0 0 0 0
car 0.285714285714 0 0 0 88 10 101 0 0 0 0 0 0 0
car 0.0 0 0 4 93 17 102 0 0 0 0 0 0 0
car 0.0 0 0 10 94 26 109 0 0 0 0 0 0 0
car 0.0 0 0 30 96 45 107 0 0 0 0 0 0 0
car 0.0 0 0 23 111 42 125 0 0 0 0 0 0 0
car 0.666666666667 0 0 0 113 6 125 0 0 0 0 0 0 0
car 0.631578947368 0 0 0 124 7 138 0 0 0 0 0 0 0
car 0.0 0 0 0 129 13 141 0 0 0 0 0 0 0
car 0.0 0 0 7 136 21 147 0 0 0 0 0 0 0
car 0.0 0 0 13 140 28 153 0 0 0 0 0 0 0
car 0.0 0 0 20 141 41 157 0 0 0 0 0 0 0
car 0.0 0 0 28 148 44 160 0 0 0 0 0 0 0
car 0.0 0 0 32 155 46 168 0 0 0 0 0 0 0
car 0.0 0 0 42 157 57 171 0 0 0 0 0 0 0
car 0.0 0 0 58 126 71 139 0 0 0 0 0 0 0
car 0.0 0 0 63 139 82 155 0 0 0 0 0 0 0
car 0.0 0 0 53 165 68 177 0 0 0 0 0 0 0
car 0.0 0 0 59 172 77 185 0 0 0 0 0 0 0
car 0.0 0 0 95 155 112 168 0 0 0 0 0 0 0
car 0.0 0 0 106 162 122 173 0 0 0 0 0 0 0
car 0.0 0 0 104 174 119 185 0 0 0 0 0 0 0
car 0.0 0 0 75 184 87 195 0 0 0 0 0 0 0
car 0.0 0 0 119 168 135 180 0 0 0 0 0 0 0
car 0.0 0 0 82 188 96 200 0 0 0 0 0 0 0
car 0.0 0 0 85 193 102 206 0 0 0 0 0 0 0
car 0.0 0 0 94 204 110 217 0 0 0 0 0 0 0
car 0.0 0 0 123 176 139 189 0 0 0 0 0 0 0
car 0.0 0 0 125 183 143 196 0 0 0 0 0 0 0
car 0.0 0 0 132 189 146 199 0 0 0 0 0 0 0
car 0.0 0 0 139 193 154 206 0 0 0 0 0 0 0
car 0.0 0 0 105 214 121 230 0 0 0 0 0 0 0
car 0.0 0 0 115 213 127 225 0 0 0 0 0 0 0
car 0.0 0 0 144 201 160 212 0 0 0 0 0 0 0
car 0.0 0 0 122 234 135 245 0 0 0 0 0 0 0
car 0.0 0 0 132 242 147 252 0 0 0 0 0 0 0
car 0.0 0 0 139 252 154 266 0 0 0 0 0 0 0
car 0.0 0 0 158 261 170 275 0 0 0 0 0 0 0
car 0.0 0 0 158 241 171 258 0 0 0 0 0 0 0
car 0.0 0 0 187 259 201 273 0 0 0 0 0 0 0
car 0.0 0 0 191 303 211 320 0 0 0 0 0 0 0
car 0.0 0 0 188 312 199 324 0 0 0 0 0 0 0
car 0.0 0 0 197 326 207 335 0 0 0 0 0 0 0
car 0.0 0 0 215 304 228 317 0 0 0 0 0 0 0
car 0.0 0 0 227 319 240 330 0 0 0 0 0 0 0
car 0.0 0 0 205 336 218 348 0 0 0 0 0 0 0
car 0.0 0 0 226 337 238 349 0 0 0 0 0 0 0
car 0.0 0 0 240 333 252 345 0 0 0 0 0 0 0
car 0.416666666667 0 0 249 345 261 352 0 0 0 0 0 0 0
