car 1.0 0 0 188 0 199 0 0 0 0 0 0 0 0
car 0.0 0 0 197 2 207 11 0 0 0 0 0 0 0
car 0.454545454545 0 0 227 0 240 6 0 0 0 0 0 0 0
car 0.0 0 0 205 12 218 24 0 0 0 0 0 0 0
car 0.0 0 0 226 13 238 25 0 0 0 0 0 0 0
car 0.0 0 0 240 9 252 21 0 0 0 0 0 0 0
car 0.0 0 0 218 29 228 40 0 0 0 0 0 0 0
car 0.0 0 0 249 21 261 33 0 0 0 0 0 0 0
car 0.0 0 0 225 43 237 56 0 0 0 0 0 0 0
car 0.0 0 0 236 44 249 57 0 0 0 0 0 0 0
car 0.0 0 0 235 55 249 67 0 0 0 0 0 0 0
car 0.0 0 0 265 38 283 47 0 0 0 0 0 0 0
car 0.0 0 0 261 28 287 42 0 0 0 0 0 0 0
car 0.0 0 0 250 75 260 85 0 0 0 0 0 0 0
car 0.0 0 0 261 85 269 97 0 0 0 0 0 0 0
car 0.0 0 0 276 59 286 71 0 0 0 0 0 0 0
car 0.0 0 0 285 71 297 84 0 0 0 0 0 0 0
car 0.0 0 0 265 96 278 109 0 0 0 0 0 0 0
car 0.0 0 0 273 111 286 121 0 0 0 0 0 0 0
car 0.0 0 0 294 87 309 100 0 0 0 0 0 0 0
car 0.0 0 0 304 99 316 111 0 0 0 0 0 0 0
car 0.0 0 0 280 122 292 134 0 0 0 0 0 0 0
car 0.0 0 0 312 113 324 124 0 0 0 0 0 0 0
car 0.0 0 0 316 126 334 135 0 0 0 0 0 0 0
car 0.0 0 0 325 135 337 149 0 0 0 0 0 0 0
car 0.0 0 0 304 161 315 173 0 0 0 0 0 0 0
car 0.4375 0 0 343 157 352 168 0 0 0 0 0 0 0
car 0.0 0 0 330 200 339 214 0 0 0 0 0 0 0
car 0.0 0 0 315 185 325 196 0 0 0 0 0 0 0
car 0.0 0 0 323 201 331 211 0 0 0 0 0 0 0
car 0.0 0 0 330 224 339 237 0 0 0 0 0 0 0
car 0.0 0 0 330 240 337 250 0 0 0 0 0 0 0
car 0.75 0 0 0 203 4 211 0 0 0 0 0 0 0
car 0.0 0 0 12 194 36 209 0 0 0 0 0 0 0
car 0.0 0 0 54 80 69 88 0 0 0 0 0 0 0
car 0.0 0 0 58 88 69 94 0 0 0 0 0 0 0
car 0.0 0 0 61 193 71 205 0 0 0 0 0 0 0
car 0.0 0 0 115 166 129 174 0 0 0 0 0 0 0
car 0.0 0 0 110 171 126 179 0 0 0 0 0 0 0
car 0.0 0 0 107 176 123 184 0 0 0 0 0 0 0
car 0.0 0 0 105 184 116 192 0 0 0 0 0 0 0
car 0.166666666667 0 0 0 231 35 255 0 0 0 0 0 0 0
car 0.0 0 0 3 254 18 263 0 0 0 0 0 0 0
car 0.0 0 0 19 262 34 272 0 0 0 0 0 0 0
car 0.0 0 0 35 270 50 280 0 0 0 0 0 0 0
car 0.0 0 0 53 279 66 288 0 0 0 0 0 0 0
car 0.0 0 0 131 277 145 286 0 0 0 0 0 0 0
car 0.0 0 0 144 284 159 295 0 0 0 0 0 0 0
car 0.0 0 0 163 266 181 277 0 0 0 0 0 0 0
car 0.0 0 0 159 274 173 283 0 0 0 0 0 0 0
car 0.0 0 0 69 284 81 291 0 0 0 0 0 0 0
car 0.0 0 0 81 295 95 303 0 0 0 0 0 0 0
car 0.0 0 0 99 314 112 328 0 0 0 0 0 0 0
car 0.0 0 0 178 300 192 311 0 0 0 0 0 0 0
car 0.0 0 0 192 308 206 318 0 0 0 0 0 0 0
car 0.0 0 0 134 330 149 337 0 0 0 0 0 0 0
car 0.0 0 0 160 325 176 333 0 0 0 0 0 0 0
car 0.0 0 0 207 318 223 328 0 0 0 0 0 0 0
car 0.0 0 0 213 334 230 345 0 0 0 0 0 0 0
car 0.0 0 0 228 329 243 336 0 0 0 0 0 0 0
car 0.0 0 0 274 302 286 311 0 0 0 0 0 0 0
car 0.0 0 0 276 325 293 331 0 0 0 0 0 0 0
car 0.0 0 0 278 330 293 341 0 0 0 0 0 0 0
car 0.0 0 0 321 269 331 281 0 0 0 0 0 0 0
car 0.0 0 0 319 283 329 296 0 0 0 0 0 0 0
car 0.0 0 0 318 297 327 309 0 0 0 0 0 0 0
car 0.0 0 0 316 311 327 326 0 0 0 0 0 0 0
car 0.0 0 0 343 288 352 300 0 0 0 0 0 0 0
car 0.555555555556 0 0 348 309 352 319 0 0 0 0 0 0 0
car 0.666666666667 0 0 349 323 352 333 0 0 0 0 0 0 0
car 0.454545454545 0 0 346 334 352 345 0 0 0 0 0 0 0
