car 0.0 0 0 12 69 26 78 0 0 0 0 0 0 0
car 0.0 0 0 78 104 102 120 0 0 0 0 0 0 0
car 0.0 0 0 43 96 62 110 0 0 0 0 0 0 0
car 0.0 0 0 7 116 21 127 0 0 0 0 0 0 0
car 0.0 0 0 24 136 39 146 0 0 0 0 0 0 0
car 0.0 0 0 48 140 63 151 0 0 0 0 0 0 0
car 0.0 0 0 72 124 84 135 0 0 0 0 0 0 0
car 0.0 0 0 81 135 94 145 0 0 0 0 0 0 0
car 0.0 0 0 66 141 91 161 0 0 0 0 0 0 0
car 0.0 0 0 89 143 104 156 0 0 0 0 0 0 0
car 0.0 0 0 99 154 112 165 0 0 0 0 0 0 0
car 0.0 0 0 93 172 104 184 0 0 0 0 0 0 0
car 0.0 0 0 50 112 69 125 0 0 0 0 0 0 0
car 0.0 0 0 77 178 111 210 0 0 0 0 0 0 0
car 0.0 0 0 76 194 88 207 0 0 0 0 0 0 0
car 0.0 0 0 85 207 98 218 0 0 0 0 0 0 0
car 0.0 0 0 142 175 157 185 0 0 0 0 0 0 0
car 0.0 0 0 148 183 162 190 0 0 0 0 0 0 0
car 0.0 0 0 123 187 135 194 0 0 0 0 0 0 0
car 0.0 0 0 159 214 177 224 0 0 0 0 0 0 0
car 0.0 0 0 49 233 70 245 0 0 0 0 0 0 0
car 0.0 0 0 68 237 81 244 0 0 0 0 0 0 0
car 0.0 0 0 85 249 93 262 0 0 0 0 0 0 0
car 0.0 0 0 108 241 118 252 0 0 0 0 0 0 0
car 0.0 0 0 117 257 127 269 0 0 0 0 0 0 0
car 0.0 0 0 95 241 107 251 0 0 0 0 0 0 0
car 0.0 0 0 150 227 162 239 0 0 0 0 0 0 0
car 0.0 0 0 157 240 170 253 0 0 0 0 0 0 0
car 0.0 0 0 137 261 148 275 0 0 0 0 0 0 0
car 0.0 0 0 122 269 133 282 0 0 0 0 0 0 0
car 0.0 0 0 161 267 172 280 0 0 0 0 0 0 0
car 0.0 0 0 174 270 183 281 0 0 0 0 0 0 0
car 0.0 0 0 132 271 141 283 0 0 0 0 0 0 0
car 0.0 0 0 138 284 149 295 0 0 0 0 0 0 0
car 0.0 0 0 180 283 190 294 0 0 0 0 0 0 0
car 0.0 0 0 136 297 145 308 0 0 0 0 0 0 0
car 0.0 0 0 137 310 149 315 0 0 0 0 0 0 0
car 0.0 0 0 155 299 166 311 0 0 0 0 0 0 0
car 0.0 0 0 175 301 188 312 0 0 0 0 0 0 0
car 0.0 0 0 186 294 203 313 0 0 0 0 0 0 0
car 0.0 0 0 182 337 195 348 0 0 0 0 0 0 0
car 0.0833333333333 0 0 130 341 144 352 0 0 0 0 0 0 0
car 0.0 0 0 152 339 162 350 0 0 0 0 0 0 0
car 0.0 0 0 240 334 256 340 0 0 0 0 0 0 0
car 0.0 0 0 272 305 287 310 0 0 0 0 0 0 0
car 0.0 0 0 332 319 349 324 0 0 0 0 0 0 0
car 0.0 0 0 59 244 77 254 0 0 0 0 0 0 0
car 0.0 0 0 65 251 81 263 0 0 0 0 0 0 0
car 0.0 0 0 35 88 50 99 0 0 0 0 0 0 0
