car 1.0 0 0 0 113 0 124 0 0 0 0 0 0 0
car 0.444444444444 0 0 0 126 10 135 0 0 0 0 0 0 0
car 0.0 0 0 1 135 13 149 0 0 0 0 0 0 0
car 0.0 0 0 19 157 35 168 0 0 0 0 0 0 0
car 0.0 0 0 6 200 15 214 0 0 0 0 0 0 0
car 0.9 0 0 0 185 1 196 0 0 0 0 0 0 0
car 0.125 0 0 0 201 7 211 0 0 0 0 0 0 0
car 0.0 0 0 32 169 45 177 0 0 0 0 0 0 0
car 0.0 0 0 51 174 67 182 0 0 0 0 0 0 0
car 0.0 0 0 74 173 91 181 0 0 0 0 0 0 0
car 0.0 0 0 95 163 111 174 0 0 0 0 0 0 0
car 0.0 0 0 6 224 15 237 0 0 0 0 0 0 0
car 0.0 0 0 6 240 13 250 0 0 0 0 0 0 0
car 0.0 0 0 69 221 80 232 0 0 0 0 0 0 0
car 0.0 0 0 94 216 108 226 0 0 0 0 0 0 0
car 0.0 0 0 51 241 65 252 0 0 0 0 0 0 0
car 0.0 0 0 43 253 58 266 0 0 0 0 0 0 0
car 0.0 0 0 117 192 129 204 0 0 0 0 0 0 0
car 0.0 0 0 126 207 141 221 0 0 0 0 0 0 0
car 0.0 0 0 143 216 156 227 0 0 0 0 0 0 0
car 0.0 0 0 153 227 168 239 0 0 0 0 0 0 0
car 0.0 0 0 171 240 186 251 0 0 0 0 0 0 0
car 0.0 0 0 191 252 204 261 0 0 0 0 0 0 0
car 0.0 0 0 208 257 220 267 0 0 0 0 0 0 0
car 0.0 0 0 201 240 221 255 0 0 0 0 0 0 0
car 0.0 0 0 170 263 184 273 0 0 0 0 0 0 0
car 0.0 0 0 183 269 200 281 0 0 0 0 0 0 0
car 0.0 0 0 226 273 240 283 0 0 0 0 0 0 0
car 0.0 0 0 240 281 256 290 0 0 0 0 0 0 0
car 0.0 0 0 257 289 275 300 0 0 0 0 0 0 0
car 0.0 0 0 274 296 291 307 0 0 0 0 0 0 0
car 0.0 0 0 297 298 315 309 0 0 0 0 0 0 0
car 0.0 0 0 311 289 325 298 0 0 0 0 0 0 0
car 0.0 0 0 324 276 337 286 0 0 0 0 0 0 0
car 0.0 0 0 330 301 345 314 0 0 0 0 0 0 0
car 0.0 0 0 117 151 133 167 0 0 0 0 0 0 0
car 0.0 0 0 135 152 152 164 0 0 0 0 0 0 0
car 0.0 0 0 140 140 153 150 0 0 0 0 0 0 0
car 0.0 0 0 156 125 173 137 0 0 0 0 0 0 0
car 0.0 0 0 172 116 189 128 0 0 0 0 0 0 0
car 0.0 0 0 191 120 205 130 0 0 0 0 0 0 0
car 0.0 0 0 206 93 217 104 0 0 0 0 0 0 0
car 0.0 0 0 229 118 243 129 0 0 0 0 0 0 0
car 0.0 0 0 165 160 177 169 0 0 0 0 0 0 0
car 0.0 0 0 181 145 203 160 0 0 0 0 0 0 0
car 0.0 0 0 222 81 237 90 0 0 0 0 0 0 0
car 0.0 0 0 256 63 278 80 0 0 0 0 0 0 0
car 0.0 0 0 275 26 293 35 0 0 0 0 0 0 0
car 0.3 0 0 0 269 7 281 0 0 0 0 0 0 0
car 0.5 0 0 0 283 5 296 0 0 0 0 0 0 0
car 0.666666666667 0 0 0 297 3 309 0 0 0 0 0 0 0
car 0.727272727273 0 0 0 311 3 326 0 0 0 0 0 0 0
car 0.0 0 0 19 288 28 300 0 0 0 0 0 0 0
car 0.0 0 0 29 294 36 304 0 0 0 0 0 0 0
car 0.0 0 0 24 309 33 319 0 0 0 0 0 0 0
car 0.0 0 0 25 323 34 333 0 0 0 0 0 0 0
car 0.0 0 0 22 334 33 345 0 0 0 0 0 0 0
car 0.0 0 0 239 63 258 80 0 0 0 0 0 0 0
car 0.0 0 0 116 53 134 65 0 0 0 0 0 0 0
