car 0.0 0 0 24 296 41 305 0 0 0 0 0 0 0
car 0.0 0 0 29 308 50 316 0 0 0 0 0 0 0
car 0.2 0 0 42 0 55 8 0 0 0 0 0 0 0
car 0.0 0 0 46 30 65 40 0 0 0 0 0 0 0
car 0.0 0 0 51 41 70 50 0 0 0 0 0 0 0
car 0.0 0 0 51 48 72 57 0 0 0 0 0 0 0
car 0.0 0 0 55 56 70 62 0 0 0 0 0 0 0
car 0.0 0 0 18 58 36 68 0 0 0 0 0 0 0
car 0.0 0 0 11 46 28 53 0 0 0 0 0 0 0
car 0.0 0 0 9 37 31 46 0 0 0 0 0 0 0
car 0.0 0 0 7 30 26 39 0 0 0 0 0 0 0
car 0.0 0 0 63 85 80 94 0 0 0 0 0 0 0
car 0.0 0 0 79 126 100 134 0 0 0 0 0 0 0
car 0.0 0 0 82 145 93 159 0 0 0 0 0 0 0
car 0.0 0 0 85 159 95 173 0 0 0 0 0 0 0
car 0.0 0 0 96 222 108 236 0 0 0 0 0 0 0
car 0.1 0 0 343 266 352 276 0 0 0 0 0 0 0
car 0.0 0 0 336 247 347 259 0 0 0 0 0 0 0
car 0.0 0 0 326 174 334 187 0 0 0 0 0 0 0
car 0.0 0 0 340 87 348 99 0 0 0 0 0 0 0
car 0.0 0 0 338 73 348 85 0 0 0 0 0 0 0
car 0.0 0 0 340 59 350 72 0 0 0 0 0 0 0
car 0.0 0 0 281 45 292 57 0 0 0 0 0 0 0
car 0.0 0 0 323 0 337 13 0 0 0 0 0 0 0
