car 0.0 0 0 6 4 15 19 0 0 0 0 0 0 0
car 0.0 0 0 13 5 26 19 0 0 0 0 0 0 0
car 0.0 0 0 26 4 36 20 0 0 0 0 0 0 0
car 0.0 0 0 42 5 52 20 0 0 0 0 0 0 0
car 0.0 0 0 52 8 61 21 0 0 0 0 0 0 0
car 0.0 0 0 60 8 70 22 0 0 0 0 0 0 0
car 0.0 0 0 74 21 90 29 0 0 0 0 0 0 0
car 0.0 0 0 106 2 120 14 0 0 0 0 0 0 0
car 0.0 0 0 4 43 23 50 0 0 0 0 0 0 0
car 0.0 0 0 21 46 39 52 0 0 0 0 0 0 0
car 0.0 0 0 56 46 70 54 0 0 0 0 0 0 0
car 0.0 0 0 71 49 89 58 0 0 0 0 0 0 0
car 0.0 0 0 104 16 114 30 0 0 0 0 0 0 0
car 0.0 0 0 111 19 122 33 0 0 0 0 0 0 0
car 0.0 0 0 123 21 132 32 0 0 0 0 0 0 0
car 0.0 0 0 132 21 139 33 0 0 0 0 0 0 0
car 0.0 0 0 140 24 149 39 0 0 0 0 0 0 0
car 0.0 0 0 157 28 167 41 0 0 0 0 0 0 0
car 0.0 0 0 167 30 176 42 0 0 0 0 0 0 0
car 0.0 0 0 174 36 183 45 0 0 0 0 0 0 0
car 0.0 0 0 184 34 191 45 0 0 0 0 0 0 0
car 0.0 0 0 192 36 201 45 0 0 0 0 0 0 0
car 0.0 0 0 79 44 97 51 0 0 0 0 0 0 0
car 0.0 0 0 101 48 117 55 0 0 0 0 0 0 0
car 0.0 0 0 92 54 107 59 0 0 0 0 0 0 0
car 0.0 0 0 107 56 126 64 0 0 0 0 0 0 0
car 0.0 0 0 119 49 140 58 0 0 0 0 0 0 0
car 0.0 0 0 126 60 146 68 0 0 0 0 0 0 0
car 0.0 0 0 143 63 161 71 0 0 0 0 0 0 0
car 0.0 0 0 162 67 178 77 0 0 0 0 0 0 0
car 0.0 0 0 176 64 195 72 0 0 0 0 0 0 0
car 0.0 0 0 202 18 212 29 0 0 0 0 0 0 0
car 0.0 0 0 213 54 227 62 0 0 0 0 0 0 0
car 0.0 0 0 232 51 241 64 0 0 0 0 0 0 0
car 0.0 0 0 240 52 250 64 0 0 0 0 0 0 0
car 0.0 0 0 247 55 256 67 0 0 0 0 0 0 0
car 0.0 0 0 253 58 264 70 0 0 0 0 0 0 0
car 0.0 0 0 260 60 270 73 0 0 0 0 0 0 0
car 0.0 0 0 265 63 277 75 0 0 0 0 0 0 0
car 0.0 0 0 274 86 291 99 0 0 0 0 0 0 0
car 0.0 0 0 218 76 234 84 0 0 0 0 0 0 0
car 0.0 0 0 220 85 240 95 0 0 0 0 0 0 0
car 0.0 0 0 239 84 253 93 0 0 0 0 0 0 0
car 0.0 0 0 234 93 248 109 0 0 0 0 0 0 0
car 0.0 0 0 224 106 241 121 0 0 0 0 0 0 0
car 0.0 0 0 214 118 230 131 0 0 0 0 0 0 0
car 0.0 0 0 203 130 222 144 0 0 0 0 0 0 0
car 0.0 0 0 231 125 246 139 0 0 0 0 0 0 0
car 0.0 0 0 241 118 253 130 0 0 0 0 0 0 0
car 0.0 0 0 247 108 258 126 0 0 0 0 0 0 0
car 0.0 0 0 263 102 272 118 0 0 0 0 0 0 0
car 0.0 0 0 273 102 283 119 0 0 0 0 0 0 0
car 0.0 0 0 290 109 302 122 0 0 0 0 0 0 0
car 0.0 0 0 298 115 309 126 0 0 0 0 0 0 0
car 0.0 0 0 305 119 316 130 0 0 0 0 0 0 0
car 0.0 0 0 292 75 309 89 0 0 0 0 0 0 0
car 0.0 0 0 301 81 318 91 0 0 0 0 0 0 0
car 0.0 0 0 309 80 325 94 0 0 0 0 0 0 0
car 0.0 0 0 320 88 334 101 0 0 0 0 0 0 0
car 0.0 0 0 328 93 341 102 0 0 0 0 0 0 0
car 0.0 0 0 334 94 350 109 0 0 0 0 0 0 0
car 0.736842105263 0 0 347 111 352 125 0 0 0 0 0 0 0
car 0.0 0 0 312 113 330 125 0 0 0 0 0 0 0
car 0.0 0 0 312 124 331 138 0 0 0 0 0 0 0
car 0.0 0 0 324 129 337 141 0 0 0 0 0 0 0
car 0.0 0 0 331 136 345 147 0 0 0 0 0 0 0
car 0.0 0 0 337 140 352 153 0 0 0 0 0 0 0
car 0.619047619048 0 0 344 141 352 157 0 0 0 0 0 0 0
car 0.0 0 0 218 141 231 156 0 0 0 0 0 0 0
car 0.0 0 0 214 151 226 160 0 0 0 0 0 0 0
car 0.0 0 0 199 166 211 177 0 0 0 0 0 0 0
car 0.0 0 0 207 172 217 182 0 0 0 0 0 0 0
car 0.0 0 0 215 176 225 186 0 0 0 0 0 0 0
car 0.0 0 0 222 179 236 194 0 0 0 0 0 0 0
car 0.0 0 0 228 184 244 199 0 0 0 0 0 0 0
car 0.0 0 0 235 193 250 204 0 0 0 0 0 0 0
car 0.0 0 0 249 203 262 215 0 0 0 0 0 0 0
car 0.0 0 0 49 260 61 270 0 0 0 0 0 0 0
car 0.0 0 0 35 273 51 288 0 0 0 0 0 0 0
car 0.0 0 0 24 289 40 301 0 0 0 0 0 0 0
car 0.0 0 0 13 303 26 315 0 0 0 0 0 0 0
car 0.0 0 0 56 336 70 345 0 0 0 0 0 0 0
car 0.0 0 0 70 325 80 333 0 0 0 0 0 0 0
car 0.0 0 0 75 318 86 325 0 0 0 0 0 0 0
car 0.0 0 0 82 309 93 317 0 0 0 0 0 0 0
car 0.0 0 0 113 316 128 327 0 0 0 0 0 0 0
car 0.0 0 0 281 284 294 299 0 0 0 0 0 0 0
car 0.0 0 0 291 291 303 303 0 0 0 0 0 0 0
car 0.0 0 0 296 295 308 307 0 0 0 0 0 0 0
car 0.0 0 0 304 300 315 313 0 0 0 0 0 0 0
car 0.0588235294118 0 0 112 336 133 352 0 0 0 0 0 0 0
car 0.0 0 0 140 311 151 326 0 0 0 0 0 0 0
car 0.0 0 0 116 309 132 320 0 0 0 0 0 0 0
