car 0.0 0 0 8 288 38 304 0 0 0 0 0 0 0
car 0.0 0 0 81 307 97 316 0 0 0 0 0 0 0
car 0.0 0 0 8 50 20 65 0 0 0 0 0 0 0
car 0.0 0 0 9 38 18 48 0 0 0 0 0 0 0
car 0.0 0 0 16 40 26 51 0 0 0 0 0 0 0
car 0.0 0 0 23 42 38 56 0 0 0 0 0 0 0
car 0.0 0 0 30 47 43 58 0 0 0 0 0 0 0
car 0.0 0 0 36 49 48 64 0 0 0 0 0 0 0
car 0.0 0 0 45 53 57 64 0 0 0 0 0 0 0
car 0.0 0 0 50 60 59 71 0 0 0 0 0 0 0
car 0.0 0 0 58 61 69 71 0 0 0 0 0 0 0
car 0.0 0 0 65 64 77 75 0 0 0 0 0 0 0
car 0.0 0 0 75 67 85 77 0 0 0 0 0 0 0
car 0.0 0 0 62 74 78 84 0 0 0 0 0 0 0
car 0.0 0 0 104 89 113 99 0 0 0 0 0 0 0
car 0.0 0 0 115 105 128 115 0 0 0 0 0 0 0
car 0.0 0 0 130 112 145 124 0 0 0 0 0 0 0
car 0.0 0 0 57 127 71 138 0 0 0 0 0 0 0
car 0.0 0 0 98 147 115 155 0 0 0 0 0 0 0
car 0.0 0 0 125 144 142 154 0 0 0 0 0 0 0
car 0.0 0 0 142 120 157 130 0 0 0 0 0 0 0
car 0.0 0 0 56 12 70 21 0 0 0 0 0 0 0
car 0.0 0 0 70 1 80 9 0 0 0 0 0 0 0
car 0.857142857143 0 0 75 0 86 1 0 0 0 0 0 0 0
car 0.0 0 0 104 30 115 40 0 0 0 0 0 0 0
car 0.727272727273 0 0 113 0 128 3 0 0 0 0 0 0 0
car 0.0 0 0 133 57 146 68 0 0 0 0 0 0 0
car 0.0 0 0 141 62 153 70 0 0 0 0 0 0 0
car 0.0 0 0 112 12 133 29 0 0 0 0 0 0 0
car 0.866666666667 0 0 140 0 151 2 0 0 0 0 0 0 0
car 0.0 0 0 150 158 171 170 0 0 0 0 0 0 0
car 0.0 0 0 158 129 173 140 0 0 0 0 0 0 0
car 0.0 0 0 178 140 195 148 0 0 0 0 0 0 0
car 0.0 0 0 196 125 212 137 0 0 0 0 0 0 0
car 0.0 0 0 228 142 240 150 0 0 0 0 0 0 0
car 0.0 0 0 238 127 255 140 0 0 0 0 0 0 0
car 0.0 0 0 275 151 292 162 0 0 0 0 0 0 0
car 0.0 0 0 211 155 228 164 0 0 0 0 0 0 0
car 0.0 0 0 227 161 240 172 0 0 0 0 0 0 0
car 0.0 0 0 243 170 258 180 0 0 0 0 0 0 0
car 0.0 0 0 185 185 202 196 0 0 0 0 0 0 0
car 0.0 0 0 210 198 221 205 0 0 0 0 0 0 0
car 0.0 0 0 226 202 243 214 0 0 0 0 0 0 0
car 0.0 0 0 263 180 280 188 0 0 0 0 0 0 0
car 0.0 0 0 280 188 294 196 0 0 0 0 0 0 0
car 0.0 0 0 297 198 312 204 0 0 0 0 0 0 0
car 0.0 0 0 312 203 328 211 0 0 0 0 0 0 0
car 0.333333333333 0 0 336 194 352 209 0 0 0 0 0 0 0
car 0.166666666667 0 0 317 231 352 255 0 0 0 0 0 0 0
car 0.0 0 0 327 254 342 263 0 0 0 0 0 0 0
car 0.4 0 0 343 262 352 272 0 0 0 0 0 0 0
