car 0.0 0 0 35 182 49 195 0 0 0 0 0 0 0
car 0.0 0 0 57 166 70 177 0 0 0 0 0 0 0
car 0.0 0 0 67 153 84 167 0 0 0 0 0 0 0
car 0.0 0 0 3 230 18 244 0 0 0 0 0 0 0
car 0.0 0 0 30 206 46 221 0 0 0 0 0 0 0
car 0.0 0 0 97 155 113 170 0 0 0 0 0 0 0
car 0.0 0 0 108 145 124 158 0 0 0 0 0 0 0
car 0.0 0 0 105 128 119 140 0 0 0 0 0 0 0
car 0.0 0 0 139 99 153 113 0 0 0 0 0 0 0
car 0.0 0 0 243 72 267 87 0 0 0 0 0 0 0
car 0.0 0 0 6 328 15 343 0 0 0 0 0 0 0
car 0.0 0 0 13 329 26 343 0 0 0 0 0 0 0
car 0.0 0 0 26 328 36 344 0 0 0 0 0 0 0
car 0.0 0 0 42 329 52 344 0 0 0 0 0 0 0
car 0.0 0 0 52 332 61 345 0 0 0 0 0 0 0
car 0.0 0 0 60 332 70 346 0 0 0 0 0 0 0
car 0.125 0 0 74 345 90 352 0 0 0 0 0 0 0
car 0.0 0 0 106 326 120 338 0 0 0 0 0 0 0
car 0.142857142857 0 0 104 340 114 352 0 0 0 0 0 0 0
car 0.357142857143 0 0 111 343 122 352 0 0 0 0 0 0 0
car 0.363636363636 0 0 123 345 132 352 0 0 0 0 0 0 0
car 0.416666666667 0 0 132 345 139 352 0 0 0 0 0 0 0
car 0.733333333333 0 0 140 348 149 352 0 0 0 0 0 0 0
car 0.0909090909091 0 0 202 342 212 352 0 0 0 0 0 0 0
car 0.0 0 0 150 131 165 143 0 0 0 0 0 0 0
