car 0.0 0 0 8 319 25 324 0 0 0 0 0 0 0
car 0.0 0 0 42 320 54 326 0 0 0 0 0 0 0
car 0.0 0 0 58 321 72 326 0 0 0 0 0 0 0
car 0.0 0 0 88 322 103 328 0 0 0 0 0 0 0
car 0.0 0 0 120 326 135 331 0 0 0 0 0 0 0
car 0.0 0 0 165 333 180 338 0 0 0 0 0 0 0
car 0.0 0 0 321 13 339 24 0 0 0 0 0 0 0
car 0.0 0 0 318 86 331 94 0 0 0 0 0 0 0
car 0.0 0 0 330 129 341 143 0 0 0 0 0 0 0
car 0.0 0 0 320 141 332 153 0 0 0 0 0 0 0
car 0.0 0 0 307 155 323 167 0 0 0 0 0 0 0
car 0.0 0 0 297 190 310 202 0 0 0 0 0 0 0
car 0.0 0 0 319 198 331 210 0 0 0 0 0 0 0
car 0.0625 0 0 337 203 352 213 0 0 0 0 0 0 0
car 0.571428571429 0 0 346 273 352 280 0 0 0 0 0 0 0
car 0.0 0 0 251 265 260 278 0 0 0 0 0 0 0
car 0.0 0 0 249 277 262 296 0 0 0 0 0 0 0
car 0.0 0 0 242 295 259 334 0 0 0 0 0 0 0
car 0.0 0 0 316 276 332 284 0 0 0 0 0 0 0
