car 0.0 0 0 305 3 324 14 0 0 0 0 0 0 0
car 0.166666666667 0 0 0 13 15 24 0 0 0 0 0 0 0
car 0.461538461538 0 0 0 86 7 94 0 0 0 0 0 0 0
car 0.0 0 0 52 51 67 58 0 0 0 0 0 0 0
car 0.0 0 0 119 76 134 85 0 0 0 0 0 0 0
car 0.0 0 0 153 116 168 124 0 0 0 0 0 0 0
car 0.0 0 0 196 134 213 143 0 0 0 0 0 0 0
car 0.0 0 0 218 143 233 152 0 0 0 0 0 0 0
car 0.0 0 0 235 148 252 159 0 0 0 0 0 0 0
car 0.0 0 0 259 125 276 133 0 0 0 0 0 0 0
car 0.0 0 0 279 133 299 141 0 0 0 0 0 0 0
car 0.0 0 0 255 157 269 166 0 0 0 0 0 0 0
car 0.0 0 0 274 163 290 172 0 0 0 0 0 0 0
car 0.0 0 0 304 179 325 199 0 0 0 0 0 0 0
car 0.0 0 0 279 219 292 232 0 0 0 0 0 0 0
car 0.0 0 0 246 249 260 259 0 0 0 0 0 0 0
car 0.0 0 0 262 231 279 244 0 0 0 0 0 0 0
car 0.0 0 0 6 129 17 143 0 0 0 0 0 0 0
car 0.333333333333 0 0 0 141 8 153 0 0 0 0 0 0 0
car 0.416666666667 0 0 0 198 7 210 0 0 0 0 0 0 0
car 0.0 0 0 13 203 29 213 0 0 0 0 0 0 0
car 0.0 0 0 56 259 73 267 0 0 0 0 0 0 0
car 0.0 0 0 54 270 76 283 0 0 0 0 0 0 0
car 0.0 0 0 22 273 36 280 0 0 0 0 0 0 0
car 0.0 0 0 144 306 156 315 0 0 0 0 0 0 0
car 0.0 0 0 107 309 125 316 0 0 0 0 0 0 0
car 0.5 0 0 0 276 8 284 0 0 0 0 0 0 0
car 0.0 0 0 196 97 212 107 0 0 0 0 0 0 0
car 0.0 0 0 137 108 151 117 0 0 0 0 0 0 0
car 0.0 0 0 171 121 185 129 0 0 0 0 0 0 0
