car 0.0 0 0 333 51 342 62 0 0 0 0 0 0 0
car 0.0 0 0 1 309 12 325 0 0 0 0 0 0 0
car 0.0 0 0 46 317 59 332 0 0 0 0 0 0 0
car 0.0 0 0 21 306 30 318 0 0 0 0 0 0 0
car 0.0 0 0 40 282 57 290 0 0 0 0 0 0 0
car 0.0 0 0 50 270 66 277 0 0 0 0 0 0 0
car 0.0 0 0 70 266 86 273 0 0 0 0 0 0 0
car 0.0 0 0 13 241 24 253 0 0 0 0 0 0 0
car 0.0 0 0 9 226 20 239 0 0 0 0 0 0 0
car 0.0 0 0 4 215 13 226 0 0 0 0 0 0 0
car 0.0 0 0 153 254 167 260 0 0 0 0 0 0 0
car 0.0 0 0 187 249 201 256 0 0 0 0 0 0 0
car 0.0 0 0 50 337 62 349 0 0 0 0 0 0 0
car 0.0 0 0 295 234 310 241 0 0 0 0 0 0 0
car 0.0 0 0 272 235 289 244 0 0 0 0 0 0 0
car 0.0 0 0 215 146 224 160 0 0 0 0 0 0 0
car 0.0 0 0 214 132 224 146 0 0 0 0 0 0 0
car 0.0 0 0 212 93 222 108 0 0 0 0 0 0 0
car 0.794117647059 0 0 0 251 7 299 0 0 0 0 0 0 0
