car 0.0 0 0 19 4 36 18 0 0 0 0 0 0 0
car 0.0 0 0 110 84 129 97 0 0 0 0 0 0 0
car 0.0 0 0 109 91 126 103 0 0 0 0 0 0 0
car 0.0 0 0 55 142 70 151 0 0 0 0 0 0 0
car 0.0 0 0 92 149 105 161 0 0 0 0 0 0 0
car 0.0 0 0 125 106 137 117 0 0 0 0 0 0 0
car 0.0 0 0 150 108 162 121 0 0 0 0 0 0 0
car 0.0 0 0 131 125 150 144 0 0 0 0 0 0 0
car 0.0 0 0 120 145 134 157 0 0 0 0 0 0 0
car 0.0 0 0 84 193 98 206 0 0 0 0 0 0 0
car 0.0 0 0 55 195 67 207 0 0 0 0 0 0 0
car 0.0 0 0 76 206 86 218 0 0 0 0 0 0 0
car 0.0 0 0 62 212 73 224 0 0 0 0 0 0 0
car 0.0 0 0 40 241 56 257 0 0 0 0 0 0 0
car 0.0 0 0 20 232 34 245 0 0 0 0 0 0 0
car 0.545454545455 0 0 338 0 349 5 0 0 0 0 0 0 0
car 0.0 0 0 323 13 331 25 0 0 0 0 0 0 0
car 0.0 0 0 336 8 345 18 0 0 0 0 0 0 0
car 0.0 0 0 201 26 218 38 0 0 0 0 0 0 0
car 0.0 0 0 210 33 225 44 0 0 0 0 0 0 0
car 0.0 0 0 214 40 230 51 0 0 0 0 0 0 0
car 0.0 0 0 219 45 236 58 0 0 0 0 0 0 0
car 0.0 0 0 333 32 342 44 0 0 0 0 0 0 0
car 0.0 0 0 327 68 336 80 0 0 0 0 0 0 0
car 0.0 0 0 331 46 339 59 0 0 0 0 0 0 0
car 0.0 0 0 306 72 315 84 0 0 0 0 0 0 0
car 0.0 0 0 306 87 315 96 0 0 0 0 0 0 0
car 0.0 0 0 328 84 337 93 0 0 0 0 0 0 0
car 0.0 0 0 325 95 335 108 0 0 0 0 0 0 0
car 0.0 0 0 305 107 314 119 0 0 0 0 0 0 0
car 0.0 0 0 304 119 313 132 0 0 0 0 0 0 0
car 0.0 0 0 327 127 338 138 0 0 0 0 0 0 0
car 0.0 0 0 329 140 338 154 0 0 0 0 0 0 0
car 0.0 0 0 330 240 345 251 0 0 0 0 0 0 0
car 0.0 0 0 299 295 315 310 0 0 0 0 0 0 0
car 0.0 0 0 329 276 342 289 0 0 0 0 0 0 0
car 0.0 0 0 323 290 334 300 0 0 0 0 0 0 0
car 0.0 0 0 311 308 322 320 0 0 0 0 0 0 0
car 0.0 0 0 306 322 318 335 0 0 0 0 0 0 0
car 0.0 0 0 195 19 211 30 0 0 0 0 0 0 0
car 0.1875 0 0 339 256 352 271 0 0 0 0 0 0 0
