car 1.0 0 0 0 298 0 312 0 0 0 0 0 0 0
car 0.125 0 0 0 300 7 314 0 0 0 0 0 0 0
car 0.0 0 0 15 304 24 315 0 0 0 0 0 0 0
car 0.0 0 0 22 137 35 143 0 0 0 0 0 0 0
car 0.0 0 0 41 141 54 148 0 0 0 0 0 0 0
car 0.871428571429 0 0 0 0 1 9 0 0 0 0 0 0 0
car 0.0 0 0 94 126 119 143 0 0 0 0 0 0 0
car 0.0 0 0 84 129 99 140 0 0 0 0 0 0 0
car 0.0 0 0 79 125 88 137 0 0 0 0 0 0 0
car 0.0 0 0 73 122 83 137 0 0 0 0 0 0 0
car 0.0 0 0 61 232 69 241 0 0 0 0 0 0 0
car 0.0 0 0 330 295 339 308 0 0 0 0 0 0 0
car 0.0 0 0 330 237 343 244 0 0 0 0 0 0 0
car 0.0 0 0 332 229 342 234 0 0 0 0 0 0 0
car 0.0 0 0 333 222 345 227 0 0 0 0 0 0 0
car 0.0 0 0 330 189 343 194 0 0 0 0 0 0 0
car 0.0 0 0 329 196 341 200 0 0 0 0 0 0 0
car 0.0 0 0 332 168 349 175 0 0 0 0 0 0 0
car 0.0 0 0 336 163 350 170 0 0 0 0 0 0 0
car 0.0 0 0 302 14 317 22 0 0 0 0 0 0 0
car 0.454545454545 0 0 329 0 343 6 0 0 0 0 0 0 0
