car 0.0 0 0 178 4 194 17 0 0 0 0 0 0 0
car 0.0 0 0 24 160 35 172 0 0 0 0 0 0 0
car 0.0 0 0 1 155 14 167 0 0 0 0 0 0 0
car 0.0 0 0 47 212 57 224 0 0 0 0 0 0 0
car 0.0 0 0 43 226 52 240 0 0 0 0 0 0 0
car 0.0 0 0 11 240 18 252 0 0 0 0 0 0 0
car 0.0 0 0 52 197 63 212 0 0 0 0 0 0 0
car 0.0 0 0 57 185 65 198 0 0 0 0 0 0 0
car 0.0 0 0 29 181 39 193 0 0 0 0 0 0 0
car 0.0 0 0 40 160 48 172 0 0 0 0 0 0 0
car 0.0 0 0 62 172 70 184 0 0 0 0 0 0 0
car 0.0 0 0 67 157 80 171 0 0 0 0 0 0 0
car 0.0 0 0 23 276 33 286 0 0 0 0 0 0 0
car 0.0 0 0 20 289 31 301 0 0 0 0 0 0 0
car 0.0 0 0 14 318 25 329 0 0 0 0 0 0 0
car 0.125 0 0 0 337 7 349 0 0 0 0 0 0 0
car 0.0 0 0 12 332 21 342 0 0 0 0 0 0 0
car 0.0 0 0 318 323 325 333 0 0 0 0 0 0 0
car 0.0 0 0 74 146 87 159 0 0 0 0 0 0 0
car 0.0 0 0 55 124 67 137 0 0 0 0 0 0 0
car 0.0 0 0 81 134 90 145 0 0 0 0 0 0 0
car 0.0 0 0 63 111 75 125 0 0 0 0 0 0 0
car 0.0 0 0 73 120 86 131 0 0 0 0 0 0 0
car 0.0 0 0 323 204 334 218 0 0 0 0 0 0 0
car 0.0 0 0 330 192 338 203 0 0 0 0 0 0 0
car 0.0 0 0 342 216 352 228 0 0 0 0 0 0 0
car 0.0 0 0 341 154 351 167 0 0 0 0 0 0 0
car 0.181818181818 0 0 343 143 352 153 0 0 0 0 0 0 0
car 0.0 0 0 50 136 61 147 0 0 0 0 0 0 0
