car 0.888888888889 0 0 0 218 1 231 0 0 0 0 0 0 0
car 0.0 0 0 26 221 43 230 0 0 0 0 0 0 0
car 0.0 0 0 13 261 25 278 0 0 0 0 0 0 0
car 0.0 0 0 26 293 37 304 0 0 0 0 0 0 0
car 0.0 0 0 34 294 44 304 0 0 0 0 0 0 0
car 0.0 0 0 42 297 52 309 0 0 0 0 0 0 0
car 0.0 0 0 53 298 63 311 0 0 0 0 0 0 0
car 0.0 0 0 62 300 71 313 0 0 0 0 0 0 0
car 0.0 0 0 155 319 167 334 0 0 0 0 0 0 0
car 0.0 0 0 135 305 146 320 0 0 0 0 0 0 0
car 0.0 0 0 151 294 163 307 0 0 0 0 0 0 0
car 0.0 0 0 236 65 252 82 0 0 0 0 0 0 0
car 0.0 0 0 258 38 279 59 0 0 0 0 0 0 0
