car 0.0 0 0 121 311 141 333 0 0 0 0 0 0 0
car 0.0 0 0 71 271 85 278 0 0 0 0 0 0 0
car 0.0 0 0 34 241 42 253 0 0 0 0 0 0 0
car 0.0 0 0 1 151 17 160 0 0 0 0 0 0 0
car 0.0 0 0 36 140 50 146 0 0 0 0 0 0 0
car 0.0 0 0 10 118 25 126 0 0 0 0 0 0 0
car 0.0 0 0 55 133 70 141 0 0 0 0 0 0 0
car 0.0 0 0 44 105 63 115 0 0 0 0 0 0 0
car 0.0 0 0 75 128 89 136 0 0 0 0 0 0 0
car 0.0 0 0 94 123 106 131 0 0 0 0 0 0 0
car 0.733333333333 0 0 0 123 4 130 0 0 0 0 0 0 0
car 0.0 0 0 107 83 123 94 0 0 0 0 0 0 0
car 0.0 0 0 142 73 158 81 0 0 0 0 0 0 0
car 0.0 0 0 159 95 174 106 0 0 0 0 0 0 0
car 0.0 0 0 239 16 254 27 0 0 0 0 0 0 0
car 0.0 0 0 239 42 250 54 0 0 0 0 0 0 0
car 0.0 0 0 251 44 261 54 0 0 0 0 0 0 0
car 0.0 0 0 266 35 278 46 0 0 0 0 0 0 0
car 0.0 0 0 268 53 283 61 0 0 0 0 0 0 0
car 0.0 0 0 179 135 191 153 0 0 0 0 0 0 0
car 0.0 0 0 170 153 183 168 0 0 0 0 0 0 0
car 0.0 0 0 167 255 182 262 0 0 0 0 0 0 0
car 0.0 0 0 157 257 167 268 0 0 0 0 0 0 0
car 0.0 0 0 187 287 212 301 0 0 0 0 0 0 0
car 0.0 0 0 101 318 113 332 0 0 0 0 0 0 0
