car 0.0 0 0 41 61 59 70 0 0 0 0 0 0 0
car 0.0 0 0 87 39 105 49 0 0 0 0 0 0 0
car 0.0 0 0 44 264 56 274 0 0 0 0 0 0 0
car 0.0 0 0 59 251 71 261 0 0 0 0 0 0 0
car 0.0 0 0 70 239 86 249 0 0 0 0 0 0 0
car 0.0 0 0 83 242 99 255 0 0 0 0 0 0 0
car 0.0 0 0 132 195 147 204 0 0 0 0 0 0 0
car 0.0 0 0 148 185 163 196 0 0 0 0 0 0 0
car 0.0 0 0 211 155 228 165 0 0 0 0 0 0 0
car 0.0 0 0 111 246 126 257 0 0 0 0 0 0 0
car 0.0 0 0 191 292 208 305 0 0 0 0 0 0 0
car 0.0 0 0 198 312 215 322 0 0 0 0 0 0 0
car 0.0 0 0 178 328 194 341 0 0 0 0 0 0 0
car 0.0 0 0 74 295 89 306 0 0 0 0 0 0 0
car 0.0 0 0 236 177 251 186 0 0 0 0 0 0 0
car 0.0 0 0 298 157 312 169 0 0 0 0 0 0 0
car 0.0 0 0 325 151 341 160 0 0 0 0 0 0 0
car 0.0 0 0 245 123 257 134 0 0 0 0 0 0 0
car 0.0 0 0 275 132 288 140 0 0 0 0 0 0 0
car 0.0 0 0 292 129 305 136 0 0 0 0 0 0 0
car 0.0 0 0 334 118 349 126 0 0 0 0 0 0 0
car 0.0 0 0 313 123 328 130 0 0 0 0 0 0 0
