car 0.0 0 0 183 14 196 25 0 0 0 0 0 0 0
car 0.0 0 0 186 11 200 22 0 0 0 0 0 0 0
car 0.0 0 0 192 6 206 16 0 0 0 0 0 0 0
car 0.0 0 0 200 3 215 12 0 0 0 0 0 0 0
car 0.357142857143 0 0 204 0 222 9 0 0 0 0 0 0 0
car 0.0 0 0 296 2 314 16 0 0 0 0 0 0 0
car 0.0 0 0 274 66 289 78 0 0 0 0 0 0 0
car 0.0 0 0 215 102 232 116 0 0 0 0 0 0 0
car 0.0 0 0 183 112 197 122 0 0 0 0 0 0 0
car 0.0 0 0 171 165 184 177 0 0 0 0 0 0 0
car 0.0 0 0 66 188 84 200 0 0 0 0 0 0 0
car 0.0 0 0 135 157 146 169 0 0 0 0 0 0 0
car 0.0 0 0 122 169 135 180 0 0 0 0 0 0 0
car 0.0 0 0 111 178 124 190 0 0 0 0 0 0 0
car 0.0 0 0 10 283 29 298 0 0 0 0 0 0 0
car 0.0 0 0 62 279 78 291 0 0 0 0 0 0 0
car 0.0 0 0 122 263 136 278 0 0 0 0 0 0 0
car 0.0 0 0 91 274 110 287 0 0 0 0 0 0 0
car 0.0 0 0 19 328 36 342 0 0 0 0 0 0 0
car 0.636363636364 0 0 348 160 352 172 0 0 0 0 0 0 0
car 0.0 0 0 325 155 338 167 0 0 0 0 0 0 0
car 0.0 0 0 335 240 342 252 0 0 0 0 0 0 0
car 0.5 0 0 347 276 352 286 0 0 0 0 0 0 0
car 0.272727272727 0 0 344 289 352 301 0 0 0 0 0 0 0
car 0.0 0 0 338 318 349 329 0 0 0 0 0 0 0
car 0.0 0 0 323 337 331 349 0 0 0 0 0 0 0
car 0.0 0 0 336 332 345 342 0 0 0 0 0 0 0
car 0.833333333333 0 0 201 350 218 352 0 0 0 0 0 0 0
car 0.0 0 0 249 46 266 58 0 0 0 0 0 0 0
car 0.0 0 0 94 191 111 207 0 0 0 0 0 0 0
car 0.181818181818 0 0 195 343 211 352 0 0 0 0 0 0 0
