car 0.0 0 0 198 213 218 230 0 0 0 0 0 0 0
car 0.0 0 0 318 298 331 308 0 0 0 0 0 0 0
car 0.6666666666666667 0 0 348 304 352 312 0 0 0 0 0 0 0
car 0.0 0 0 220 303 230 311 0 0 0 0 0 0 0
car 0.0 0 0 157 135 177 148 0 0 0 0 0 0 0
car 0.0 0 0 161 71 180 88 0 0 0 0 0 0 0
car 0.0 0 0 15 186 28 203 0 0 0 0 0 0 0
car 0.0 0 0 101 233 111 252 0 0 0 0 0 0 0
car 0.0 0 0 89 229 97 247 0 0 0 0 0 0 0
car 0.0 0 0 82 229 91 245 0 0 0 0 0 0 0
car 0.0 0 0 74 224 84 240 0 0 0 0 0 0 0
car 0.0 0 0 68 221 77 238 0 0 0 0 0 0 0
car 0.0 0 0 60 224 69 238 0 0 0 0 0 0 0
car 0.0 0 0 53 217 65 233 0 0 0 0 0 0 0
car 0.0 0 0 243 216 262 227 0 0 0 0 0 0 0
car 0.0 0 0 121 46 137 62 0 0 0 0 0 0 0
car 0.0 0 0 206 101 218 114 0 0 0 0 0 0 0
car 0.0 0 0 199 293 211 308 0 0 0 0 0 0 0
car 0.0 0 0 41 77 59 92 0 0 0 0 0 0 0
car 0.0 0 0 101 39 116 50 0 0 0 0 0 0 0
car 0.0 0 0 170 65 189 80 0 0 0 0 0 0 0
car 0.0 0 0 197 315 210 337 0 0 0 0 0 0 0
car 0.0 0 0 277 316 294 327 0 0 0 0 0 0 0
car 0.0 0 0 230 283 244 299 0 0 0 0 0 0 0
car 0.0 0 0 191 284 206 298 0 0 0 0 0 0 0
car 0.0 0 0 58 72 77 85 0 0 0 0 0 0 0
car 0.0 0 0 190 107 206 118 0 0 0 0 0 0 0
car 0.0 0 0 255 127 270 143 0 0 0 0 0 0 0
car 0.0 0 0 221 96 240 112 0 0 0 0 0 0 0
car 0.0 0 0 199 85 212 96 0 0 0 0 0 0 0
car 0.0 0 0 212 120 229 132 0 0 0 0 0 0 0
car 0.0 0 0 233 130 247 142 0 0 0 0 0 0 0
car 0.0 0 0 149 80 169 96 0 0 0 0 0 0 0
car 0.0 0 0 336 57 352 77 0 0 0 0 0 0 0
car 0.0 0 0 126 38 141 49 0 0 0 0 0 0 0
car 0.0 0 0 204 297 222 314 0 0 0 0 0 0 0
car 0.0 0 0 68 28 85 46 0 0 0 0 0 0 0
car 0.0 0 0 145 62 163 76 0 0 0 0 0 0 0
car 0.0 0 0 131 172 146 188 0 0 0 0 0 0 0
car 0.0 0 0 195 144 210 160 0 0 0 0 0 0 0
car 0.0 0 0 183 315 199 333 0 0 0 0 0 0 0
car 0.0 0 0 329 293 348 305 0 0 0 0 0 0 0
car 0.0 0 0 179 305 193 318 0 0 0 0 0 0 0
car 0.0 0 0 233 265 248 281 0 0 0 0 0 0 0
car 0.0 0 0 84 23 99 37 0 0 0 0 0 0 0
car 0.0 0 0 321 314 345 324 0 0 0 0 0 0 0
car 0.0 0 0 133 65 148 76 0 0 0 0 0 0 0
car 0.0 0 0 67 6 83 19 0 0 0 0 0 0 0
car 0.0 0 0 181 204 196 218 0 0 0 0 0 0 0
car 0.0 0 0 172 333 185 346 0 0 0 0 0 0 0
car 0.0 0 0 18 103 35 123 0 0 0 0 0 0 0
car 0.0 0 0 206 315 221 328 0 0 0 0 0 0 0
car 0.0 0 0 248 140 267 156 0 0 0 0 0 0 0
car 0.0 0 0 304 97 320 110 0 0 0 0 0 0 0
car 0.0 0 0 172 92 187 106 0 0 0 0 0 0 0
car 0.0 0 0 109 52 125 68 0 0 0 0 0 0 0
car 0.0 0 0 183 333 199 347 0 0 0 0 0 0 0
car 0.0 0 0 167 323 182 339 0 0 0 0 0 0 0
car 0.0 0 0 208 266 221 282 0 0 0 0 0 0 0
car 0.0 0 0 51 15 66 25 0 0 0 0 0 0 0
car 0.2727272727272727 0 0 336 308 352 321 0 0 0 0 0 0 0
car 0.0 0 0 185 87 201 102 0 0 0 0 0 0 0
car 0.0 0 0 226 113 242 128 0 0 0 0 0 0 0
car 0.0 0 0 254 110 270 118 0 0 0 0 0 0 0
car 0.0 0 0 91 42 106 56 0 0 0 0 0 0 0
