car 0.0 0 0 318 292 333 309 0 0 0 0 0 0 0
car 0.0 0 0 333 277 345 294 0 0 0 0 0 0 0
car 0.0 0 0 310 309 323 321 0 0 0 0 0 0 0
car 0.0 0 0 329 315 337 324 0 0 0 0 0 0 0
car 0.0 0 0 293 332 306 345 0 0 0 0 0 0 0
car 0.33333333333333337 0 0 286 344 297 352 0 0 0 0 0 0 0
car 0.0 0 0 316 329 328 342 0 0 0 0 0 0 0
car 0.6428571428571428 0 0 305 347 317 352 0 0 0 0 0 0 0
car 0.7857142857142857 0 0 349 252 352 267 0 0 0 0 0 0 0
car 0.0 0 0 19 166 30 174 0 0 0 0 0 0 0
car 0.0 0 0 35 174 52 184 0 0 0 0 0 0 0
car 0.0 0 0 21 66 34 76 0 0 0 0 0 0 0
car 0.6666666666666667 0 0 48 348 60 352 0 0 0 0 0 0 0
