car 0.0 0 0 99 90 109 102 0 0 0 0 0 0 0
car 0.0 0 0 289 334 302 351 0 0 0 0 0 0 0
car 0.6428571428571428 0 0 270 347 281 352 0 0 0 0 0 0 0
car 0.0 0 0 264 327 272 341 0 0 0 0 0 0 0
car 0.4736842105263158 0 0 256 342 267 352 0 0 0 0 0 0 0
car 0.0 0 0 198 326 211 344 0 0 0 0 0 0 0
car 0.0 0 0 207 327 217 345 0 0 0 0 0 0 0
car 0.0 0 0 214 333 224 347 0 0 0 0 0 0 0
car 0.0 0 0 120 143 136 155 0 0 0 0 0 0 0
car 0.0 0 0 315 225 333 240 0 0 0 0 0 0 0
car 0.0 0 0 233 317 243 333 0 0 0 0 0 0 0
car 0.0 0 0 222 313 230 326 0 0 0 0 0 0 0
car 0.0 0 0 332 220 351 233 0 0 0 0 0 0 0
car 0.0 0 0 212 312 221 325 0 0 0 0 0 0 0
car 0.0 0 0 250 322 260 334 0 0 0 0 0 0 0
car 0.0 0 0 257 103 274 116 0 0 0 0 0 0 0
car 0.0 0 0 229 251 245 268 0 0 0 0 0 0 0
car 0.0 0 0 203 312 213 325 0 0 0 0 0 0 0
car 0.4117647058823529 0 0 342 176 352 194 0 0 0 0 0 0 0
car 0.0 0 0 226 106 246 121 0 0 0 0 0 0 0
car 0.0 0 0 185 180 197 192 0 0 0 0 0 0 0
car 0.0 0 0 198 161 216 179 0 0 0 0 0 0 0
car 0.3125 0 0 341 154 352 167 0 0 0 0 0 0 0
car 0.0 0 0 292 251 309 271 0 0 0 0 0 0 0
car 0.0 0 0 270 329 281 345 0 0 0 0 0 0 0
car 0.0 0 0 18 81 31 95 0 0 0 0 0 0 0
car 0.0 0 0 325 163 340 173 0 0 0 0 0 0 0
car 0.0 0 0 227 331 239 350 0 0 0 0 0 0 0
