car 0.0 0 0 64 40 75 50 0 0 0 0 0 0 0
car 0.0 0 0 176 56 185 66 0 0 0 0 0 0 0
car 0.0 0 0 148 52 154 61 0 0 0 0 0 0 0
car 0.0 0 0 122 48 134 60 0 0 0 0 0 0 0
car 0.0 0 0 51 41 58 48 0 0 0 0 0 0 0
car 0.0 0 0 141 54 149 61 0 0 0 0 0 0 0
car 0.0 0 0 117 51 125 55 0 0 0 0 0 0 0
car 0.0 0 0 169 106 176 114 0 0 0 0 0 0 0
car 0.0 0 0 166 157 175 165 0 0 0 0 0 0 0
car 0.0 0 0 137 251 145 261 0 0 0 0 0 0 0
car 0.0 0 0 34 188 42 198 0 0 0 0 0 0 0
car 0.0 0 0 153 161 158 166 0 0 0 0 0 0 0
car 0.0 0 0 144 203 153 212 0 0 0 0 0 0 0
car 0.0 0 0 124 199 131 206 0 0 0 0 0 0 0
car 0.0 0 0 100 198 107 203 0 0 0 0 0 0 0
car 0.0 0 0 121 252 130 259 0 0 0 0 0 0 0
car 0.0 0 0 155 55 161 62 0 0 0 0 0 0 0
car 0.0 0 0 159 106 167 113 0 0 0 0 0 0 0
car 0.0 0 0 147 104 154 110 0 0 0 0 0 0 0
car 0.0 0 0 130 251 138 256 0 0 0 0 0 0 0
car 0.0 0 0 236 12 249 32 0 0 0 0 0 0 0
car 0.0 0 0 211 79 228 96 0 0 0 0 0 0 0
