car 0.0 0 0 316 15 333 31 0 0 0 0 0 0 0
car 0.0 0 0 235 39 247 52 0 0 0 0 0 0 0
car 0.0 0 0 310 7 321 22 0 0 0 0 0 0 0
car 0.0 0 0 230 241 240 254 0 0 0 0 0 0 0
car 0.0 0 0 243 191 252 205 0 0 0 0 0 0 0
car 0.0 0 0 182 215 198 228 0 0 0 0 0 0 0
car 0.0 0 0 8 242 25 255 0 0 0 0 0 0 0
car 0.0 0 0 158 269 171 286 0 0 0 0 0 0 0
car 0.0 0 0 125 302 136 315 0 0 0 0 0 0 0
car 0.0 0 0 138 288 148 302 0 0 0 0 0 0 0
car 0.0 0 0 121 326 134 340 0 0 0 0 0 0 0
car 0.0 0 0 191 276 208 296 0 0 0 0 0 0 0
car 0.0 0 0 96 283 109 303 0 0 0 0 0 0 0
car 0.0 0 0 125 243 137 257 0 0 0 0 0 0 0
car 0.0 0 0 185 227 198 243 0 0 0 0 0 0 0
car 0.0 0 0 229 168 242 187 0 0 0 0 0 0 0
car 0.0 0 0 17 285 31 298 0 0 0 0 0 0 0
car 0.0 0 0 227 57 240 70 0 0 0 0 0 0 0
car 0.0 0 0 254 92 269 107 0 0 0 0 0 0 0
car 0.0 0 0 121 216 133 233 0 0 0 0 0 0 0
car 0.0 0 0 130 202 144 214 0 0 0 0 0 0 0
car 1.0 0 0 5 0 13 0 0 0 0 0 0 0 0
car 0.6666666666666667 0 0 0 5 4 18 0 0 0 0 0 0 0
car 0.42105263157894735 0 0 0 269 11 285 0 0 0 0 0 0 0
car 0.0 0 0 186 308 194 320 0 0 0 0 0 0 0
car 0.0 0 0 246 125 258 139 0 0 0 0 0 0 0
car 0.0 0 0 331 64 352 91 0 0 0 0 0 0 0
car 0.85 0 0 349 40 352 63 0 0 0 0 0 0 0
car 0.0 0 0 270 10 281 24 0 0 0 0 0 0 0
car 0.0 0 0 174 143 184 156 0 0 0 0 0 0 0
car 0.0 0 0 285 90 295 101 0 0 0 0 0 0 0
car 0.0 0 0 119 256 130 271 0 0 0 0 0 0 0
car 0.0 0 0 197 198 203 208 0 0 0 0 0 0 0
car 0.0 0 0 230 142 250 159 0 0 0 0 0 0 0
car 0.0 0 0 182 126 198 145 0 0 0 0 0 0 0
car 0.0 0 0 282 15 296 30 0 0 0 0 0 0 0
car 0.0 0 0 267 31 284 46 0 0 0 0 0 0 0
car 0.0 0 0 205 96 217 110 0 0 0 0 0 0 0
car 0.0 0 0 277 135 293 154 0 0 0 0 0 0 0
car 0.0 0 0 178 250 186 266 0 0 0 0 0 0 0
car 0.0 0 0 103 270 123 285 0 0 0 0 0 0 0
car 0.0 0 0 219 73 232 89 0 0 0 0 0 0 0
car 0.0 0 0 297 70 308 84 0 0 0 0 0 0 0
car 0.4901960784313726 0 0 344 0 352 13 0 0 0 0 0 0 0
car 0.0 0 0 257 185 274 201 0 0 0 0 0 0 0
car 0.0 0 0 181 215 193 227 0 0 0 0 0 0 0
car 0.0 0 0 217 168 232 182 0 0 0 0 0 0 0
car 0.0 0 0 113 318 127 334 0 0 0 0 0 0 0
car 0.0 0 0 148 265 159 281 0 0 0 0 0 0 0
car 0.0 0 0 138 210 156 228 0 0 0 0 0 0 0
car 0.0 0 0 133 309 145 325 0 0 0 0 0 0 0
car 0.0 0 0 173 234 186 247 0 0 0 0 0 0 0
car 0.0 0 0 161 251 172 264 0 0 0 0 0 0 0
car 0.0 0 0 329 22 342 38 0 0 0 0 0 0 0
car 0.0 0 0 143 293 159 306 0 0 0 0 0 0 0
car 0.0 0 0 101 333 115 347 0 0 0 0 0 0 0
car 0.0 0 0 254 129 271 149 0 0 0 0 0 0 0
car 0.1333333333333333 0 0 290 0 302 13 0 0 0 0 0 0 0
car 0.0 0 0 237 79 250 94 0 0 0 0 0 0 0
car 0.6875 0 0 272 0 287 5 0 0 0 0 0 0 0
car 0.0 0 0 291 62 305 74 0 0 0 0 0 0 0
car 0.0 0 0 143 331 155 350 0 0 0 0 0 0 0
car 0.0 0 0 245 63 263 80 0 0 0 0 0 0 0
car 0.0 0 0 200 212 208 224 0 0 0 0 0 0 0
car 0.0 0 0 258 103 270 119 0 0 0 0 0 0 0
car 0.33333333333333337 0 0 331 0 343 10 0 0 0 0 0 0 0
car 0.0 0 0 226 95 239 109 0 0 0 0 0 0 0
car 0.0 0 0 193 109 208 123 0 0 0 0 0 0 0
car 0.0 0 0 79 257 97 274 0 0 0 0 0 0 0
car 0.0 0 0 245 149 258 169 0 0 0 0 0 0 0
car 0.0 0 0 271 105 286 122 0 0 0 0 0 0 0
car 0.0 0 0 317 36 333 53 0 0 0 0 0 0 0
car 0.5882352941176471 0 0 282 0 296 7 0 0 0 0 0 0 0
car 0.0 0 0 207 122 220 140 0 0 0 0 0 0 0
car 0.0 0 0 212 190 230 209 0 0 0 0 0 0 0
car 0.0 0 0 263 4 274 18 0 0 0 0 0 0 0
car 0.0 0 0 303 50 319 66 0 0 0 0 0 0 0
car 0.0 0 0 25 232 45 249 0 0 0 0 0 0 0
car 0.0 0 0 130 227 145 243 0 0 0 0 0 0 0
car 0.0 0 0 200 248 216 267 0 0 0 0 0 0 0
car 0.0 0 0 207 182 221 196 0 0 0 0 0 0 0
