car 0.0 0 0 51 326 71 348 0 0 0 0 0 0 0
car 0.46153846153846156 0 0 0 298 7 308 0 0 0 0 0 0 0
car 0.0 0 0 31 321 49 333 0 0 0 0 0 0 0
car 0.0 0 0 24 304 36 312 0 0 0 0 0 0 0
car 0.0 0 0 307 183 315 188 0 0 0 0 0 0 0
car 0.0 0 0 64 322 77 335 0 0 0 0 0 0 0
car 0.0 0 0 12 57 28 77 0 0 0 0 0 0 0
car 0.0 0 0 83 338 97 349 0 0 0 0 0 0 0
car 0.0 0 0 31 330 48 344 0 0 0 0 0 0 0
car 0.0 0 0 61 155 73 173 0 0 0 0 0 0 0
car 0.0 0 0 41 313 56 325 0 0 0 0 0 0 0
car 0.0 0 0 114 5 127 23 0 0 0 0 0 0 0
car 0.0 0 0 159 270 174 285 0 0 0 0 0 0 0
car 0.0 0 0 82 208 96 228 0 0 0 0 0 0 0
car 0.0 0 0 5 293 24 305 0 0 0 0 0 0 0
car 0.125 0 0 0 314 21 324 0 0 0 0 0 0 0
car 0.0 0 0 12 308 34 321 0 0 0 0 0 0 0
