car 0.5698529411764706 0 0 0 339 9 352 0 0 0 0 0 0 0
car 0.0 0 0 325 150 345 172 0 0 0 0 0 0 0
car 0.0 0 0 148 37 168 54 0 0 0 0 0 0 0
car 0.0 0 0 47 267 60 283 0 0 0 0 0 0 0
car 0.0 0 0 67 257 80 269 0 0 0 0 0 0 0
car 0.0 0 0 268 122 281 132 0 0 0 0 0 0 0
car 0.0 0 0 305 145 323 157 0 0 0 0 0 0 0
car 0.0 0 0 298 128 310 136 0 0 0 0 0 0 0
car 0.0 0 0 170 127 180 135 0 0 0 0 0 0 0
car 0.0 0 0 92 219 106 236 0 0 0 0 0 0 0
car 0.0 0 0 69 215 83 229 0 0 0 0 0 0 0
car 0.0 0 0 98 189 112 204 0 0 0 0 0 0 0
car 0.0 0 0 171 161 185 177 0 0 0 0 0 0 0
car 0.0 0 0 62 329 72 344 0 0 0 0 0 0 0
car 0.0 0 0 19 297 32 315 0 0 0 0 0 0 0
car 0.0 0 0 286 211 299 221 0 0 0 0 0 0 0
car 0.0 0 0 51 57 61 76 0 0 0 0 0 0 0
car 0.0 0 0 39 53 47 71 0 0 0 0 0 0 0
car 0.0 0 0 32 53 41 69 0 0 0 0 0 0 0
car 0.0 0 0 24 48 34 64 0 0 0 0 0 0 0
car 0.0 0 0 18 45 27 62 0 0 0 0 0 0 0
car 0.0 0 0 10 48 19 62 0 0 0 0 0 0 0
car 0.0 0 0 3 41 15 57 0 0 0 0 0 0 0
car 0.0 0 0 193 40 212 51 0 0 0 0 0 0 0
car 0.0 0 0 112 174 124 189 0 0 0 0 0 0 0
car 0.0 0 0 149 117 161 132 0 0 0 0 0 0 0
car 0.0 0 0 338 146 351 159 0 0 0 0 0 0 0
car 0.0 0 0 56 233 68 247 0 0 0 0 0 0 0
car 0.0 0 0 143 217 158 234 0 0 0 0 0 0 0
car 0.0 0 0 180 215 191 233 0 0 0 0 0 0 0
car 0.0 0 0 147 139 160 161 0 0 0 0 0 0 0
car 0.0 0 0 227 140 244 151 0 0 0 0 0 0 0
car 0.0 0 0 29 273 43 288 0 0 0 0 0 0 0
car 0.0 0 0 180 107 194 123 0 0 0 0 0 0 0
car 0.0 0 0 141 108 156 122 0 0 0 0 0 0 0
car 0.0 0 0 40 251 56 267 0 0 0 0 0 0 0
car 0.0 0 0 92 184 108 199 0 0 0 0 0 0 0
car 0.0 0 0 78 195 94 213 0 0 0 0 0 0 0
car 0.0 0 0 33 288 47 302 0 0 0 0 0 0 0
car 0.0 0 0 20 320 32 337 0 0 0 0 0 0 0
car 0.0 0 0 136 170 149 186 0 0 0 0 0 0 0
car 0.0 0 0 154 121 172 138 0 0 0 0 0 0 0
car 0.0 0 0 49 325 59 335 0 0 0 0 0 0 0
car 0.0 0 0 55 271 70 286 0 0 0 0 0 0 0
car 0.0 0 0 81 288 100 305 0 0 0 0 0 0 0
car 0.0 0 0 305 154 322 168 0 0 0 0 0 0 0
car 0.0 0 0 315 137 330 149 0 0 0 0 0 0 0
car 0.25 0 0 81 0 96 12 0 0 0 0 0 0 0
car 0.625 0 0 5 346 18 352 0 0 0 0 0 0 0
car 0.0 0 0 92 310 105 324 0 0 0 0 0 0 0
car 0.0 0 0 108 206 121 220 0 0 0 0 0 0 0
car 0.0 0 0 18 171 32 185 0 0 0 0 0 0 0
car 0.0 0 0 133 139 149 157 0 0 0 0 0 0 0
car 0.0 0 0 279 117 298 129 0 0 0 0 0 0 0
car 0.0 0 0 129 129 143 142 0 0 0 0 0 0 0
car 0.0 0 0 183 89 198 105 0 0 0 0 0 0 0
car 0.0 0 0 83 210 97 227 0 0 0 0 0 0 0
car 0.0 0 0 271 138 295 148 0 0 0 0 0 0 0
car 0.0 0 0 131 28 146 42 0 0 0 0 0 0 0
car 0.0 0 0 122 157 135 170 0 0 0 0 0 0 0
car 0.0 0 0 156 139 171 152 0 0 0 0 0 0 0
car 0.0 0 0 7 319 19 334 0 0 0 0 0 0 0
car 0.0 0 0 122 185 137 203 0 0 0 0 0 0 0
car 0.0 0 0 66 228 83 249 0 0 0 0 0 0 0
car 0.0 0 0 191 166 202 182 0 0 0 0 0 0 0
car 0.0 0 0 29 311 42 322 0 0 0 0 0 0 0
car 0.0 0 0 133 157 149 171 0 0 0 0 0 0 0
car 0.7692307692307692 0 0 298 349 317 352 0 0 0 0 0 0 0
car 0.0 0 0 117 147 132 163 0 0 0 0 0 0 0
car 0.0 0 0 110 244 124 259 0 0 0 0 0 0 0
car 0.0 0 0 158 90 171 106 0 0 0 0 0 0 0
car 0.0 0 0 45 291 59 304 0 0 0 0 0 0 0
car 0.0 0 0 286 132 308 145 0 0 0 0 0 0 0
car 0.0 0 0 57 250 70 263 0 0 0 0 0 0 0
car 0.0 0 0 80 242 95 256 0 0 0 0 0 0 0
car 0.0 0 0 148 168 165 188 0 0 0 0 0 0 0
car 0.0 0 0 98 168 114 184 0 0 0 0 0 0 0
