car 0.0 0 0 131 83 150 105 0 0 0 0 0 0 0
car 0.0 0 0 291 234 304 249 0 0 0 0 0 0 0
car 0.0 0 0 234 185 250 198 0 0 0 0 0 0 0
car 0.0 0 0 225 108 239 123 0 0 0 0 0 0 0
car 0.0 0 0 332 242 349 255 0 0 0 0 0 0 0
car 0.2142857142857143 0 0 341 285 352 298 0 0 0 0 0 0 0
car 0.0 0 0 302 262 320 275 0 0 0 0 0 0 0
car 0.0 0 0 14 53 31 67 0 0 0 0 0 0 0
car 0.0 0 0 147 266 158 277 0 0 0 0 0 0 0
car 0.0 0 0 185 278 198 292 0 0 0 0 0 0 0
car 0.0 0 0 214 296 231 307 0 0 0 0 0 0 0
car 0.0 0 0 298 222 313 235 0 0 0 0 0 0 0
car 0.0 0 0 278 212 296 226 0 0 0 0 0 0 0
car 1.0 0 0 329 0 337 0 0 0 0 0 0 0 0
car 0.0 0 0 240 127 251 140 0 0 0 0 0 0 0
car 0.0 0 0 293 8 306 21 0 0 0 0 0 0 0
car 0.0 0 0 286 20 297 32 0 0 0 0 0 0 0
car 0.0 0 0 276 31 288 45 0 0 0 0 0 0 0
car 0.0 0 0 264 47 279 61 0 0 0 0 0 0 0
car 0.0 0 0 316 5 328 18 0 0 0 0 0 0 0
car 0.0 0 0 305 23 317 37 0 0 0 0 0 0 0
car 0.0 0 0 295 39 307 51 0 0 0 0 0 0 0
car 0.0 0 0 286 55 299 68 0 0 0 0 0 0 0
car 0.0 0 0 275 70 287 83 0 0 0 0 0 0 0
car 0.0 0 0 279 225 293 240 0 0 0 0 0 0 0
car 0.0 0 0 272 221 286 238 0 0 0 0 0 0 0
car 0.0 0 0 316 269 335 285 0 0 0 0 0 0 0
car 0.0 0 0 195 288 212 302 0 0 0 0 0 0 0
car 0.0 0 0 121 147 135 162 0 0 0 0 0 0 0
car 0.0 0 0 48 24 60 36 0 0 0 0 0 0 0
car 0.0 0 0 266 219 280 234 0 0 0 0 0 0 0
car 0.0 0 0 90 124 104 141 0 0 0 0 0 0 0
car 0.0 0 0 77 280 91 291 0 0 0 0 0 0 0
car 0.0 0 0 156 171 174 190 0 0 0 0 0 0 0
car 0.0 0 0 132 156 151 170 0 0 0 0 0 0 0
car 0.0 0 0 261 88 276 102 0 0 0 0 0 0 0
car 0.0 0 0 263 204 280 217 0 0 0 0 0 0 0
car 0.0 0 0 85 265 105 278 0 0 0 0 0 0 0
car 0.0 0 0 246 75 263 91 0 0 0 0 0 0 0
car 0.85 0 0 349 232 352 249 0 0 0 0 0 0 0
car 0.0 0 0 253 108 265 121 0 0 0 0 0 0 0
car 0.0 0 0 235 94 249 108 0 0 0 0 0 0 0
car 0.0 0 0 258 62 270 72 0 0 0 0 0 0 0
