car 0.0 0 0 107 283 127 296 0 0 0 0 0 0 0
car 0.0 0 0 111 219 130 236 0 0 0 0 0 0 0
car 0.0 0 0 71 194 87 210 0 0 0 0 0 0 0
car 0.0 0 0 156 249 168 262 0 0 0 0 0 0 0
car 0.5 0 0 0 225 9 240 0 0 0 0 0 0 0
car 0.0 0 0 51 187 66 198 0 0 0 0 0 0 0
car 0.0 0 0 120 213 139 228 0 0 0 0 0 0 0
car 0.0 0 0 8 220 27 233 0 0 0 0 0 0 0
car 0.0 0 0 140 255 156 266 0 0 0 0 0 0 0
car 0.0 0 0 205 275 220 291 0 0 0 0 0 0 0
car 0.0 0 0 171 244 190 260 0 0 0 0 0 0 0
car 0.0 0 0 149 233 162 244 0 0 0 0 0 0 0
car 0.0 0 0 162 268 179 280 0 0 0 0 0 0 0
car 0.0 0 0 183 278 197 290 0 0 0 0 0 0 0
car 0.0 0 0 99 228 119 244 0 0 0 0 0 0 0
car 0.0 0 0 286 205 302 225 0 0 0 0 0 0 0
car 0.0 0 0 76 186 91 197 0 0 0 0 0 0 0
car 0.0 0 0 18 176 35 194 0 0 0 0 0 0 0
car 0.0 0 0 95 210 113 224 0 0 0 0 0 0 0
car 0.0 0 0 335 303 347 321 0 0 0 0 0 0 0
car 0.0 0 0 81 320 96 336 0 0 0 0 0 0 0
car 0.0 0 0 145 292 160 308 0 0 0 0 0 0 0
car 0.0 0 0 34 171 49 185 0 0 0 0 0 0 0
car 0.0 0 0 83 213 98 224 0 0 0 0 0 0 0
car 0.0 0 0 17 154 33 167 0 0 0 0 0 0 0
car 0.0 0 0 198 288 217 304 0 0 0 0 0 0 0
car 0.0 0 0 254 245 270 258 0 0 0 0 0 0 0
car 0.0 0 0 122 240 137 254 0 0 0 0 0 0 0
car 0.0 0 0 59 200 75 216 0 0 0 0 0 0 0
car 0.0 0 0 1 163 16 173 0 0 0 0 0 0 0
car 0.0 0 0 135 235 151 250 0 0 0 0 0 0 0
car 0.0 0 0 176 261 192 276 0 0 0 0 0 0 0
car 0.0 0 0 204 258 220 266 0 0 0 0 0 0 0
car 0.0 0 0 41 190 56 204 0 0 0 0 0 0 0
