car 0.0 0 0 2 121 14 128 0 0 0 0 0 0 0
car 0.0 0 0 2 111 13 119 0 0 0 0 0 0 0
car 0.0 0 0 4 86 14 94 0 0 0 0 0 0 0
car 0.0 0 0 91 287 105 295 0 0 0 0 0 0 0
car 0.0 0 0 90 279 103 288 0 0 0 0 0 0 0
car 0.0 0 0 71 300 80 311 0 0 0 0 0 0 0
car 0.0 0 0 59 328 76 336 0 0 0 0 0 0 0
car 0.0 0 0 59 322 73 329 0 0 0 0 0 0 0
car 0.444444444444 0 0 59 347 74 352 0 0 0 0 0 0 0
car 0.0 0 0 96 313 110 320 0 0 0 0 0 0 0
car 0.0 0 0 96 319 111 327 0 0 0 0 0 0 0
car 0.0 0 0 97 340 111 347 0 0 0 0 0 0 0
car 0.181818181818 0 0 141 343 155 352 0 0 0 0 0 0 0
car 0.0 0 0 216 332 226 344 0 0 0 0 0 0 0
car 0.222222222222 0 0 314 345 331 352 0 0 0 0 0 0 0
