car 0.0 0 0 97 215 111 224 0 0 0 0 0 0 0
car 0.0 0 0 111 240 124 249 0 0 0 0 0 0 0
car 0.0 0 0 118 251 134 261 0 0 0 0 0 0 0
car 0.75 0 0 222 350 232 352 0 0 0 0 0 0 0
car 0.0 0 0 59 4 76 12 0 0 0 0 0 0 0
car 0.285714285714 0 0 59 0 73 5 0 0 0 0 0 0 0
car 0.0 0 0 59 23 74 32 0 0 0 0 0 0 0
car 0.0 0 0 62 38 75 46 0 0 0 0 0 0 0
car 0.625 0 0 96 0 111 3 0 0 0 0 0 0 0
car 0.0 0 0 97 16 111 23 0 0 0 0 0 0 0
car 0.0 0 0 141 19 155 30 0 0 0 0 0 0 0
car 0.0 0 0 115 37 132 49 0 0 0 0 0 0 0
car 0.0 0 0 216 8 226 20 0 0 0 0 0 0 0
car 0.0 0 0 314 21 331 30 0 0 0 0 0 0 0
car 0.0 0 0 340 40 351 51 0 0 0 0 0 0 0
car 0.0 0 0 314 42 325 54 0 0 0 0 0 0 0
car 0.0 0 0 324 41 333 52 0 0 0 0 0 0 0
car 0.0 0 0 168 43 182 55 0 0 0 0 0 0 0
car 0.0 0 0 189 37 199 50 0 0 0 0 0 0 0
car 0.0 0 0 197 39 207 50 0 0 0 0 0 0 0
car 0.0 0 0 144 63 157 75 0 0 0 0 0 0 0
car 0.0 0 0 102 85 115 100 0 0 0 0 0 0 0
car 0.0 0 0 120 81 134 93 0 0 0 0 0 0 0
car 0.0 0 0 114 86 126 98 0 0 0 0 0 0 0
car 0.0 0 0 104 101 118 109 0 0 0 0 0 0 0
car 0.0 0 0 102 107 119 116 0 0 0 0 0 0 0
car 0.0 0 0 229 39 240 52 0 0 0 0 0 0 0
car 0.0 0 0 248 40 257 52 0 0 0 0 0 0 0
car 0.0 0 0 213 39 224 52 0 0 0 0 0 0 0
car 0.0 0 0 204 39 215 52 0 0 0 0 0 0 0
car 0.0 0 0 221 39 231 52 0 0 0 0 0 0 0
car 0.0 0 0 239 40 249 52 0 0 0 0 0 0 0
car 0.0 0 0 107 155 123 163 0 0 0 0 0 0 0
car 0.0 0 0 69 141 85 150 0 0 0 0 0 0 0
car 0.0 0 0 69 150 84 157 0 0 0 0 0 0 0
car 0.0 0 0 71 163 86 172 0 0 0 0 0 0 0
car 0.75 0 0 349 109 352 121 0 0 0 0 0 0 0
car 0.0 0 0 319 116 336 126 0 0 0 0 0 0 0
car 0.0 0 0 297 130 310 140 0 0 0 0 0 0 0
car 0.0 0 0 335 135 347 148 0 0 0 0 0 0 0
car 0.0 0 0 321 172 337 183 0 0 0 0 0 0 0
car 0.0588235294118 0 0 336 193 352 205 0 0 0 0 0 0 0
car 0.352941176471 0 0 341 202 352 211 0 0 0 0 0 0 0
car 0.461538461538 0 0 345 208 352 218 0 0 0 0 0 0 0
car 0.0 0 0 325 241 340 253 0 0 0 0 0 0 0
car 0.0 0 0 179 325 191 334 0 0 0 0 0 0 0
car 0.0 0 0 187 329 199 341 0 0 0 0 0 0 0
