car 0.0 0 0 255 102 271 117 0 0 0 0 0 0 0
car 0.0 0 0 258 86 271 95 0 0 0 0 0 0 0
car 0.0 0 0 185 127 205 139 0 0 0 0 0 0 0
car 0.0 0 0 112 102 130 115 0 0 0 0 0 0 0
car 0.0 0 0 297 177 305 193 0 0 0 0 0 0 0
car 0.0 0 0 302 257 316 264 0 0 0 0 0 0 0
car 0.0 0 0 163 272 180 281 0 0 0 0 0 0 0
car 0.0 0 0 197 130 219 142 0 0 0 0 0 0 0
car 0.0 0 0 220 138 235 147 0 0 0 0 0 0 0
car 0.0 0 0 258 11 267 25 0 0 0 0 0 0 0
car 0.0 0 0 288 96 299 114 0 0 0 0 0 0 0
car 0.0 0 0 31 83 50 96 0 0 0 0 0 0 0
car 0.0 0 0 258 94 275 109 0 0 0 0 0 0 0
car 0.0 0 0 137 110 158 126 0 0 0 0 0 0 0
car 0.0 0 0 257 34 271 55 0 0 0 0 0 0 0
car 0.0 0 0 263 54 281 74 0 0 0 0 0 0 0
car 0.0 0 0 258 127 271 147 0 0 0 0 0 0 0
car 0.0 0 0 158 117 174 130 0 0 0 0 0 0 0
car 0.0 0 0 107 116 128 131 0 0 0 0 0 0 0
car 0.0 0 0 255 76 272 89 0 0 0 0 0 0 0
car 0.0 0 0 17 77 33 89 0 0 0 0 0 0 0
