car 0.0 0 0 73 160 83 180 0 0 0 0 0 0 0
car 0.0 0 0 61 222 73 241 0 0 0 0 0 0 0
car 0.0 0 0 121 335 136 351 0 0 0 0 0 0 0
car 0.0 0 0 77 98 90 118 0 0 0 0 0 0 0
car 0.0 0 0 83 72 96 88 0 0 0 0 0 0 0
car 0.0 0 0 85 150 96 168 0 0 0 0 0 0 0
car 0.0 0 0 87 109 98 126 0 0 0 0 0 0 0
car 0.0 0 0 87 91 94 110 0 0 0 0 0 0 0
car 0.0 0 0 66 30 79 49 0 0 0 0 0 0 0
car 0.0 0 0 72 51 81 67 0 0 0 0 0 0 0
car 0.0 0 0 79 38 89 55 0 0 0 0 0 0 0
car 0.0 0 0 304 78 317 87 0 0 0 0 0 0 0
car 0.0 0 0 205 52 221 63 0 0 0 0 0 0 0
car 0.0 0 0 236 44 257 56 0 0 0 0 0 0 0
car 0.0 0 0 333 72 350 82 0 0 0 0 0 0 0
car 0.0 0 0 73 185 80 203 0 0 0 0 0 0 0
car 0.0 0 0 85 177 92 190 0 0 0 0 0 0 0
car 0.0 0 0 87 130 95 146 0 0 0 0 0 0 0
car 0.0 0 0 42 290 52 308 0 0 0 0 0 0 0
car 0.0 0 0 67 205 78 219 0 0 0 0 0 0 0
car 0.0 0 0 23 335 36 347 0 0 0 0 0 0 0
car 0.0 0 0 168 209 180 234 0 0 0 0 0 0 0
car 0.0 0 0 71 227 83 249 0 0 0 0 0 0 0
car 0.0 0 0 75 138 87 158 0 0 0 0 0 0 0
car 0.0 0 0 50 270 57 287 0 0 0 0 0 0 0
car 0.0 0 0 78 193 91 214 0 0 0 0 0 0 0
car 0.0 0 0 80 121 88 140 0 0 0 0 0 0 0
car 0.0 0 0 52 249 66 267 0 0 0 0 0 0 0
car 0.0 0 0 75 73 85 90 0 0 0 0 0 0 0
car 0.0 0 0 32 312 45 332 0 0 0 0 0 0 0
