car 0.0 0 0 167 144 184 152 0 0 0 0 0 0 0
car 0.0 0 0 329 35 342 52 0 0 0 0 0 0 0
car 0.0 0 0 47 123 65 137 0 0 0 0 0 0 0
car 0.0 0 0 9 125 28 132 0 0 0 0 0 0 0
car 0.0 0 0 235 105 249 125 0 0 0 0 0 0 0
car 0.0 0 0 69 126 88 139 0 0 0 0 0 0 0
car 0.0 0 0 285 158 302 170 0 0 0 0 0 0 0
car 0.0 0 0 254 309 271 322 0 0 0 0 0 0 0
car 0.0 0 0 317 69 326 86 0 0 0 0 0 0 0
car 0.0 0 0 254 154 269 162 0 0 0 0 0 0 0
car 0.866666666667 0 0 238 0 251 2 0 0 0 0 0 0 0
car 0.8 0 0 244 0 260 3 0 0 0 0 0 0 0
car 0.285714285714 0 0 313 0 323 10 0 0 0 0 0 0 0
car 0.0 0 0 213 151 227 158 0 0 0 0 0 0 0
car 0.705882352941 0 0 301 0 316 5 0 0 0 0 0 0 0
car 0.222222222222 0 0 326 0 340 14 0 0 0 0 0 0 0
car 0.0 0 0 112 136 134 143 0 0 0 0 0 0 0
