car 0.0 0 0 121 157 130 172 0 0 0 0 0 0 0
car 0.0 0 0 120 208 126 228 0 0 0 0 0 0 0
car 0.0 0 0 269 145 285 153 0 0 0 0 0 0 0
car 0.0 0 0 192 262 205 271 0 0 0 0 0 0 0
car 0.0 0 0 323 274 330 287 0 0 0 0 0 0 0
car 0.0 0 0 143 33 151 47 0 0 0 0 0 0 0
car 0.0 0 0 0 221 17 230 0 0 0 0 0 0 0
car 0.0 0 0 262 287 280 298 0 0 0 0 0 0 0
car 0.0 0 0 248 274 268 287 0 0 0 0 0 0 0
car 0.0 0 0 185 246 196 259 0 0 0 0 0 0 0
car 0.0 0 0 133 2 140 20 0 0 0 0 0 0 0
car 0.0 0 0 114 51 122 69 0 0 0 0 0 0 0
car 0.0 0 0 67 96 84 107 0 0 0 0 0 0 0
car 0.0 0 0 302 47 312 65 0 0 0 0 0 0 0
car 0.0 0 0 300 65 309 82 0 0 0 0 0 0 0
car 0.0 0 0 300 84 309 98 0 0 0 0 0 0 0
car 0.0 0 0 299 97 308 112 0 0 0 0 0 0 0
car 0.0 0 0 107 218 117 235 0 0 0 0 0 0 0
