car 0.0 0 0 47 324 60 339 0 0 0 0 0 0 0
car 0.0 0 0 70 243 81 268 0 0 0 0 0 0 0
car 0.0 0 0 64 289 77 307 0 0 0 0 0 0 0
car 0.0 0 0 85 135 93 152 0 0 0 0 0 0 0
car 0.0 0 0 89 55 104 76 0 0 0 0 0 0 0
car 0.47619047619 0 0 97 0 109 11 0 0 0 0 0 0 0
car 0.0 0 0 252 263 261 282 0 0 0 0 0 0 0
car 0.0 0 0 68 110 78 128 0 0 0 0 0 0 0
car 0.0 0 0 66 131 75 150 0 0 0 0 0 0 0
car 0.0 0 0 76 185 88 205 0 0 0 0 0 0 0
car 0.0 0 0 113 130 121 150 0 0 0 0 0 0 0
car 0.88 0 0 349 333 352 345 0 0 0 0 0 0 0
car 0.0 0 0 71 219 83 232 0 0 0 0 0 0 0
