car 0.111111111111 0 0 260 0 270 16 0 0 0 0 0 0 0
car 0.0 0 0 78 222 90 232 0 0 0 0 0 0 0
car 0.0 0 0 30 228 41 235 0 0 0 0 0 0 0
car 0.0 0 0 2 59 17 72 0 0 0 0 0 0 0
car 0.0 0 0 25 78 42 89 0 0 0 0 0 0 0
car 0.0 0 0 54 22 68 35 0 0 0 0 0 0 0
car 0.0 0 0 28 71 46 81 0 0 0 0 0 0 0
car 0.0 0 0 34 60 49 71 0 0 0 0 0 0 0
car 0.0 0 0 288 193 300 209 0 0 0 0 0 0 0
car 0.0 0 0 46 236 61 244 0 0 0 0 0 0 0
car 0.0 0 0 24 186 42 198 0 0 0 0 0 0 0
car 0.0 0 0 115 43 132 54 0 0 0 0 0 0 0
car 0.0 0 0 155 56 170 66 0 0 0 0 0 0 0
car 0.0 0 0 176 62 197 74 0 0 0 0 0 0 0
car 0.0 0 0 204 68 219 79 0 0 0 0 0 0 0
car 0.894736842105 0 0 289 0 300 2 0 0 0 0 0 0 0
car 0.0 0 0 290 4 301 20 0 0 0 0 0 0 0
car 0.0 0 0 259 56 267 72 0 0 0 0 0 0 0
car 0.0 0 0 291 59 300 77 0 0 0 0 0 0 0
car 0.0 0 0 258 185 269 201 0 0 0 0 0 0 0
car 0.0 0 0 262 223 271 241 0 0 0 0 0 0 0
car 0.0 0 0 258 150 267 167 0 0 0 0 0 0 0
car 0.0 0 0 290 136 299 152 0 0 0 0 0 0 0
car 0.0 0 0 291 100 299 116 0 0 0 0 0 0 0
car 0.0 0 0 290 231 300 247 0 0 0 0 0 0 0
car 0.0 0 0 290 248 298 264 0 0 0 0 0 0 0
car 0.0 0 0 65 90 72 103 0 0 0 0 0 0 0
car 0.0 0 0 70 91 80 105 0 0 0 0 0 0 0
car 0.0 0 0 65 27 83 43 0 0 0 0 0 0 0
car 0.0 0 0 258 335 267 349 0 0 0 0 0 0 0
car 0.0 0 0 268 267 281 284 0 0 0 0 0 0 0
car 0.0 0 0 288 42 299 59 0 0 0 0 0 0 0
car 0.0 0 0 256 118 269 139 0 0 0 0 0 0 0
car 0.0 0 0 256 282 270 300 0 0 0 0 0 0 0
car 0.0 0 0 289 302 303 322 0 0 0 0 0 0 0
car 0.0 0 0 287 177 302 196 0 0 0 0 0 0 0
car 0.0 0 0 31 16 51 30 0 0 0 0 0 0 0
car 0.0 0 0 84 33 102 47 0 0 0 0 0 0 0
car 0.0 0 0 268 26 280 50 0 0 0 0 0 0 0
car 0.0 0 0 164 249 178 268 0 0 0 0 0 0 0
