car 0.0 0 0 90 327 102 341 0 0 0 0 0 0 0
car 0.0 0 0 130 329 147 344 0 0 0 0 0 0 0
car 0.0 0 0 216 334 239 346 0 0 0 0 0 0 0
car 0.0 0 0 120 318 145 332 0 0 0 0 0 0 0
car 0.0 0 0 223 252 234 265 0 0 0 0 0 0 0
car 0.0 0 0 215 251 225 263 0 0 0 0 0 0 0
car 0.0 0 0 207 251 217 266 0 0 0 0 0 0 0
car 0.0 0 0 201 250 209 262 0 0 0 0 0 0 0
car 0.0 0 0 193 249 203 263 0 0 0 0 0 0 0
car 0.0 0 0 187 248 197 261 0 0 0 0 0 0 0
car 0.0 0 0 100 328 111 340 0 0 0 0 0 0 0
car 0.0 0 0 204 290 220 300 0 0 0 0 0 0 0
car 0.0 0 0 35 310 54 322 0 0 0 0 0 0 0
car 0.0 0 0 92 170 98 180 0 0 0 0 0 0 0
car 0.0 0 0 100 55 113 71 0 0 0 0 0 0 0
car 0.0 0 0 102 77 115 94 0 0 0 0 0 0 0
car 0.0 0 0 129 73 142 89 0 0 0 0 0 0 0
car 0.0 0 0 103 45 119 65 0 0 0 0 0 0 0
car 0.0 0 0 103 36 117 51 0 0 0 0 0 0 0
car 0.0 0 0 105 25 118 42 0 0 0 0 0 0 0
car 0.0 0 0 107 16 121 31 0 0 0 0 0 0 0
car 0.0 0 0 133 14 149 25 0 0 0 0 0 0 0
car 0.0 0 0 134 22 150 34 0 0 0 0 0 0 0
car 0.0 0 0 136 43 148 55 0 0 0 0 0 0 0
car 0.0 0 0 170 293 188 303 0 0 0 0 0 0 0
car 0.0 0 0 314 321 331 330 0 0 0 0 0 0 0
car 0.0 0 0 147 329 158 344 0 0 0 0 0 0 0
car 0.0 0 0 155 332 169 345 0 0 0 0 0 0 0
car 0.0 0 0 81 322 93 341 0 0 0 0 0 0 0
car 0.0 0 0 168 330 180 343 0 0 0 0 0 0 0
car 0.0 0 0 179 335 188 345 0 0 0 0 0 0 0
car 0.0 0 0 143 311 160 319 0 0 0 0 0 0 0
car 0.0 0 0 91 294 110 304 0 0 0 0 0 0 0
car 0.0 0 0 257 228 274 238 0 0 0 0 0 0 0
car 0.0 0 0 257 246 271 254 0 0 0 0 0 0 0
car 0.0 0 0 274 247 293 258 0 0 0 0 0 0 0
car 0.866666666667 0 0 0 268 2 276 0 0 0 0 0 0 0
car 0.0 0 0 2 270 18 279 0 0 0 0 0 0 0
car 0.0 0 0 15 279 32 288 0 0 0 0 0 0 0
car 0.0 0 0 27 268 42 280 0 0 0 0 0 0 0
car 0.0 0 0 38 269 51 281 0 0 0 0 0 0 0
car 0.0 0 0 52 272 68 281 0 0 0 0 0 0 0
car 0.0 0 0 70 274 86 283 0 0 0 0 0 0 0
car 0.0 0 0 74 282 94 293 0 0 0 0 0 0 0
car 0.0 0 0 87 304 108 313 0 0 0 0 0 0 0
car 0.0 0 0 110 290 126 299 0 0 0 0 0 0 0
car 0.0 0 0 130 298 147 307 0 0 0 0 0 0 0
car 0.0 0 0 106 278 121 286 0 0 0 0 0 0 0
car 0.0 0 0 201 298 218 307 0 0 0 0 0 0 0
car 0.0 0 0 201 306 220 315 0 0 0 0 0 0 0
car 0.0 0 0 218 320 235 329 0 0 0 0 0 0 0
car 0.0 0 0 236 301 255 311 0 0 0 0 0 0 0
car 0.0 0 0 89 275 105 287 0 0 0 0 0 0 0
car 0.0 0 0 235 255 245 272 0 0 0 0 0 0 0
car 0.0 0 0 243 310 262 323 0 0 0 0 0 0 0
car 0.0 0 0 257 258 269 274 0 0 0 0 0 0 0
car 0.0 0 0 197 215 206 230 0 0 0 0 0 0 0
car 0.0 0 0 189 212 197 230 0 0 0 0 0 0 0
car 0.0 0 0 293 330 309 341 0 0 0 0 0 0 0
car 0.0 0 0 2 320 16 338 0 0 0 0 0 0 0
car 0.0 0 0 139 290 157 300 0 0 0 0 0 0 0
car 0.0 0 0 45 287 64 298 0 0 0 0 0 0 0
car 0.0 0 0 207 213 217 232 0 0 0 0 0 0 0
car 0.0 0 0 249 253 260 273 0 0 0 0 0 0 0
car 0.0 0 0 286 310 307 318 0 0 0 0 0 0 0
car 0.0 0 0 274 260 282 275 0 0 0 0 0 0 0
car 0.0 0 0 244 253 254 273 0 0 0 0 0 0 0
car 0.0 0 0 176 211 185 227 0 0 0 0 0 0 0
car 0.0 0 0 168 212 178 232 0 0 0 0 0 0 0
car 0.0 0 0 183 217 192 229 0 0 0 0 0 0 0
car 0.0 0 0 281 263 293 280 0 0 0 0 0 0 0
car 0.0 0 0 266 258 275 274 0 0 0 0 0 0 0
car 0.0 0 0 312 254 325 263 0 0 0 0 0 0 0
car 0.0 0 0 289 298 307 310 0 0 0 0 0 0 0
car 0.0 0 0 159 212 168 226 0 0 0 0 0 0 0
