car 0.0 0 0 289 236 296 249 0 0 0 0 0 0 0
car 0.0 0 0 253 48 259 61 0 0 0 0 0 0 0
car 0.0 0 0 278 220 286 235 0 0 0 0 0 0 0
car 0.0 0 0 200 226 213 233 0 0 0 0 0 0 0
car 0.0 0 0 7 43 27 54 0 0 0 0 0 0 0
car 0.0 0 0 209 37 219 53 0 0 0 0 0 0 0
car 0.0 0 0 185 37 196 53 0 0 0 0 0 0 0
car 0.0 0 0 179 37 188 51 0 0 0 0 0 0 0
car 0.0 0 0 170 37 180 54 0 0 0 0 0 0 0
car 0.0 0 0 199 36 210 54 0 0 0 0 0 0 0
car 0.0 0 0 240 67 249 82 0 0 0 0 0 0 0
car 0.0 0 0 216 231 227 237 0 0 0 0 0 0 0
car 0.1875 0 0 0 32 13 40 0 0 0 0 0 0 0
car 0.0 0 0 115 37 122 52 0 0 0 0 0 0 0
car 0.0 0 0 269 51 278 68 0 0 0 0 0 0 0
car 0.0 0 0 279 61 287 78 0 0 0 0 0 0 0
car 0.0 0 0 276 15 286 30 0 0 0 0 0 0 0
car 0.0 0 0 22 39 37 47 0 0 0 0 0 0 0
car 0.0 0 0 161 218 179 228 0 0 0 0 0 0 0
car 0.0 0 0 229 234 243 241 0 0 0 0 0 0 0
car 0.0 0 0 122 42 130 65 0 0 0 0 0 0 0
car 0.0 0 0 261 160 270 177 0 0 0 0 0 0 0
car 0.0 0 0 285 133 295 152 0 0 0 0 0 0 0
