car 0.0 0 0 134 243 149 260 0 0 0 0 0 0 0
car 0.0 0 0 280 268 295 277 0 0 0 0 0 0 0
car 0.0 0 0 246 280 255 288 0 0 0 0 0 0 0
car 0.0 0 0 173 262 194 277 0 0 0 0 0 0 0
car 0.0 0 0 249 263 267 271 0 0 0 0 0 0 0
car 0.0 0 0 299 282 311 297 0 0 0 0 0 0 0
car 0.0 0 0 308 283 321 296 0 0 0 0 0 0 0
car 0.0 0 0 317 285 329 295 0 0 0 0 0 0 0
car 0.0 0 0 332 283 346 297 0 0 0 0 0 0 0
car 0.555555555556 0 0 348 288 352 297 0 0 0 0 0 0 0
car 0.0 0 0 146 74 154 87 0 0 0 0 0 0 0
car 0.0 0 0 150 43 157 56 0 0 0 0 0 0 0
car 0.0 0 0 3 218 18 228 0 0 0 0 0 0 0
car 0.0 0 0 12 232 27 240 0 0 0 0 0 0 0
car 0.0 0 0 181 247 196 255 0 0 0 0 0 0 0
car 0.0 0 0 199 247 217 258 0 0 0 0 0 0 0
car 0.0 0 0 219 249 237 260 0 0 0 0 0 0 0
car 0.0 0 0 212 261 226 269 0 0 0 0 0 0 0
car 0.0 0 0 231 265 247 273 0 0 0 0 0 0 0
car 0.0 0 0 287 257 305 268 0 0 0 0 0 0 0
car 0.0 0 0 312 259 329 269 0 0 0 0 0 0 0
car 0.0 0 0 303 268 318 276 0 0 0 0 0 0 0
car 0.0 0 0 328 272 348 281 0 0 0 0 0 0 0
car 0.0 0 0 155 241 172 252 0 0 0 0 0 0 0
car 0.0 0 0 262 254 281 268 0 0 0 0 0 0 0
car 0.0 0 0 255 278 268 290 0 0 0 0 0 0 0
car 0.0 0 0 240 251 255 265 0 0 0 0 0 0 0
