car 0.0 0 0 55 89 69 109 0 0 0 0 0 0 0
car 0.0 0 0 244 46 260 57 0 0 0 0 0 0 0
car 0.0 0 0 4 166 21 179 0 0 0 0 0 0 0
car 0.0 0 0 59 162 69 176 0 0 0 0 0 0 0
car 0.0 0 0 54 177 65 197 0 0 0 0 0 0 0
car 0.0 0 0 94 52 106 71 0 0 0 0 0 0 0
car 0.0 0 0 82 88 93 104 0 0 0 0 0 0 0
car 0.0 0 0 71 94 82 113 0 0 0 0 0 0 0
car 0.0 0 0 66 114 76 130 0 0 0 0 0 0 0
car 0.0 0 0 47 129 58 143 0 0 0 0 0 0 0
car 0.0 0 0 79 106 91 123 0 0 0 0 0 0 0
car 0.0 0 0 97 14 108 32 0 0 0 0 0 0 0
car 0.0 0 0 28 251 47 264 0 0 0 0 0 0 0
car 0.0 0 0 68 246 84 258 0 0 0 0 0 0 0
car 0.0 0 0 121 263 139 273 0 0 0 0 0 0 0
car 0.0 0 0 303 197 319 204 0 0 0 0 0 0 0
car 0.0 0 0 274 217 282 234 0 0 0 0 0 0 0
car 0.0 0 0 317 205 330 216 0 0 0 0 0 0 0
car 0.0 0 0 318 309 335 318 0 0 0 0 0 0 0
car 0.0 0 0 291 317 308 326 0 0 0 0 0 0 0
car 0.0 0 0 248 294 263 304 0 0 0 0 0 0 0
car 0.0 0 0 188 279 208 290 0 0 0 0 0 0 0
car 0.0 0 0 183 293 198 301 0 0 0 0 0 0 0
car 0.0 0 0 216 301 230 309 0 0 0 0 0 0 0
car 0.0 0 0 89 35 101 48 0 0 0 0 0 0 0
car 0.0 0 0 260 312 279 322 0 0 0 0 0 0 0
car 0.0 0 0 28 239 45 251 0 0 0 0 0 0 0
car 0.0 0 0 43 180 54 194 0 0 0 0 0 0 0
car 0.0 0 0 76 74 87 90 0 0 0 0 0 0 0
car 0.0 0 0 30 188 43 208 0 0 0 0 0 0 0
car 0.0 0 0 333 327 348 339 0 0 0 0 0 0 0
car 0.0 0 0 99 37 111 52 0 0 0 0 0 0 0
car 0.0 0 0 84 51 97 70 0 0 0 0 0 0 0
car 0.0 0 0 8 336 21 348 0 0 0 0 0 0 0
car 0.0 0 0 91 70 102 88 0 0 0 0 0 0 0
car 0.0 0 0 34 219 51 236 0 0 0 0 0 0 0
car 0.0 0 0 71 129 84 147 0 0 0 0 0 0 0
car 0.0 0 0 63 148 75 164 0 0 0 0 0 0 0
car 0.0 0 0 50 157 63 173 0 0 0 0 0 0 0
