car 0.772727272727 0 0 0 137 5 150 0 0 0 0 0 0 0
car 0.0 0 0 328 166 345 179 0 0 0 0 0 0 0
car 0.0 0 0 205 322 215 337 0 0 0 0 0 0 0
car 0.0 0 0 83 140 98 149 0 0 0 0 0 0 0
car 0.0 0 0 99 145 115 158 0 0 0 0 0 0 0
car 0.0 0 0 126 155 139 165 0 0 0 0 0 0 0
car 0.0 0 0 143 160 162 172 0 0 0 0 0 0 0
car 0.0 0 0 169 167 190 181 0 0 0 0 0 0 0
car 0.0 0 0 192 172 219 189 0 0 0 0 0 0 0
car 0.0 0 0 177 181 196 193 0 0 0 0 0 0 0
car 0.0 0 0 198 189 211 198 0 0 0 0 0 0 0
car 0.0 0 0 214 193 227 203 0 0 0 0 0 0 0
car 0.0 0 0 227 186 244 198 0 0 0 0 0 0 0
car 0.0 0 0 228 196 245 207 0 0 0 0 0 0 0
car 0.0 0 0 227 210 245 221 0 0 0 0 0 0 0
car 0.0 0 0 250 203 267 213 0 0 0 0 0 0 0
car 0.0 0 0 272 207 287 218 0 0 0 0 0 0 0
car 0.0 0 0 265 228 281 238 0 0 0 0 0 0 0
car 0.0 0 0 287 199 305 210 0 0 0 0 0 0 0
car 0.0 0 0 297 294 308 307 0 0 0 0 0 0 0
car 0.0 0 0 307 294 317 308 0 0 0 0 0 0 0
car 0.0 0 0 210 276 218 296 0 0 0 0 0 0 0
car 0.5 0 0 282 343 297 352 0 0 0 0 0 0 0
car 0.0 0 0 269 197 286 209 0 0 0 0 0 0 0
car 0.0 0 0 249 192 263 203 0 0 0 0 0 0 0
car 0.0 0 0 332 336 345 348 0 0 0 0 0 0 0
car 0.0 0 0 125 185 144 198 0 0 0 0 0 0 0
car 0.0 0 0 171 199 192 211 0 0 0 0 0 0 0
car 0.0 0 0 55 162 72 173 0 0 0 0 0 0 0
