car 0.0 0 0 180 182 188 198 0 0 0 0 0 0 0
car 0.0 0 0 205 221 210 234 0 0 0 0 0 0 0
car 0.0 0 0 241 224 249 241 0 0 0 0 0 0 0
car 0.0 0 0 226 221 233 236 0 0 0 0 0 0 0
car 0.0 0 0 199 185 207 200 0 0 0 0 0 0 0
car 0.0 0 0 215 219 223 235 0 0 0 0 0 0 0
car 0.0 0 0 190 187 199 198 0 0 0 0 0 0 0
car 0.0 0 0 171 180 181 194 0 0 0 0 0 0 0
car 0.0714285714286 0 0 0 123 13 133 0 0 0 0 0 0 0
car 0.0 0 0 17 125 31 136 0 0 0 0 0 0 0
car 0.0 0 0 152 322 166 333 0 0 0 0 0 0 0
car 0.0 0 0 331 43 351 54 0 0 0 0 0 0 0
car 0.0 0 0 102 229 114 249 0 0 0 0 0 0 0
car 0.0 0 0 232 11 246 23 0 0 0 0 0 0 0
car 0.0 0 0 193 210 206 233 0 0 0 0 0 0 0
car 0.0 0 0 287 27 304 36 0 0 0 0 0 0 0
car 0.0 0 0 305 29 321 37 0 0 0 0 0 0 0
car 0.0 0 0 321 32 337 40 0 0 0 0 0 0 0
car 0.6 0 0 346 39 352 47 0 0 0 0 0 0 0
car 0.0 0 0 297 36 318 48 0 0 0 0 0 0 0
car 0.0 0 0 233 224 241 239 0 0 0 0 0 0 0
car 0.0 0 0 252 20 269 28 0 0 0 0 0 0 0
car 0.0 0 0 169 0 191 8 0 0 0 0 0 0 0
