car 0.0 0 0 208 97 220 117 0 0 0 0 0 0 0
car 0.0 0 0 218 77 233 95 0 0 0 0 0 0 0
car 0.0 0 0 170 129 183 147 0 0 0 0 0 0 0
car 0.0 0 0 125 278 138 287 0 0 0 0 0 0 0
car 0.133333333333 0 0 205 0 215 13 0 0 0 0 0 0 0
car 0.0 0 0 203 40 212 56 0 0 0 0 0 0 0
car 0.0 0 0 201 57 209 74 0 0 0 0 0 0 0
car 0.0 0 0 197 131 205 144 0 0 0 0 0 0 0
car 0.0 0 0 198 219 210 233 0 0 0 0 0 0 0
car 0.0 0 0 162 237 174 254 0 0 0 0 0 0 0
car 0.0 0 0 282 19 297 37 0 0 0 0 0 0 0
car 0.0 0 0 133 284 147 299 0 0 0 0 0 0 0
car 0.0 0 0 332 12 345 24 0 0 0 0 0 0 0
