car 0.583333333333 0 0 0 285 5 295 0 0 0 0 0 0 0
car 0.0 0 0 8 283 22 297 0 0 0 0 0 0 0
car 0.0 0 0 24 288 33 297 0 0 0 0 0 0 0
car 0.0 0 0 261 269 282 278 0 0 0 0 0 0 0
car 0.0 0 0 238 274 254 284 0 0 0 0 0 0 0
car 0.0 0 0 209 307 226 322 0 0 0 0 0 0 0
car 0.0 0 0 238 311 251 326 0 0 0 0 0 0 0
car 0.0 0 0 244 312 260 327 0 0 0 0 0 0 0
car 0.0 0 0 313 320 323 334 0 0 0 0 0 0 0
car 0.705882352941 0 0 0 259 5 269 0 0 0 0 0 0 0
car 0.0 0 0 4 272 24 281 0 0 0 0 0 0 0
car 0.0 0 0 191 261 211 271 0 0 0 0 0 0 0
car 0.0 0 0 160 276 176 285 0 0 0 0 0 0 0
car 0.0 0 0 264 262 283 272 0 0 0 0 0 0 0
car 0.0 0 0 311 268 326 276 0 0 0 0 0 0 0
car 0.0 0 0 326 270 342 279 0 0 0 0 0 0 0
car 0.235294117647 0 0 339 279 352 288 0 0 0 0 0 0 0
car 0.933333333333 0 0 351 268 352 280 0 0 0 0 0 0 0
car 0.0 0 0 310 283 323 293 0 0 0 0 0 0 0
car 0.0 0 0 276 298 285 303 0 0 0 0 0 0 0
car 0.0 0 0 63 276 79 288 0 0 0 0 0 0 0
car 0.0 0 0 29 271 48 284 0 0 0 0 0 0 0
car 0.0 0 0 48 237 68 249 0 0 0 0 0 0 0
car 0.0 0 0 72 241 90 251 0 0 0 0 0 0 0
car 0.0 0 0 145 246 161 260 0 0 0 0 0 0 0
car 0.0 0 0 301 312 316 329 0 0 0 0 0 0 0
car 0.0 0 0 326 320 340 338 0 0 0 0 0 0 0
car 0.0 0 0 291 264 308 273 0 0 0 0 0 0 0
car 0.0 0 0 297 275 315 285 0 0 0 0 0 0 0
car 0.0 0 0 272 278 287 289 0 0 0 0 0 0 0
car 0.0 0 0 185 270 202 283 0 0 0 0 0 0 0
