car 0.0 0 0 165 116 182 124 0 0 0 0 0 0 0
car 0.0 0 0 134 206 148 215 0 0 0 0 0 0 0
car 0.0 0 0 139 191 157 202 0 0 0 0 0 0 0
car 0.0 0 0 164 122 177 131 0 0 0 0 0 0 0
car 0.0 0 0 102 109 114 123 0 0 0 0 0 0 0
car 0.0 0 0 161 140 175 148 0 0 0 0 0 0 0
car 0.0 0 0 53 201 70 222 0 0 0 0 0 0 0
car 0.0 0 0 231 233 247 244 0 0 0 0 0 0 0
car 0.0 0 0 113 158 127 178 0 0 0 0 0 0 0
car 0.0 0 0 166 145 181 157 0 0 0 0 0 0 0
car 0.0 0 0 213 232 229 244 0 0 0 0 0 0 0
car 0.0 0 0 157 128 174 141 0 0 0 0 0 0 0
