car 0.0 0 0 261 280 274 289 0 0 0 0 0 0 0
car 0.0 0 0 278 292 287 306 0 0 0 0 0 0 0
car 0.0 0 0 238 255 246 272 0 0 0 0 0 0 0
car 0.0 0 0 270 223 281 238 0 0 0 0 0 0 0
car 0.0 0 0 279 222 290 236 0 0 0 0 0 0 0
car 0.0 0 0 154 206 171 217 0 0 0 0 0 0 0
car 0.0 0 0 6 56 22 65 0 0 0 0 0 0 0
car 0.0 0 0 272 290 280 308 0 0 0 0 0 0 0
car 0.0 0 0 205 205 215 221 0 0 0 0 0 0 0
car 0.0 0 0 277 271 285 284 0 0 0 0 0 0 0
car 0.0 0 0 263 266 275 274 0 0 0 0 0 0 0
car 0.0 0 0 215 208 224 221 0 0 0 0 0 0 0
car 0.0 0 0 255 303 267 311 0 0 0 0 0 0 0
car 0.0 0 0 138 202 152 214 0 0 0 0 0 0 0
car 0.0 0 0 196 205 204 218 0 0 0 0 0 0 0
car 0.0 0 0 260 273 273 282 0 0 0 0 0 0 0
car 0.0 0 0 318 247 333 258 0 0 0 0 0 0 0
car 0.0 0 0 257 287 269 295 0 0 0 0 0 0 0
car 0.0 0 0 190 207 197 220 0 0 0 0 0 0 0
car 0.0 0 0 191 338 207 349 0 0 0 0 0 0 0
car 0.0 0 0 256 296 268 302 0 0 0 0 0 0 0
