car 0.0 0 0 44 288 52 304 0 0 0 0 0 0 0
car 0.0 0 0 53 287 60 302 0 0 0 0 0 0 0
car 0.0 0 0 89 226 101 238 0 0 0 0 0 0 0
car 0.0 0 0 99 246 109 261 0 0 0 0 0 0 0
car 0.0 0 0 108 243 115 257 0 0 0 0 0 0 0
car 0.0 0 0 89 214 104 227 0 0 0 0 0 0 0
car 0.0 0 0 143 280 163 285 0 0 0 0 0 0 0
car 0.0 0 0 149 290 164 296 0 0 0 0 0 0 0
car 0.0 0 0 147 311 162 318 0 0 0 0 0 0 0
car 0.0 0 0 146 319 159 325 0 0 0 0 0 0 0
car 0.0 0 0 165 310 178 318 0 0 0 0 0 0 0
car 0.0 0 0 216 280 238 290 0 0 0 0 0 0 0
car 0.0 0 0 216 266 235 274 0 0 0 0 0 0 0
