car 0.9 0 0 48 0 66 2 0 0 0 0 0 0 0
car 0.0 0 0 144 98 159 109 0 0 0 0 0 0 0
car 0.0 0 0 111 176 121 188 0 0 0 0 0 0 0
car 0.0 0 0 207 211 217 224 0 0 0 0 0 0 0
car 0.0 0 0 148 215 162 229 0 0 0 0 0 0 0
car 0.0 0 0 114 194 126 204 0 0 0 0 0 0 0
car 0.0 0 0 122 145 136 159 0 0 0 0 0 0 0
car 0.0 0 0 279 209 295 224 0 0 0 0 0 0 0
car 0.0 0 0 276 215 287 228 0 0 0 0 0 0 0
car 0.0 0 0 270 220 282 233 0 0 0 0 0 0 0
car 0.0 0 0 251 215 265 227 0 0 0 0 0 0 0
car 0.0 0 0 242 206 255 218 0 0 0 0 0 0 0
car 0.0 0 0 332 204 345 215 0 0 0 0 0 0 0
car 0.333333333333 0 0 342 219 352 233 0 0 0 0 0 0 0
car 0.666666666667 0 0 348 229 352 241 0 0 0 0 0 0 0
car 0.0 0 0 315 182 331 198 0 0 0 0 0 0 0
car 0.428571428571 0 0 99 0 117 12 0 0 0 0 0 0 0
car 0.0 0 0 260 220 270 232 0 0 0 0 0 0 0
car 0.0 0 0 265 191 276 204 0 0 0 0 0 0 0
car 0.0 0 0 147 172 156 194 0 0 0 0 0 0 0
