car 0.0 0 0 48 306 66 326 0 0 0 0 0 0 0
car 0.0 0 0 68 299 81 316 0 0 0 0 0 0 0
car 0.0 0 0 77 294 89 308 0 0 0 0 0 0 0
car 0.0 0 0 189 310 204 323 0 0 0 0 0 0 0
car 0.0 0 0 161 138 176 148 0 0 0 0 0 0 0
car 0.0 0 0 149 128 165 139 0 0 0 0 0 0 0
car 0.0 0 0 83 33 92 41 0 0 0 0 0 0 0
car 0.0 0 0 98 34 109 45 0 0 0 0 0 0 0
car 0.0 0 0 94 43 104 54 0 0 0 0 0 0 0
car 0.0 0 0 125 24 135 41 0 0 0 0 0 0 0
car 0.0 0 0 115 26 122 37 0 0 0 0 0 0 0
car 0.0 0 0 124 39 134 47 0 0 0 0 0 0 0
car 0.0 0 0 108 56 122 67 0 0 0 0 0 0 0
car 0.0 0 0 89 58 108 69 0 0 0 0 0 0 0
car 0.0 0 0 210 200 223 209 0 0 0 0 0 0 0
car 0.0 0 0 205 196 216 205 0 0 0 0 0 0 0
car 0.0 0 0 265 215 283 231 0 0 0 0 0 0 0
car 0.0 0 0 99 315 117 336 0 0 0 0 0 0 0
car 0.0 0 0 141 268 161 283 0 0 0 0 0 0 0
car 0.0 0 0 129 244 146 261 0 0 0 0 0 0 0
car 0.0 0 0 258 170 272 179 0 0 0 0 0 0 0
car 0.0 0 0 242 171 256 181 0 0 0 0 0 0 0
car 0.0 0 0 255 164 267 174 0 0 0 0 0 0 0
car 0.0 0 0 323 146 336 159 0 0 0 0 0 0 0
car 0.0 0 0 230 147 244 158 0 0 0 0 0 0 0
car 0.0 0 0 239 159 251 167 0 0 0 0 0 0 0
car 0.0 0 0 223 146 235 155 0 0 0 0 0 0 0
car 0.0 0 0 233 139 243 148 0 0 0 0 0 0 0
car 0.0 0 0 294 159 304 170 0 0 0 0 0 0 0
car 0.0 0 0 143 122 156 133 0 0 0 0 0 0 0
car 0.0 0 0 207 116 221 128 0 0 0 0 0 0 0
car 0.0 0 0 226 116 241 126 0 0 0 0 0 0 0
car 0.0 0 0 222 111 237 121 0 0 0 0 0 0 0
car 0.0 0 0 218 105 230 114 0 0 0 0 0 0 0
car 0.0 0 0 172 152 182 162 0 0 0 0 0 0 0
car 0.0 0 0 245 147 256 157 0 0 0 0 0 0 0
car 0.0 0 0 297 85 313 95 0 0 0 0 0 0 0
car 0.0 0 0 165 145 179 156 0 0 0 0 0 0 0
car 0.0 0 0 182 144 191 154 0 0 0 0 0 0 0
car 0.0 0 0 223 135 236 147 0 0 0 0 0 0 0
car 0.0 0 0 220 130 232 141 0 0 0 0 0 0 0
car 0.0 0 0 215 124 228 133 0 0 0 0 0 0 0
car 0.0 0 0 289 75 303 85 0 0 0 0 0 0 0
car 0.0 0 0 193 76 208 87 0 0 0 0 0 0 0
car 0.0 0 0 174 78 191 89 0 0 0 0 0 0 0
car 0.0 0 0 134 110 147 120 0 0 0 0 0 0 0
car 0.0 0 0 187 139 198 151 0 0 0 0 0 0 0
car 0.0 0 0 173 131 185 144 0 0 0 0 0 0 0
car 0.0 0 0 200 106 212 115 0 0 0 0 0 0 0
car 0.0 0 0 171 112 185 126 0 0 0 0 0 0 0
car 0.0 0 0 179 128 189 140 0 0 0 0 0 0 0
car 0.0 0 0 130 78 145 90 0 0 0 0 0 0 0
car 0.0 0 0 126 73 138 83 0 0 0 0 0 0 0
car 0.0 0 0 159 120 172 130 0 0 0 0 0 0 0
car 0.0 0 0 192 99 201 111 0 0 0 0 0 0 0
car 0.0 0 0 232 63 243 73 0 0 0 0 0 0 0
car 0.0 0 0 133 105 145 113 0 0 0 0 0 0 0
car 0.0 0 0 126 101 137 110 0 0 0 0 0 0 0
car 0.0 0 0 136 85 150 94 0 0 0 0 0 0 0
car 0.0 0 0 185 89 196 98 0 0 0 0 0 0 0
car 0.0 0 0 179 83 193 93 0 0 0 0 0 0 0
car 0.0 0 0 95 65 110 75 0 0 0 0 0 0 0
car 0.0 0 0 101 70 110 81 0 0 0 0 0 0 0
car 0.0 0 0 108 71 119 80 0 0 0 0 0 0 0
car 0.0 0 0 119 86 131 96 0 0 0 0 0 0 0
car 0.0 0 0 185 95 198 107 0 0 0 0 0 0 0
car 0.0 0 0 262 97 272 106 0 0 0 0 0 0 0
car 0.0 0 0 270 102 277 115 0 0 0 0 0 0 0
car 0.0 0 0 116 38 126 51 0 0 0 0 0 0 0
car 0.0 0 0 147 105 158 112 0 0 0 0 0 0 0
car 0.0 0 0 113 77 125 85 0 0 0 0 0 0 0
car 0.0 0 0 107 29 116 37 0 0 0 0 0 0 0
car 0.0 0 0 338 105 351 117 0 0 0 0 0 0 0
car 0.0 0 0 302 91 320 101 0 0 0 0 0 0 0
car 0.0 0 0 121 94 136 105 0 0 0 0 0 0 0
car 0.352941176471 0 0 341 216 352 225 0 0 0 0 0 0 0
car 0.0 0 0 198 186 207 194 0 0 0 0 0 0 0
car 0.0 0 0 272 236 281 247 0 0 0 0 0 0 0
car 0.0 0 0 264 62 278 81 0 0 0 0 0 0 0
car 0.0 0 0 230 159 237 165 0 0 0 0 0 0 0
car 0.0 0 0 200 192 212 199 0 0 0 0 0 0 0
