car 0.0 0 0 103 183 135 194 0 0 0 0 0 0 0
car 0.0 0 0 175 191 184 219 0 0 0 0 0 0 0
car 0.0 0 0 184 193 197 213 0 0 0 0 0 0 0
car 0.0 0 0 144 167 172 177 0 0 0 0 0 0 0
car 0.0 0 0 166 90 173 119 0 0 0 0 0 0 0
car 0.0 0 0 153 95 166 117 0 0 0 0 0 0 0
car 0.0 0 0 263 192 274 216 0 0 0 0 0 0 0
car 0.0 0 0 219 189 230 215 0 0 0 0 0 0 0
car 0.0 0 0 205 132 215 155 0 0 0 0 0 0 0
car 0.0 0 0 299 143 311 168 0 0 0 0 0 0 0
car 0.0 0 0 330 190 343 221 0 0 0 0 0 0 0
car 0.0 0 0 195 193 207 214 0 0 0 0 0 0 0
car 0.0 0 0 279 142 290 164 0 0 0 0 0 0 0
