car 0.0 0 0 44 4 51 22 0 0 0 0 0 0 0
car 0.375 0 0 126 0 134 10 0 0 0 0 0 0 0
car 0.0 0 0 114 12 127 19 0 0 0 0 0 0 0
car 0.0 0 0 96 52 113 67 0 0 0 0 0 0 0
car 0.0 0 0 155 69 169 83 0 0 0 0 0 0 0
car 0.0 0 0 165 67 176 80 0 0 0 0 0 0 0
car 0.0 0 0 170 64 181 75 0 0 0 0 0 0 0
car 0.0 0 0 175 57 189 71 0 0 0 0 0 0 0
car 0.0 0 0 183 49 196 66 0 0 0 0 0 0 0
car 0.0 0 0 188 46 201 60 0 0 0 0 0 0 0
car 0.0 0 0 195 41 208 56 0 0 0 0 0 0 0
car 0.0 0 0 83 309 92 317 0 0 0 0 0 0 0
car 0.0 0 0 98 310 109 321 0 0 0 0 0 0 0
car 0.0 0 0 94 319 104 330 0 0 0 0 0 0 0
car 0.0 0 0 125 300 135 317 0 0 0 0 0 0 0
car 0.0 0 0 115 302 122 313 0 0 0 0 0 0 0
car 0.0 0 0 124 315 134 323 0 0 0 0 0 0 0
car 0.0 0 0 108 332 122 343 0 0 0 0 0 0 0
car 0.0 0 0 89 334 108 345 0 0 0 0 0 0 0
car 0.9 0 0 289 351 303 352 0 0 0 0 0 0 0
car 0.7 0 0 126 349 138 352 0 0 0 0 0 0 0
car 0.0 0 0 232 339 243 349 0 0 0 0 0 0 0
car 0.0 0 0 95 341 110 351 0 0 0 0 0 0 0
car 0.454545454545 0 0 101 346 110 352 0 0 0 0 0 0 0
car 0.444444444444 0 0 108 347 119 352 0 0 0 0 0 0 0
car 0.0 0 0 116 314 126 327 0 0 0 0 0 0 0
car 0.0 0 0 107 305 116 313 0 0 0 0 0 0 0
car 0.263157894737 0 0 264 338 278 352 0 0 0 0 0 0 0
car 0.923076923077 0 0 159 0 165 1 0 0 0 0 0 0 0
car 0.4375 0 0 118 0 125 9 0 0 0 0 0 0 0
