car 0.0 0 0 160 263 176 278 0 0 0 0 0 0 0
car 0.0 0 0 121 194 141 203 0 0 0 0 0 0 0
car 0.0769230769231 0 0 0 146 12 159 0 0 0 0 0 0 0
car 0.0 0 0 38 143 51 155 0 0 0 0 0 0 0
car 0.0 0 0 31 129 46 145 0 0 0 0 0 0 0
car 0.0 0 0 55 177 68 189 0 0 0 0 0 0 0
car 0.0 0 0 51 185 64 199 0 0 0 0 0 0 0
car 0.0 0 0 75 211 87 222 0 0 0 0 0 0 0
car 0.0 0 0 51 230 61 241 0 0 0 0 0 0 0
car 0.0 0 0 14 105 27 117 0 0 0 0 0 0 0
car 0.0 0 0 171 120 182 135 0 0 0 0 0 0 0
car 0.0 0 0 218 108 233 121 0 0 0 0 0 0 0
car 0.0 0 0 157 109 169 119 0 0 0 0 0 0 0
car 0.0 0 0 146 92 156 103 0 0 0 0 0 0 0
car 0.0 0 0 212 73 225 82 0 0 0 0 0 0 0
car 0.0 0 0 196 42 206 55 0 0 0 0 0 0 0
car 0.0 0 0 170 80 186 92 0 0 0 0 0 0 0
car 0.0 0 0 17 216 34 225 0 0 0 0 0 0 0
car 0.0 0 0 75 41 80 49 0 0 0 0 0 0 0
car 0.0 0 0 228 53 244 69 0 0 0 0 0 0 0
car 0.0 0 0 59 40 64 49 0 0 0 0 0 0 0
car 0.0 0 0 63 39 69 49 0 0 0 0 0 0 0
car 0.0 0 0 70 40 75 47 0 0 0 0 0 0 0
