car 0.0 0 0 48 258 66 278 0 0 0 0 0 0 0
car 0.0 0 0 68 251 81 268 0 0 0 0 0 0 0
car 0.0 0 0 77 246 89 260 0 0 0 0 0 0 0
car 0.0 0 0 189 262 204 275 0 0 0 0 0 0 0
car 0.0 0 0 161 90 176 100 0 0 0 0 0 0 0
car 0.0 0 0 149 80 165 91 0 0 0 0 0 0 0
car 0.454545454545 0 0 94 0 104 6 0 0 0 0 0 0 0
car 0.0 0 0 108 8 122 19 0 0 0 0 0 0 0
car 0.0 0 0 89 10 108 21 0 0 0 0 0 0 0
car 0.0 0 0 210 152 223 161 0 0 0 0 0 0 0
car 0.0 0 0 205 148 216 157 0 0 0 0 0 0 0
car 0.0 0 0 265 167 283 183 0 0 0 0 0 0 0
car 0.0 0 0 99 267 117 288 0 0 0 0 0 0 0
car 0.0 0 0 141 220 161 235 0 0 0 0 0 0 0
car 0.0 0 0 129 196 146 213 0 0 0 0 0 0 0
car 0.0 0 0 258 122 272 131 0 0 0 0 0 0 0
car 0.0 0 0 242 123 256 133 0 0 0 0 0 0 0
car 0.0 0 0 255 116 267 126 0 0 0 0 0 0 0
car 0.0 0 0 323 98 336 111 0 0 0 0 0 0 0
car 0.0 0 0 230 99 244 110 0 0 0 0 0 0 0
car 0.0 0 0 239 111 251 119 0 0 0 0 0 0 0
car 0.0 0 0 223 98 235 107 0 0 0 0 0 0 0
car 0.0 0 0 233 91 243 100 0 0 0 0 0 0 0
car 0.0 0 0 294 111 304 122 0 0 0 0 0 0 0
car 0.0 0 0 143 74 156 85 0 0 0 0 0 0 0
car 0.0 0 0 207 68 221 80 0 0 0 0 0 0 0
car 0.0 0 0 226 68 241 78 0 0 0 0 0 0 0
car 0.0 0 0 222 63 237 73 0 0 0 0 0 0 0
car 0.0 0 0 218 57 230 66 0 0 0 0 0 0 0
car 0.0 0 0 172 104 182 114 0 0 0 0 0 0 0
car 0.0 0 0 245 99 256 109 0 0 0 0 0 0 0
car 0.0 0 0 297 37 313 47 0 0 0 0 0 0 0
car 0.0 0 0 165 97 179 108 0 0 0 0 0 0 0
car 0.0 0 0 182 96 191 106 0 0 0 0 0 0 0
car 0.0 0 0 223 87 236 99 0 0 0 0 0 0 0
car 0.0 0 0 220 82 232 93 0 0 0 0 0 0 0
car 0.0 0 0 215 76 228 85 0 0 0 0 0 0 0
car 0.0 0 0 289 27 303 37 0 0 0 0 0 0 0
car 0.0 0 0 193 28 208 39 0 0 0 0 0 0 0
car 0.0 0 0 174 30 191 41 0 0 0 0 0 0 0
car 0.0 0 0 134 62 147 72 0 0 0 0 0 0 0
car 0.0 0 0 187 91 198 103 0 0 0 0 0 0 0
car 0.0 0 0 173 83 185 96 0 0 0 0 0 0 0
car 0.0 0 0 200 58 212 67 0 0 0 0 0 0 0
car 0.0 0 0 171 64 185 78 0 0 0 0 0 0 0
car 0.0 0 0 179 80 189 92 0 0 0 0 0 0 0
car 0.0 0 0 130 30 145 42 0 0 0 0 0 0 0
car 0.0 0 0 126 25 138 35 0 0 0 0 0 0 0
car 0.0 0 0 159 72 172 82 0 0 0 0 0 0 0
car 0.0 0 0 192 51 201 63 0 0 0 0 0 0 0
car 0.0 0 0 232 15 243 25 0 0 0 0 0 0 0
car 0.0 0 0 133 57 145 65 0 0 0 0 0 0 0
car 0.0 0 0 126 53 137 62 0 0 0 0 0 0 0
car 0.0 0 0 136 37 150 46 0 0 0 0 0 0 0
car 0.0 0 0 185 41 196 50 0 0 0 0 0 0 0
car 0.0 0 0 179 35 193 45 0 0 0 0 0 0 0
car 0.0 0 0 95 17 110 27 0 0 0 0 0 0 0
car 0.0 0 0 101 22 110 33 0 0 0 0 0 0 0
car 0.0 0 0 108 23 119 32 0 0 0 0 0 0 0
car 0.0 0 0 119 38 131 48 0 0 0 0 0 0 0
car 0.0 0 0 185 47 198 59 0 0 0 0 0 0 0
car 0.0 0 0 262 49 272 58 0 0 0 0 0 0 0
car 0.0 0 0 270 54 277 67 0 0 0 0 0 0 0
car 0.769230769231 0 0 116 0 126 3 0 0 0 0 0 0 0
car 0.0 0 0 147 57 158 64 0 0 0 0 0 0 0
car 0.0 0 0 113 29 125 37 0 0 0 0 0 0 0
car 0.0 0 0 338 57 351 69 0 0 0 0 0 0 0
car 0.0 0 0 302 43 320 53 0 0 0 0 0 0 0
car 0.0 0 0 121 46 136 57 0 0 0 0 0 0 0
car 0.352941176471 0 0 341 168 352 177 0 0 0 0 0 0 0
car 0.0 0 0 198 138 207 146 0 0 0 0 0 0 0
car 0.0 0 0 272 188 281 199 0 0 0 0 0 0 0
car 0.0 0 0 264 14 278 33 0 0 0 0 0 0 0
car 0.0 0 0 230 111 237 117 0 0 0 0 0 0 0
car 0.0 0 0 200 144 212 151 0 0 0 0 0 0 0
