car 0.0 0 0 160 215 176 230 0 0 0 0 0 0 0
car 0.0 0 0 121 146 141 155 0 0 0 0 0 0 0
car 0.0769230769231 0 0 0 98 12 111 0 0 0 0 0 0 0
car 0.0 0 0 38 95 51 107 0 0 0 0 0 0 0
car 0.0 0 0 31 81 46 97 0 0 0 0 0 0 0
car 0.0 0 0 55 129 68 141 0 0 0 0 0 0 0
car 0.0 0 0 51 137 64 151 0 0 0 0 0 0 0
car 0.0 0 0 75 163 87 174 0 0 0 0 0 0 0
car 0.0 0 0 51 182 61 193 0 0 0 0 0 0 0
car 0.0 0 0 14 57 27 69 0 0 0 0 0 0 0
car 0.0 0 0 171 72 182 87 0 0 0 0 0 0 0
car 0.0 0 0 218 60 233 73 0 0 0 0 0 0 0
car 0.0 0 0 157 61 169 71 0 0 0 0 0 0 0
car 0.0 0 0 146 44 156 55 0 0 0 0 0 0 0
car 0.0 0 0 212 25 225 34 0 0 0 0 0 0 0
car 0.461538461538 0 0 196 0 206 7 0 0 0 0 0 0 0
car 0.0 0 0 170 32 186 44 0 0 0 0 0 0 0
car 0.0 0 0 268 328 291 347 0 0 0 0 0 0 0
car 0.0 0 0 241 306 256 315 0 0 0 0 0 0 0
car 0.0 0 0 17 168 34 177 0 0 0 0 0 0 0
car 0.875 0 0 75 0 80 1 0 0 0 0 0 0 0
car 0.0 0 0 228 5 244 21 0 0 0 0 0 0 0
car 0.888888888889 0 0 59 0 64 1 0 0 0 0 0 0 0
car 0.9 0 0 63 0 69 1 0 0 0 0 0 0 0
