car 0.0 0 0 8 69 21 89 0 0 0 0 0 0 0
car 0.0 0 0 87 68 98 92 0 0 0 0 0 0 0
car 0.0 0 0 43 65 54 91 0 0 0 0 0 0 0
car 0.0 0 0 29 8 39 31 0 0 0 0 0 0 0
car 0.0 0 0 123 19 135 44 0 0 0 0 0 0 0
car 0.0 0 0 154 66 167 97 0 0 0 0 0 0 0
car 0.0 0 0 277 66 284 82 0 0 0 0 0 0 0
car 0.0 0 0 257 67 268 82 0 0 0 0 0 0 0
car 0.5 0 0 344 34 352 42 0 0 0 0 0 0 0
car 0.0 0 0 19 69 31 90 0 0 0 0 0 0 0
car 0.0 0 0 288 22 297 36 0 0 0 0 0 0 0
car 0.0 0 0 319 56 331 72 0 0 0 0 0 0 0
car 0.0 0 0 199 63 211 89 0 0 0 0 0 0 0
car 0.0 0 0 179 69 190 92 0 0 0 0 0 0 0
car 0.0 0 0 268 67 276 85 0 0 0 0 0 0 0
car 0.0 0 0 103 18 114 40 0 0 0 0 0 0 0
