car 0.130434782609 0 0 29 332 39 352 0 0 0 0 0 0 0
car 0.64 0 0 123 343 135 352 0 0 0 0 0 0 0
car 0.0 0 0 212 260 223 286 0 0 0 0 0 0 0
car 0.0 0 0 185 249 213 261 0 0 0 0 0 0 0
car 0.0 0 0 220 218 228 234 0 0 0 0 0 0 0
car 0.0 0 0 240 223 248 236 0 0 0 0 0 0 0
car 0.0 0 0 228 236 244 247 0 0 0 0 0 0 0
car 0.0 0 0 231 7 260 19 0 0 0 0 0 0 0
car 0.571428571429 0 0 288 346 297 352 0 0 0 0 0 0 0
car 0.0 0 0 228 185 238 205 0 0 0 0 0 0 0
car 0.545454545455 0 0 103 342 114 352 0 0 0 0 0 0 0
car 0.0 0 0 183 18 205 30 0 0 0 0 0 0 0
car 0.0 0 0 210 238 231 257 0 0 0 0 0 0 0
car 0.0 0 0 239 187 248 215 0 0 0 0 0 0 0
