car 0.8 0 0 192 0 204 2 0 0 0 0 0 0 0
car 0.0 0 0 283 11 293 27 0 0 0 0 0 0 0
car 0.0 0 0 304 145 313 153 0 0 0 0 0 0 0
car 0.8888888888888888 0 0 40 351 52 352 0 0 0 0 0 0 0
car 0.0 0 0 46 345 56 352 0 0 0 0 0 0 0
car 0.0 0 0 50 340 59 348 0 0 0 0 0 0 0
car 0.0 0 0 51 333 66 345 0 0 0 0 0 0 0
car 0.0 0 0 54 326 67 337 0 0 0 0 0 0 0
car 0.0 0 0 97 340 110 350 0 0 0 0 0 0 0
car 0.5 0 0 115 348 127 352 0 0 0 0 0 0 0
car 0.75 0 0 348 307 352 319 0 0 0 0 0 0 0
car 0.0 0 0 216 1 229 10 0 0 0 0 0 0 0
car 0.0 0 0 222 5 234 14 0 0 0 0 0 0 0
car 0.0 0 0 228 8 240 17 0 0 0 0 0 0 0
car 0.0 0 0 234 12 245 21 0 0 0 0 0 0 0
car 0.0 0 0 340 133 347 144 0 0 0 0 0 0 0
car 0.0 0 0 263 88 272 97 0 0 0 0 0 0 0
car 0.0 0 0 309 117 315 130 0 0 0 0 0 0 0
car 0.0 0 0 317 121 323 133 0 0 0 0 0 0 0
car 0.0 0 0 176 11 182 23 0 0 0 0 0 0 0
car 0.0 0 0 171 51 178 64 0 0 0 0 0 0 0
car 0.0 0 0 230 74 242 85 0 0 0 0 0 0 0
car 0.0 0 0 157 43 164 57 0 0 0 0 0 0 0
car 0.0 0 0 295 110 302 120 0 0 0 0 0 0 0
car 0.0 0 0 202 55 211 63 0 0 0 0 0 0 0
car 0.0 0 0 220 66 229 76 0 0 0 0 0 0 0
car 0.0 0 0 262 99 269 110 0 0 0 0 0 0 0
car 0.0 0 0 158 27 167 37 0 0 0 0 0 0 0
car 0.0 0 0 230 85 236 98 0 0 0 0 0 0 0
car 0.0 0 0 235 86 242 100 0 0 0 0 0 0 0
car 0.0 0 0 310 100 315 111 0 0 0 0 0 0 0
car 0.0 0 0 167 38 177 45 0 0 0 0 0 0 0
car 0.0 0 0 295 38 305 50 0 0 0 0 0 0 0
car 0.2727272727272727 0 0 344 19 352 30 0 0 0 0 0 0 0
car 0.0 0 0 302 115 309 125 0 0 0 0 0 0 0
car 0.0 0 0 145 37 151 49 0 0 0 0 0 0 0
car 0.0 0 0 214 77 221 91 0 0 0 0 0 0 0
car 0.0 0 0 332 111 340 124 0 0 0 0 0 0 0
car 0.0 0 0 183 43 191 52 0 0 0 0 0 0 0
car 0.5 0 0 349 135 352 145 0 0 0 0 0 0 0
car 0.0 0 0 206 21 211 33 0 0 0 0 0 0 0
car 0.0 0 0 171 10 176 22 0 0 0 0 0 0 0
car 0.0 0 0 251 79 259 88 0 0 0 0 0 0 0
car 0.0 0 0 222 31 228 43 0 0 0 0 0 0 0
car 0.0 0 0 183 13 188 25 0 0 0 0 0 0 0
car 0.0 0 0 183 58 189 71 0 0 0 0 0 0 0
car 0.0 0 0 261 52 266 64 0 0 0 0 0 0 0
car 0.0 0 0 229 34 234 46 0 0 0 0 0 0 0
car 0.0 0 0 324 123 333 137 0 0 0 0 0 0 0
car 0.0 0 0 267 55 272 67 0 0 0 0 0 0 0
car 0.0 0 0 245 42 251 56 0 0 0 0 0 0 0
car 0.0 0 0 256 83 266 93 0 0 0 0 0 0 0
car 0.0 0 0 202 69 208 81 0 0 0 0 0 0 0
car 0.0 0 0 263 25 273 35 0 0 0 0 0 0 0
car 0.0 0 0 332 126 339 141 0 0 0 0 0 0 0
car 0.0 0 0 175 38 185 49 0 0 0 0 0 0 0
car 0.0 0 0 206 59 216 68 0 0 0 0 0 0 0
car 0.0 0 0 268 93 279 102 0 0 0 0 0 0 0
car 0.0 0 0 249 91 255 105 0 0 0 0 0 0 0
car 0.0 0 0 216 27 222 42 0 0 0 0 0 0 0
car 0.4 0 0 349 117 352 131 0 0 0 0 0 0 0
car 0.0 0 0 221 81 228 93 0 0 0 0 0 0 0
car 0.0 0 0 196 64 202 76 0 0 0 0 0 0 0
car 0.0 0 0 275 26 283 39 0 0 0 0 0 0 0
car 0.0 0 0 188 14 194 28 0 0 0 0 0 0 0
car 0.0 0 0 164 31 174 40 0 0 0 0 0 0 0
car 0.0 0 0 226 70 234 80 0 0 0 0 0 0 0
car 0.0 0 0 163 48 171 62 0 0 0 0 0 0 0
car 0.0 0 0 304 97 309 109 0 0 0 0 0 0 0
car 0.0 0 0 324 110 331 122 0 0 0 0 0 0 0
car 0.0 0 0 199 16 206 30 0 0 0 0 0 0 0
car 0.0 0 0 194 15 199 27 0 0 0 0 0 0 0
car 0.0 0 0 189 47 197 58 0 0 0 0 0 0 0
car 0.0 0 0 251 45 258 58 0 0 0 0 0 0 0
car 0.0 0 0 237 39 244 52 0 0 0 0 0 0 0
car 0.0 0 0 150 26 158 35 0 0 0 0 0 0 0
car 0.0 0 0 255 97 261 109 0 0 0 0 0 0 0
car 1.0 0 0 158 0 166 0 0 0 0 0 0 0 0
car 0.0 0 0 243 88 249 99 0 0 0 0 0 0 0
car 0.0 0 0 341 114 347 127 0 0 0 0 0 0 0
car 0.0 0 0 178 55 184 67 0 0 0 0 0 0 0
car 0.0 0 0 212 25 216 37 0 0 0 0 0 0 0
car 0.0 0 0 150 40 157 53 0 0 0 0 0 0 0
car 0.0 0 0 208 72 215 83 0 0 0 0 0 0 0
car 0.0 0 0 291 92 297 103 0 0 0 0 0 0 0
car 0.0 0 0 317 105 323 118 0 0 0 0 0 0 0
car 0.0 0 0 195 51 205 59 0 0 0 0 0 0 0
car 0.0 0 0 213 62 223 71 0 0 0 0 0 0 0
car 0.0 0 0 242 77 250 86 0 0 0 0 0 0 0
car 0.0 0 0 189 60 195 74 0 0 0 0 0 0 0
car 0.0 0 0 303 25 312 38 0 0 0 0 0 0 0
