car 0.0 0 0 291 303 306 318 0 0 0 0 0 0 0
car 0.0 0 0 303 301 317 312 0 0 0 0 0 0 0
car 0.0 0 0 306 293 320 304 0 0 0 0 0 0 0
car 0.0 0 0 264 291 281 304 0 0 0 0 0 0 0
car 0.0 0 0 277 192 288 202 0 0 0 0 0 0 0
car 0.0 0 0 289 201 299 208 0 0 0 0 0 0 0
car 0.0 0 0 313 192 328 202 0 0 0 0 0 0 0
car 0.0 0 0 303 265 318 277 0 0 0 0 0 0 0
car 0.0 0 0 307 279 318 289 0 0 0 0 0 0 0
car 0.0 0 0 306 285 321 295 0 0 0 0 0 0 0
car 0.6666666666666667 0 0 332 347 340 352 0 0 0 0 0 0 0
car 0.0 0 0 336 178 351 188 0 0 0 0 0 0 0
car 0.0 0 0 334 217 350 226 0 0 0 0 0 0 0
car 0.0 0 0 314 135 327 140 0 0 0 0 0 0 0
car 0.0 0 0 335 172 350 181 0 0 0 0 0 0 0
car 0.0 0 0 233 76 247 86 0 0 0 0 0 0 0
car 0.0 0 0 232 85 246 92 0 0 0 0 0 0 0
car 0.0 0 0 337 205 350 215 0 0 0 0 0 0 0
car 0.0 0 0 312 128 326 134 0 0 0 0 0 0 0
car 0.0 0 0 335 160 351 169 0 0 0 0 0 0 0
