car 0.0 0 0 264 312 276 329 0 0 0 0 0 0 0
car 0.0 0 0 270 315 282 331 0 0 0 0 0 0 0
car 0.0 0 0 277 317 291 335 0 0 0 0 0 0 0
car 0.0 0 0 289 322 299 337 0 0 0 0 0 0 0
car 0.0 0 0 293 324 304 339 0 0 0 0 0 0 0
car 0.0 0 0 297 327 309 342 0 0 0 0 0 0 0
car 0.0 0 0 303 331 315 347 0 0 0 0 0 0 0
car 0.0 0 0 313 334 327 350 0 0 0 0 0 0 0
car 0.1333333333333333 0 0 322 339 332 352 0 0 0 0 0 0 0
car 0.38888888888888884 0 0 325 341 339 352 0 0 0 0 0 0 0
car 0.5625 0 0 334 345 345 352 0 0 0 0 0 0 0
car 0.0 0 0 337 296 348 316 0 0 0 0 0 0 0
car 0.0 0 0 330 293 344 309 0 0 0 0 0 0 0
car 0.0 0 0 318 284 331 300 0 0 0 0 0 0 0
car 0.0 0 0 305 243 317 254 0 0 0 0 0 0 0
car 0.3571428571428571 0 0 257 343 267 352 0 0 0 0 0 0 0
car 0.7142857142857143 0 0 264 348 276 352 0 0 0 0 0 0 0
car 0.0 0 0 33 252 47 268 0 0 0 0 0 0 0
car 0.0 0 0 73 311 85 326 0 0 0 0 0 0 0
car 0.0 0 0 179 56 190 70 0 0 0 0 0 0 0
car 0.0 0 0 239 32 251 46 0 0 0 0 0 0 0
car 0.09090909090909094 0 0 342 156 352 164 0 0 0 0 0 0 0
car 0.0 0 0 112 205 122 219 0 0 0 0 0 0 0
car 0.0 0 0 260 312 268 323 0 0 0 0 0 0 0
car 0.0 0 0 281 156 296 166 0 0 0 0 0 0 0
car 0.0 0 0 221 256 231 269 0 0 0 0 0 0 0
car 0.0 0 0 121 249 130 261 0 0 0 0 0 0 0
car 0.0 0 0 318 75 329 88 0 0 0 0 0 0 0
car 0.0 0 0 199 299 210 313 0 0 0 0 0 0 0
car 0.0 0 0 163 101 175 116 0 0 0 0 0 0 0
car 0.0 0 0 122 162 133 176 0 0 0 0 0 0 0
car 0.0 0 0 167 162 181 177 0 0 0 0 0 0 0
car 0.0 0 0 238 138 252 154 0 0 0 0 0 0 0
car 0.0 0 0 258 172 267 184 0 0 0 0 0 0 0
car 0.0 0 0 178 242 190 258 0 0 0 0 0 0 0
car 0.0 0 0 307 60 318 75 0 0 0 0 0 0 0
car 0.0 0 0 233 96 243 107 0 0 0 0 0 0 0
car 0.0 0 0 42 224 53 239 0 0 0 0 0 0 0
car 0.0 0 0 249 164 260 175 0 0 0 0 0 0 0
car 0.0 0 0 123 222 134 235 0 0 0 0 0 0 0
