car 0.0 0 0 291 155 306 170 0 0 0 0 0 0 0
car 0.0 0 0 303 153 317 164 0 0 0 0 0 0 0
car 0.0 0 0 306 145 320 156 0 0 0 0 0 0 0
car 0.0 0 0 264 143 281 156 0 0 0 0 0 0 0
car 0.0 0 0 277 44 288 54 0 0 0 0 0 0 0
car 0.0 0 0 289 53 299 60 0 0 0 0 0 0 0
car 0.0 0 0 313 44 328 54 0 0 0 0 0 0 0
car 0.0 0 0 303 117 318 129 0 0 0 0 0 0 0
car 0.0 0 0 307 131 318 141 0 0 0 0 0 0 0
car 0.0 0 0 306 137 321 147 0 0 0 0 0 0 0
car 0.0 0 0 332 199 340 214 0 0 0 0 0 0 0
car 0.0 0 0 336 30 351 40 0 0 0 0 0 0 0
car 0.0 0 0 334 69 350 78 0 0 0 0 0 0 0
car 0.0 0 0 337 258 345 273 0 0 0 0 0 0 0
car 0.0 0 0 335 24 350 33 0 0 0 0 0 0 0
car 0.0 0 0 343 320 351 333 0 0 0 0 0 0 0
car 0.0 0 0 337 57 350 67 0 0 0 0 0 0 0
car 0.0 0 0 339 291 348 306 0 0 0 0 0 0 0
car 0.0 0 0 335 12 351 21 0 0 0 0 0 0 0
