car 0.0 0 0 265 242 276 260 0 0 0 0 0 0 0
car 0.0 0 0 198 216 212 230 0 0 0 0 0 0 0
car 0.0 0 0 259 33 269 45 0 0 0 0 0 0 0
car 0.0 0 0 120 110 140 132 0 0 0 0 0 0 0
car 0.0 0 0 11 69 29 88 0 0 0 0 0 0 0
car 0.0 0 0 219 149 235 168 0 0 0 0 0 0 0
car 0.0 0 0 145 311 154 324 0 0 0 0 0 0 0
car 0.0 0 0 178 262 187 275 0 0 0 0 0 0 0
car 0.0 0 0 96 250 108 267 0 0 0 0 0 0 0
car 0.0 0 0 39 75 47 87 0 0 0 0 0 0 0
car 0.0 0 0 55 278 66 293 0 0 0 0 0 0 0
car 0.0 0 0 27 309 37 324 0 0 0 0 0 0 0
car 0.0 0 0 157 20 190 63 0 0 0 0 0 0 0
car 0.0 0 0 126 271 137 290 0 0 0 0 0 0 0
car 0.07692307692307687 0 0 184 340 194 352 0 0 0 0 0 0 0
car 0.0 0 0 242 269 251 285 0 0 0 0 0 0 0
car 0.0 0 0 185 44 194 58 0 0 0 0 0 0 0
car 0.5 0 0 0 100 5 111 0 0 0 0 0 0 0
car 0.0 0 0 76 212 85 228 0 0 0 0 0 0 0
car 0.0 0 0 218 306 227 321 0 0 0 0 0 0 0
car 0.0 0 0 140 121 150 135 0 0 0 0 0 0 0
car 0.0 0 0 198 339 207 351 0 0 0 0 0 0 0
car 0.0 0 0 233 299 242 313 0 0 0 0 0 0 0
car 0.0 0 0 270 13 289 37 0 0 0 0 0 0 0
