car 1.0 0 0 226 0 245 0 0 0 0 0 0 0 0
car 0.0 0 0 24 307 40 319 0 0 0 0 0 0 0
car 0.0 0 0 57 310 67 325 0 0 0 0 0 0 0
car 0.0 0 0 198 254 215 270 0 0 0 0 0 0 0
car 0.0 0 0 299 77 310 92 0 0 0 0 0 0 0
car 0.0 0 0 16 133 23 144 0 0 0 0 0 0 0
car 0.0 0 0 299 266 307 279 0 0 0 0 0 0 0
car 0.8387096774193549 0 0 347 261 352 289 0 0 0 0 0 0 0
car 0.0 0 0 20 19 31 30 0 0 0 0 0 0 0
car 1.0 0 0 351 0 352 0 0 0 0 0 0 0 0
car 0.0 0 0 31 122 37 134 0 0 0 0 0 0 0
car 0.0 0 0 35 29 46 36 0 0 0 0 0 0 0
car 0.0 0 0 8 111 16 124 0 0 0 0 0 0 0
car 0.0 0 0 319 39 333 55 0 0 0 0 0 0 0
car 0.0 0 0 248 205 257 218 0 0 0 0 0 0 0
car 0.0 0 0 25 135 31 145 0 0 0 0 0 0 0
car 0.0 0 0 0 123 9 137 0 0 0 0 0 0 0
car 0.0 0 0 8 126 15 141 0 0 0 0 0 0 0
car 0.9090909090909091 0 0 351 179 352 192 0 0 0 0 0 0 0
car 0.0 0 0 25 117 30 131 0 0 0 0 0 0 0
car 0.0 0 0 0 110 7 122 0 0 0 0 0 0 0
car 0.5714285714285714 0 0 188 346 198 352 0 0 0 0 0 0 0
car 0.0 0 0 17 114 23 127 0 0 0 0 0 0 0
