car 0.0 0 0 164 302 173 317 0 0 0 0 0 0 0
car 0.0 0 0 192 316 204 326 0 0 0 0 0 0 0
car 0.0 0 0 186 309 194 318 0 0 0 0 0 0 0
car 0.0 0 0 283 335 293 351 0 0 0 0 0 0 0
car 0.0 0 0 230 302 237 314 0 0 0 0 0 0 0
car 0.0 0 0 225 274 237 289 0 0 0 0 0 0 0
car 0.0 0 0 256 285 271 296 0 0 0 0 0 0 0
car 0.0 0 0 273 293 287 304 0 0 0 0 0 0 0
car 0.0 0 0 274 287 288 297 0 0 0 0 0 0 0
car 0.0 0 0 276 281 291 293 0 0 0 0 0 0 0
car 0.0 0 0 278 275 293 284 0 0 0 0 0 0 0
car 0.0 0 0 284 270 298 280 0 0 0 0 0 0 0
car 0.0 0 0 285 264 301 275 0 0 0 0 0 0 0
car 0.0 0 0 289 257 301 268 0 0 0 0 0 0 0
car 0.0 0 0 293 292 301 306 0 0 0 0 0 0 0
car 0.0 0 0 300 277 310 292 0 0 0 0 0 0 0
car 0.0 0 0 295 306 309 315 0 0 0 0 0 0 0
car 0.0 0 0 263 280 276 290 0 0 0 0 0 0 0
car 0.0 0 0 264 274 280 286 0 0 0 0 0 0 0
car 0.0 0 0 269 268 285 281 0 0 0 0 0 0 0
car 0.0 0 0 273 265 285 274 0 0 0 0 0 0 0
car 0.0 0 0 273 258 288 269 0 0 0 0 0 0 0
car 0.0 0 0 277 251 290 262 0 0 0 0 0 0 0
car 0.0 0 0 281 245 293 257 0 0 0 0 0 0 0
car 0.0 0 0 284 242 296 251 0 0 0 0 0 0 0
car 0.0 0 0 285 235 297 244 0 0 0 0 0 0 0
car 0.0 0 0 288 227 300 240 0 0 0 0 0 0 0
car 0.0 0 0 292 222 303 233 0 0 0 0 0 0 0
car 0.0 0 0 293 218 310 228 0 0 0 0 0 0 0
car 0.0 0 0 312 196 328 206 0 0 0 0 0 0 0
car 0.0 0 0 286 137 297 153 0 0 0 0 0 0 0
car 0.0 0 0 293 144 309 157 0 0 0 0 0 0 0
car 0.0 0 0 287 151 304 163 0 0 0 0 0 0 0
car 0.0 0 0 302 157 314 167 0 0 0 0 0 0 0
car 0.0 0 0 305 153 319 163 0 0 0 0 0 0 0
car 0.0 0 0 306 144 322 158 0 0 0 0 0 0 0
car 0.0 0 0 287 158 298 166 0 0 0 0 0 0 0
car 0.0 0 0 296 163 311 174 0 0 0 0 0 0 0
car 0.0 0 0 283 163 296 173 0 0 0 0 0 0 0
car 0.0 0 0 294 169 309 178 0 0 0 0 0 0 0
car 0.0 0 0 280 170 293 179 0 0 0 0 0 0 0
car 0.0 0 0 279 173 291 182 0 0 0 0 0 0 0
car 0.0 0 0 289 178 300 188 0 0 0 0 0 0 0
car 0.0 0 0 270 183 281 191 0 0 0 0 0 0 0
car 0.0 0 0 279 187 297 201 0 0 0 0 0 0 0
car 0.0 0 0 264 189 275 197 0 0 0 0 0 0 0
car 0.0 0 0 271 193 295 208 0 0 0 0 0 0 0
car 0.0 0 0 264 195 277 204 0 0 0 0 0 0 0
car 0.0 0 0 271 200 288 212 0 0 0 0 0 0 0
car 0.0 0 0 262 202 275 212 0 0 0 0 0 0 0
car 0.0 0 0 268 205 283 216 0 0 0 0 0 0 0
car 0.0 0 0 257 204 267 215 0 0 0 0 0 0 0
car 0.0 0 0 265 209 281 221 0 0 0 0 0 0 0
car 0.0 0 0 252 211 266 221 0 0 0 0 0 0 0
car 0.0 0 0 263 216 276 226 0 0 0 0 0 0 0
car 0.0 0 0 251 216 262 225 0 0 0 0 0 0 0
car 0.0 0 0 261 220 273 233 0 0 0 0 0 0 0
car 0.0 0 0 248 222 262 234 0 0 0 0 0 0 0
car 0.0 0 0 258 226 273 241 0 0 0 0 0 0 0
car 0.0 0 0 253 233 266 243 0 0 0 0 0 0 0
car 0.0 0 0 238 237 251 248 0 0 0 0 0 0 0
car 0.0 0 0 241 233 258 245 0 0 0 0 0 0 0
car 0.0 0 0 252 239 265 248 0 0 0 0 0 0 0
car 0.0 0 0 248 244 263 254 0 0 0 0 0 0 0
car 0.0 0 0 245 248 258 262 0 0 0 0 0 0 0
car 0.0 0 0 237 245 249 252 0 0 0 0 0 0 0
car 0.0 0 0 232 249 248 261 0 0 0 0 0 0 0
car 0.0 0 0 236 261 253 272 0 0 0 0 0 0 0
car 0.0 0 0 226 260 241 272 0 0 0 0 0 0 0
car 0.0 0 0 237 267 252 280 0 0 0 0 0 0 0
car 0.0 0 0 149 257 163 267 0 0 0 0 0 0 0
car 0.0 0 0 153 253 167 262 0 0 0 0 0 0 0
car 0.0 0 0 159 247 168 256 0 0 0 0 0 0 0
car 0.0 0 0 162 243 170 250 0 0 0 0 0 0 0
car 0.0 0 0 165 238 174 245 0 0 0 0 0 0 0
car 0.0 0 0 167 231 177 239 0 0 0 0 0 0 0
car 0.0 0 0 216 325 229 334 0 0 0 0 0 0 0
car 0.0 0 0 222 329 234 338 0 0 0 0 0 0 0
car 0.0 0 0 228 332 240 341 0 0 0 0 0 0 0
car 0.0 0 0 234 336 245 345 0 0 0 0 0 0 0
car 0.0 0 0 276 195 289 203 0 0 0 0 0 0 0
car 0.0 0 0 151 264 161 274 0 0 0 0 0 0 0
car 0.0 0 0 338 146 350 155 0 0 0 0 0 0 0
car 0.0 0 0 176 335 182 347 0 0 0 0 0 0 0
car 0.0 0 0 313 215 327 222 0 0 0 0 0 0 0
car 0.0 0 0 301 137 312 142 0 0 0 0 0 0 0
car 0.0 0 0 302 98 311 110 0 0 0 0 0 0 0
car 0.0 0 0 295 250 308 257 0 0 0 0 0 0 0
car 0.0 0 0 319 210 332 217 0 0 0 0 0 0 0
car 0.9 0 0 158 351 167 352 0 0 0 0 0 0 0
car 0.0 0 0 267 80 277 92 0 0 0 0 0 0 0
car 0.0 0 0 300 244 311 250 0 0 0 0 0 0 0
car 0.0 0 0 272 179 285 186 0 0 0 0 0 0 0
car 0.0 0 0 269 166 278 179 0 0 0 0 0 0 0
car 0.4049586776859504 0 0 344 343 352 352 0 0 0 0 0 0 0
car 0.0 0 0 316 274 328 281 0 0 0 0 0 0 0
car 0.0 0 0 297 141 308 146 0 0 0 0 0 0 0
car 0.0 0 0 318 103 331 111 0 0 0 0 0 0 0
car 0.0 0 0 323 204 335 211 0 0 0 0 0 0 0
car 0.0 0 0 248 197 259 210 0 0 0 0 0 0 0
car 0.0 0 0 189 261 203 267 0 0 0 0 0 0 0
car 0.0 0 0 245 113 255 124 0 0 0 0 0 0 0
car 0.15384615384615385 0 0 341 140 352 149 0 0 0 0 0 0 0
car 0.0 0 0 229 143 238 154 0 0 0 0 0 0 0
car 0.0 0 0 317 111 328 117 0 0 0 0 0 0 0
car 0.41666666666666663 0 0 206 345 211 352 0 0 0 0 0 0 0
car 0.0 0 0 171 334 176 346 0 0 0 0 0 0 0
car 0.0 0 0 289 175 302 183 0 0 0 0 0 0 0
car 0.0 0 0 183 337 188 349 0 0 0 0 0 0 0
car 0.0 0 0 257 184 266 195 0 0 0 0 0 0 0
car 0.0 0 0 310 141 322 148 0 0 0 0 0 0 0
car 0.7 0 0 263 349 273 352 0 0 0 0 0 0 0
car 0.0 0 0 325 115 339 122 0 0 0 0 0 0 0
car 0.0 0 0 313 282 325 286 0 0 0 0 0 0 0
car 0.0 0 0 279 153 287 164 0 0 0 0 0 0 0
car 0.9333333333333333 0 0 216 351 222 352 0 0 0 0 0 0 0
car 0.0 0 0 255 97 265 110 0 0 0 0 0 0 0
car 0.0 0 0 243 258 256 264 0 0 0 0 0 0 0
car 0.0 0 0 324 123 336 131 0 0 0 0 0 0 0
car 0.8461538461538461 0 0 275 350 283 352 0 0 0 0 0 0 0
car 0.0 0 0 308 132 322 139 0 0 0 0 0 0 0
car 0.0 0 0 188 338 194 352 0 0 0 0 0 0 0
car 0.1428571428571429 0 0 199 340 206 352 0 0 0 0 0 0 0
car 0.0 0 0 194 339 199 351 0 0 0 0 0 0 0
car 0.7777777777777778 0 0 150 350 158 352 0 0 0 0 0 0 0
car 0.0 0 0 242 227 256 235 0 0 0 0 0 0 0
car 0.0 0 0 158 314 166 324 0 0 0 0 0 0 0
car 0.0 0 0 291 254 302 260 0 0 0 0 0 0 0
car 0.0 0 0 303 238 314 244 0 0 0 0 0 0 0
car 0.75 0 0 212 349 216 352 0 0 0 0 0 0 0
car 0.0 0 0 240 212 250 223 0 0 0 0 0 0 0
car 0.0 0 0 238 126 247 137 0 0 0 0 0 0 0
car 0.7692307692307692 0 0 303 349 312 352 0 0 0 0 0 0 0
car 0.0 0 0 283 187 295 191 0 0 0 0 0 0 0
