car 0.4545454545454546 0 0 346 29 352 43 0 0 0 0 0 0 0
car 0.7058823529411764 0 0 264 0 276 5 0 0 0 0 0 0 0
car 0.5625 0 0 270 0 282 7 0 0 0 0 0 0 0
car 0.38888888888888884 0 0 277 0 291 11 0 0 0 0 0 0 0
car 0.1333333333333333 0 0 289 0 299 13 0 0 0 0 0 0 0
car 0.0 0 0 293 0 304 15 0 0 0 0 0 0 0
car 0.0 0 0 297 3 309 18 0 0 0 0 0 0 0
car 0.0 0 0 303 7 315 23 0 0 0 0 0 0 0
car 0.0 0 0 313 10 327 26 0 0 0 0 0 0 0
car 0.0 0 0 322 15 332 30 0 0 0 0 0 0 0
car 0.0 0 0 325 17 339 35 0 0 0 0 0 0 0
car 0.0 0 0 334 21 345 37 0 0 0 0 0 0 0
car 0.0 0 0 257 19 267 33 0 0 0 0 0 0 0
car 0.0 0 0 264 24 276 38 0 0 0 0 0 0 0
car 0.0 0 0 195 83 209 93 0 0 0 0 0 0 0
car 0.0 0 0 198 77 211 86 0 0 0 0 0 0 0
car 0.0 0 0 204 69 216 80 0 0 0 0 0 0 0
car 0.0 0 0 209 161 227 172 0 0 0 0 0 0 0
car 0.0 0 0 298 204 317 215 0 0 0 0 0 0 0
car 0.0 0 0 0 129 13 144 0 0 0 0 0 0 0
car 0.0 0 0 102 169 111 180 0 0 0 0 0 0 0
car 0.8666666666666667 0 0 73 0 85 2 0 0 0 0 0 0 0
car 0.0 0 0 98 188 108 200 0 0 0 0 0 0 0
car 0.0 0 0 6 100 22 116 0 0 0 0 0 0 0
car 0.0 0 0 139 137 147 148 0 0 0 0 0 0 0
car 0.4 0 0 0 119 6 135 0 0 0 0 0 0 0
car 0.0 0 0 148 50 157 64 0 0 0 0 0 0 0
car 0.0 0 0 88 192 97 203 0 0 0 0 0 0 0
car 0.0 0 0 116 161 125 175 0 0 0 0 0 0 0
car 0.0 0 0 120 133 129 146 0 0 0 0 0 0 0
car 0.0 0 0 56 126 65 138 0 0 0 0 0 0 0
