car 0.0 0 0 3 103 16 118 0 0 0 0 0 0 0
car 0.0 0 0 130 265 140 273 0 0 0 0 0 0 0
car 0.0 0 0 164 247 170 260 0 0 0 0 0 0 0
car 0.0 0 0 45 111 57 122 0 0 0 0 0 0 0
car 0.0 0 0 52 118 65 126 0 0 0 0 0 0 0
car 0.0 0 0 158 335 172 348 0 0 0 0 0 0 0
car 0.0 0 0 87 257 113 275 0 0 0 0 0 0 0
car 0.0 0 0 169 105 178 120 0 0 0 0 0 0 0
car 0.0 0 0 108 228 117 240 0 0 0 0 0 0 0
car 0.0 0 0 131 251 141 257 0 0 0 0 0 0 0
car 0.33333333333333337 0 0 0 185 8 194 0 0 0 0 0 0 0
car 0.0 0 0 155 244 162 255 0 0 0 0 0 0 0
car 0.0 0 0 132 275 141 286 0 0 0 0 0 0 0
car 0.0 0 0 163 219 171 232 0 0 0 0 0 0 0
car 0.0 0 0 15 189 27 195 0 0 0 0 0 0 0
car 0.7 0 0 0 122 3 133 0 0 0 0 0 0 0
car 0.0 0 0 147 241 156 253 0 0 0 0 0 0 0
car 0.0 0 0 114 244 129 253 0 0 0 0 0 0 0
car 0.0 0 0 144 255 157 265 0 0 0 0 0 0 0
car 0.0 0 0 161 120 171 131 0 0 0 0 0 0 0
car 0.0 0 0 162 202 171 217 0 0 0 0 0 0 0
