car 0.0 0 0 149 318 165 336 0 0 0 0 0 0 0
car 0.0 0 0 116 259 125 273 0 0 0 0 0 0 0
car 0.0 0 0 119 300 128 314 0 0 0 0 0 0 0
car 0.0 0 0 132 309 140 323 0 0 0 0 0 0 0
car 0.0 0 0 187 267 203 276 0 0 0 0 0 0 0
car 0.0 0 0 111 298 120 313 0 0 0 0 0 0 0
car 0.0 0 0 212 328 220 338 0 0 0 0 0 0 0
car 0.0 0 0 104 296 111 310 0 0 0 0 0 0 0
car 0.0 0 0 191 316 201 330 0 0 0 0 0 0 0
car 0.0 0 0 201 319 209 332 0 0 0 0 0 0 0
car 0.0 0 0 185 313 193 325 0 0 0 0 0 0 0
car 0.0 0 0 176 247 192 255 0 0 0 0 0 0 0
car 0.0 0 0 126 305 134 320 0 0 0 0 0 0 0
car 0.0 0 0 220 332 228 344 0 0 0 0 0 0 0
car 0.0 0 0 267 277 282 285 0 0 0 0 0 0 0
