car 0.0 0 0 313 154 325 169 0 0 0 0 0 0 0
car 0.0 0 0 309 151 320 166 0 0 0 0 0 0 0
car 0.0 0 0 304 149 313 162 0 0 0 0 0 0 0
car 0.0 0 0 298 148 307 159 0 0 0 0 0 0 0
car 0.0 0 0 334 120 345 139 0 0 0 0 0 0 0
car 0.0 0 0 327 119 337 134 0 0 0 0 0 0 0
car 0.0 0 0 321 119 332 132 0 0 0 0 0 0 0
car 0.0 0 0 314 113 328 128 0 0 0 0 0 0 0
car 0.0 0 0 329 99 344 116 0 0 0 0 0 0 0
car 0.0 0 0 266 204 276 217 0 0 0 0 0 0 0
car 0.0 0 0 290 213 299 225 0 0 0 0 0 0 0
car 0.0 0 0 140 247 152 261 0 0 0 0 0 0 0
car 0.0 0 0 146 242 155 252 0 0 0 0 0 0 0
car 0.0 0 0 148 236 161 248 0 0 0 0 0 0 0
car 0.0 0 0 194 72 206 88 0 0 0 0 0 0 0
car 0.05882352941176472 0 0 122 0 138 16 0 0 0 0 0 0 0
car 0.0 0 0 85 172 97 184 0 0 0 0 0 0 0
car 0.0 0 0 31 157 40 167 0 0 0 0 0 0 0
car 0.0 0 0 24 153 34 163 0 0 0 0 0 0 0
car 0.0 0 0 204 57 230 91 0 0 0 0 0 0 0
car 0.0 0 0 329 7 344 17 0 0 0 0 0 0 0
car 0.0 0 0 226 25 235 38 0 0 0 0 0 0 0
car 0.0 0 0 74 221 90 240 0 0 0 0 0 0 0
car 0.0 0 0 254 195 262 209 0 0 0 0 0 0 0
car 0.0 0 0 272 207 280 221 0 0 0 0 0 0 0
car 0.0 0 0 248 193 255 207 0 0 0 0 0 0 0
car 0.0 0 0 143 110 153 121 0 0 0 0 0 0 0
car 0.0 0 0 165 132 172 146 0 0 0 0 0 0 0
car 0.0 0 0 25 205 35 216 0 0 0 0 0 0 0
car 0.9166666666666666 0 0 93 351 103 352 0 0 0 0 0 0 0
car 0.0 0 0 94 326 105 333 0 0 0 0 0 0 0
car 0.0 0 0 105 306 119 314 0 0 0 0 0 0 0
car 0.19999999999999996 0 0 107 344 115 352 0 0 0 0 0 0 0
car 0.0 0 0 120 317 129 329 0 0 0 0 0 0 0
car 0.0 0 0 116 288 129 295 0 0 0 0 0 0 0
car 0.0 0 0 335 4 347 10 0 0 0 0 0 0 0
car 0.0 0 0 89 339 100 346 0 0 0 0 0 0 0
car 0.0 0 0 318 160 328 173 0 0 0 0 0 0 0
car 0.0 0 0 91 333 105 340 0 0 0 0 0 0 0
car 0.0 0 0 15 186 25 199 0 0 0 0 0 0 0
car 0.0 0 0 100 340 108 352 0 0 0 0 0 0 0
car 0.0 0 0 209 178 217 191 0 0 0 0 0 0 0
car 0.0 0 0 240 194 248 207 0 0 0 0 0 0 0
car 0.0 0 0 84 344 97 352 0 0 0 0 0 0 0
car 0.0 0 0 104 168 114 181 0 0 0 0 0 0 0
car 0.0 0 0 134 185 142 198 0 0 0 0 0 0 0
car 0.0 0 0 261 199 268 214 0 0 0 0 0 0 0
car 0.0 0 0 55 316 64 328 0 0 0 0 0 0 0
car 0.0 0 0 77 284 86 295 0 0 0 0 0 0 0
car 0.0 0 0 105 328 114 340 0 0 0 0 0 0 0
car 0.0 0 0 100 319 112 326 0 0 0 0 0 0 0
car 0.0 0 0 170 226 177 239 0 0 0 0 0 0 0
car 0.0 0 0 279 211 287 224 0 0 0 0 0 0 0
car 0.25 0 0 340 0 352 6 0 0 0 0 0 0 0
car 0.0 0 0 101 312 114 319 0 0 0 0 0 0 0
car 0.0 0 0 112 331 120 342 0 0 0 0 0 0 0
car 0.0 0 0 15 90 26 103 0 0 0 0 0 0 0
car 0.0 0 0 127 303 138 317 0 0 0 0 0 0 0
car 0.0 0 0 201 175 209 189 0 0 0 0 0 0 0
car 0.0 0 0 145 185 154 195 0 0 0 0 0 0 0
car 0.0 0 0 233 192 242 205 0 0 0 0 0 0 0
car 0.0 0 0 107 229 117 241 0 0 0 0 0 0 0
