car 0.0 0 0 254 130 264 143 0 0 0 0 0 0 0
car 0.0 0 0 261 133 270 146 0 0 0 0 0 0 0
car 0.0 0 0 267 135 277 148 0 0 0 0 0 0 0
car 0.0 0 0 272 138 282 153 0 0 0 0 0 0 0
car 0.0 0 0 284 144 295 159 0 0 0 0 0 0 0
car 0.0 0 0 242 154 253 167 0 0 0 0 0 0 0
car 0.0 0 0 291 151 300 166 0 0 0 0 0 0 0
car 0.9 0 0 351 228 352 241 0 0 0 0 0 0 0
car 0.5384615384615384 0 0 346 232 352 247 0 0 0 0 0 0 0
car 0.2727272727272727 0 0 344 240 352 253 0 0 0 0 0 0 0
car 0.0 0 0 313 299 320 309 0 0 0 0 0 0 0
car 0.0 0 0 310 306 319 316 0 0 0 0 0 0 0
car 0.0 0 0 332 264 340 274 0 0 0 0 0 0 0
car 0.0 0 0 304 321 311 330 0 0 0 0 0 0 0
car 0.0 0 0 26 327 37 335 0 0 0 0 0 0 0
car 0.0 0 0 321 283 331 295 0 0 0 0 0 0 0
car 0.0 0 0 342 248 350 259 0 0 0 0 0 0 0
car 0.0 0 0 307 314 316 323 0 0 0 0 0 0 0
car 0.0 0 0 327 272 339 286 0 0 0 0 0 0 0
car 0.0 0 0 15 321 30 328 0 0 0 0 0 0 0
car 0.0 0 0 337 259 344 269 0 0 0 0 0 0 0
car 0.0 0 0 36 333 51 342 0 0 0 0 0 0 0
car 0.0 0 0 51 339 63 348 0 0 0 0 0 0 0
car 0.0 0 0 316 292 326 304 0 0 0 0 0 0 0
