car 0.0 0 0 313 330 325 345 0 0 0 0 0 0 0
car 0.0 0 0 309 327 320 342 0 0 0 0 0 0 0
car 0.0 0 0 304 325 313 338 0 0 0 0 0 0 0
car 0.0 0 0 298 324 307 335 0 0 0 0 0 0 0
car 0.0 0 0 334 296 345 315 0 0 0 0 0 0 0
car 0.0 0 0 327 295 337 310 0 0 0 0 0 0 0
car 0.0 0 0 321 295 332 308 0 0 0 0 0 0 0
car 0.0 0 0 314 289 328 304 0 0 0 0 0 0 0
car 0.0 0 0 329 275 344 292 0 0 0 0 0 0 0
car 0.0 0 0 194 248 206 264 0 0 0 0 0 0 0
car 0.0 0 0 44 154 57 171 0 0 0 0 0 0 0
car 0.0 0 0 61 124 75 138 0 0 0 0 0 0 0
car 0.0 0 0 78 108 93 121 0 0 0 0 0 0 0
car 0.0 0 0 122 175 138 192 0 0 0 0 0 0 0
car 0.0 0 0 31 333 40 343 0 0 0 0 0 0 0
car 0.0 0 0 24 329 34 339 0 0 0 0 0 0 0
car 0.0 0 0 204 233 230 267 0 0 0 0 0 0 0
car 0.0 0 0 329 183 344 193 0 0 0 0 0 0 0
car 0.0 0 0 227 11 240 24 0 0 0 0 0 0 0
car 0.0 0 0 226 201 235 214 0 0 0 0 0 0 0
car 0.0 0 0 143 286 153 297 0 0 0 0 0 0 0
car 0.0 0 0 165 308 172 322 0 0 0 0 0 0 0
car 0.5384615384615384 0 0 346 157 352 165 0 0 0 0 0 0 0
car 0.0 0 0 335 180 347 186 0 0 0 0 0 0 0
car 0.7692307692307692 0 0 349 151 352 159 0 0 0 0 0 0 0
car 0.0 0 0 318 336 328 349 0 0 0 0 0 0 0
car 0.0 0 0 114 23 123 36 0 0 0 0 0 0 0
car 0.0 0 0 159 24 168 36 0 0 0 0 0 0 0
car 0.0 0 0 340 174 352 182 0 0 0 0 0 0 0
car 0.0 0 0 15 266 26 279 0 0 0 0 0 0 0
car 0.0 0 0 117 0 127 14 0 0 0 0 0 0 0
