car 0.0 0 0 333 131 342 141 0 0 0 0 0 0 0
car 0.0 0 0 246 99 262 109 0 0 0 0 0 0 0
car 0.0 0 0 246 88 264 100 0 0 0 0 0 0 0
car 0.0 0 0 50 71 67 88 0 0 0 0 0 0 0
car 0.0 0 0 22 29 33 43 0 0 0 0 0 0 0
car 0.7857142857142857 0 0 0 10 3 26 0 0 0 0 0 0 0
car 0.19999999999999996 0 0 0 15 8 30 0 0 0 0 0 0 0
car 0.0 0 0 1 17 15 35 0 0 0 0 0 0 0
car 0.0 0 0 10 21 21 37 0 0 0 0 0 0 0
car 0.8333333333333334 0 0 126 0 145 2 0 0 0 0 0 0 0
car 0.16666666666666663 0 0 122 0 139 10 0 0 0 0 0 0 0
car 0.0 0 0 117 13 128 23 0 0 0 0 0 0 0
car 0.0 0 0 114 36 131 46 0 0 0 0 0 0 0
car 0.0 0 0 157 17 165 33 0 0 0 0 0 0 0
car 0.0 0 0 159 9 172 24 0 0 0 0 0 0 0
car 0.0 0 0 141 10 155 25 0 0 0 0 0 0 0
car 0.0 0 0 147 4 160 22 0 0 0 0 0 0 0
car 0.11111111111111116 0 0 148 0 163 16 0 0 0 0 0 0 0
car 0.0 0 0 165 5 173 13 0 0 0 0 0 0 0
car 0.5333333333333333 0 0 151 0 167 7 0 0 0 0 0 0 0
car 0.8571428571428572 0 0 156 0 169 2 0 0 0 0 0 0 0
car 0.5714285714285714 0 0 167 0 177 6 0 0 0 0 0 0 0
car 0.8333333333333334 0 0 237 0 256 2 0 0 0 0 0 0 0
car 0.0 0 0 135 72 146 85 0 0 0 0 0 0 0
car 0.0 0 0 138 76 152 86 0 0 0 0 0 0 0
car 0.0 0 0 153 55 170 66 0 0 0 0 0 0 0
car 0.0 0 0 159 46 173 57 0 0 0 0 0 0 0
car 0.0 0 0 163 39 181 49 0 0 0 0 0 0 0
car 0.0 0 0 169 31 189 41 0 0 0 0 0 0 0
car 0.0 0 0 176 23 192 33 0 0 0 0 0 0 0
car 0.0 0 0 180 15 193 25 0 0 0 0 0 0 0
car 1.0 0 0 199 0 210 0 0 0 0 0 0 0 0
car 0.0 0 0 98 88 116 110 0 0 0 0 0 0 0
car 0.0 0 0 77 80 95 98 0 0 0 0 0 0 0
car 0.0 0 0 65 75 81 97 0 0 0 0 0 0 0
car 0.0 0 0 112 98 128 114 0 0 0 0 0 0 0
car 0.0 0 0 125 104 138 117 0 0 0 0 0 0 0
car 0.0 0 0 293 23 307 35 0 0 0 0 0 0 0
car 0.0 0 0 67 41 75 53 0 0 0 0 0 0 0
car 0.0 0 0 314 311 327 316 0 0 0 0 0 0 0
car 0.0 0 0 333 70 346 79 0 0 0 0 0 0 0
car 0.0 0 0 313 47 328 53 0 0 0 0 0 0 0
car 0.0 0 0 83 47 90 57 0 0 0 0 0 0 0
car 0.5555555555555556 0 0 335 348 350 352 0 0 0 0 0 0 0
car 0.0 0 0 151 24 160 35 0 0 0 0 0 0 0
car 0.0 0 0 329 60 343 69 0 0 0 0 0 0 0
car 0.0 0 0 123 65 130 80 0 0 0 0 0 0 0
car 0.0 0 0 53 33 62 45 0 0 0 0 0 0 0
car 0.0 0 0 95 52 103 63 0 0 0 0 0 0 0
car 0.0 0 0 74 44 82 55 0 0 0 0 0 0 0
car 0.0 0 0 60 37 68 50 0 0 0 0 0 0 0
car 0.0 0 0 209 106 217 119 0 0 0 0 0 0 0
car 0.0 0 0 233 252 247 262 0 0 0 0 0 0 0
car 0.0 0 0 232 261 246 268 0 0 0 0 0 0 0
car 0.0 0 0 139 17 151 32 0 0 0 0 0 0 0
car 0.0 0 0 191 96 200 108 0 0 0 0 0 0 0
car 0.0 0 0 280 46 292 55 0 0 0 0 0 0 0
car 0.0 0 0 106 57 115 73 0 0 0 0 0 0 0
car 0.0 0 0 41 36 50 49 0 0 0 0 0 0 0
car 0.0 0 0 89 51 97 61 0 0 0 0 0 0 0
car 0.0 0 0 102 54 109 65 0 0 0 0 0 0 0
car 0.0 0 0 322 121 338 135 0 0 0 0 0 0 0
car 0.0 0 0 312 304 326 310 0 0 0 0 0 0 0
car 0.0 0 0 335 336 351 345 0 0 0 0 0 0 0
car 0.0 0 0 117 63 124 74 0 0 0 0 0 0 0
car 0.0 0 0 129 68 137 79 0 0 0 0 0 0 0
car 0.0 0 0 305 36 317 47 0 0 0 0 0 0 0
car 0.0 0 0 139 47 148 60 0 0 0 0 0 0 0
