car 0.0 0 0 33 218 44 229 0 0 0 0 0 0 0
car 0.0 0 0 30 223 40 237 0 0 0 0 0 0 0
car 0.0 0 0 27 228 37 241 0 0 0 0 0 0 0
car 0.0 0 0 22 232 35 247 0 0 0 0 0 0 0
car 0.0 0 0 20 240 31 253 0 0 0 0 0 0 0
car 0.0 0 0 163 150 177 160 0 0 0 0 0 0 0
car 0.0 0 0 174 154 188 167 0 0 0 0 0 0 0
car 0.0 0 0 279 2 294 14 0 0 0 0 0 0 0
car 0.0 0 0 277 9 298 20 0 0 0 0 0 0 0
car 0.0 0 0 224 139 254 175 0 0 0 0 0 0 0
car 0.0 0 0 8 264 16 274 0 0 0 0 0 0 0
car 0.0 0 0 43 197 54 211 0 0 0 0 0 0 0
car 0.30000000000000004 0 0 0 283 7 295 0 0 0 0 0 0 0
car 0.0 0 0 37 212 45 225 0 0 0 0 0 0 0
car 0.0 0 0 18 248 26 259 0 0 0 0 0 0 0
car 0.0 0 0 40 207 46 218 0 0 0 0 0 0 0
car 0.0 0 0 3 272 15 286 0 0 0 0 0 0 0
car 0.0 0 0 13 259 20 269 0 0 0 0 0 0 0
car 0.8 0 0 0 292 2 304 0 0 0 0 0 0 0
