car 0.9333333333333333 0 0 57 0 67 1 0 0 0 0 0 0 0
car 0.0 0 0 217 45 229 58 0 0 0 0 0 0 0
car 0.0 0 0 115 88 128 100 0 0 0 0 0 0 0
car 0.0 0 0 190 233 199 244 0 0 0 0 0 0 0
car 0.0 0 0 79 153 89 166 0 0 0 0 0 0 0
car 0.0 0 0 254 152 264 166 0 0 0 0 0 0 0
car 0.0 0 0 280 91 292 108 0 0 0 0 0 0 0
car 0.0 0 0 158 34 166 46 0 0 0 0 0 0 0
car 0.0 0 0 218 241 228 254 0 0 0 0 0 0 0
car 0.0 0 0 124 310 134 326 0 0 0 0 0 0 0
car 0.0 0 0 188 22 198 36 0 0 0 0 0 0 0
car 0.0 0 0 113 280 121 292 0 0 0 0 0 0 0
car 0.0 0 0 185 50 193 63 0 0 0 0 0 0 0
