car 0.0 0 0 30 194 43 206 0 0 0 0 0 0 0
car 0.0 0 0 32 99 43 111 0 0 0 0 0 0 0
car 0.0 0 0 63 63 76 74 0 0 0 0 0 0 0
car 0.0 0 0 60 68 75 79 0 0 0 0 0 0 0
car 0.0 0 0 80 41 88 48 0 0 0 0 0 0 0
car 0.0 0 0 80 34 91 42 0 0 0 0 0 0 0
car 0.0 0 0 93 27 103 39 0 0 0 0 0 0 0
car 0.0 0 0 94 2 105 9 0 0 0 0 0 0 0
car 0.0 0 0 107 20 115 30 0 0 0 0 0 0 0
car 0.5833333333333333 0 0 120 0 129 5 0 0 0 0 0 0 0
car 0.0 0 0 86 55 95 67 0 0 0 0 0 0 0
car 0.0 0 0 86 41 94 51 0 0 0 0 0 0 0
car 0.8181818181818181 0 0 350 327 352 335 0 0 0 0 0 0 0
car 0.0 0 0 78 52 87 63 0 0 0 0 0 0 0
car 0.0 0 0 89 15 100 22 0 0 0 0 0 0 0
car 0.0 0 0 91 9 105 16 0 0 0 0 0 0 0
car 0.0 0 0 100 16 108 28 0 0 0 0 0 0 0
car 0.0 0 0 60 102 68 113 0 0 0 0 0 0 0
car 0.0 0 0 84 20 97 28 0 0 0 0 0 0 0
car 0.0 0 0 100 31 108 42 0 0 0 0 0 0 0
car 0.0 0 0 81 28 93 36 0 0 0 0 0 0 0
car 0.0 0 0 26 40 36 52 0 0 0 0 0 0 0
car 0.6666666666666667 0 0 55 0 64 4 0 0 0 0 0 0 0
car 0.0 0 0 105 4 114 16 0 0 0 0 0 0 0
car 0.7142857142857143 0 0 100 0 112 2 0 0 0 0 0 0 0
car 0.1333333333333333 0 0 339 321 352 328 0 0 0 0 0 0 0
car 0.0 0 0 94 43 101 53 0 0 0 0 0 0 0
car 0.0 0 0 112 7 120 18 0 0 0 0 0 0 0
