car 0.9166666666666666 0 0 0 330 1 345 0 0 0 0 0 0 0
car 0.0 0 0 10 296 21 315 0 0 0 0 0 0 0
car 0.0 0 0 3 295 13 310 0 0 0 0 0 0 0
car 0.2727272727272727 0 0 0 295 8 308 0 0 0 0 0 0 0
car 0.7142857142857143 0 0 0 289 4 304 0 0 0 0 0 0 0
car 0.0 0 0 5 275 20 292 0 0 0 0 0 0 0
car 0.0 0 0 5 183 20 193 0 0 0 0 0 0 0
car 0.0 0 0 39 128 52 135 0 0 0 0 0 0 0
car 0.0 0 0 133 108 144 115 0 0 0 0 0 0 0
car 0.0 0 0 29 144 44 152 0 0 0 0 0 0 0
car 0.0 0 0 22 157 35 165 0 0 0 0 0 0 0
car 0.0 0 0 36 134 48 141 0 0 0 0 0 0 0
car 0.0 0 0 11 180 23 186 0 0 0 0 0 0 0
car 0.0 0 0 25 151 38 159 0 0 0 0 0 0 0
car 0.6 0 0 0 336 4 349 0 0 0 0 0 0 0
car 0.0 0 0 37 278 45 290 0 0 0 0 0 0 0
car 0.0 0 0 16 174 28 182 0 0 0 0 0 0 0
