car 0.0 0 0 56 170 64 179 0 0 0 0 0 0 0
car 0.0 0 0 40 27 52 36 0 0 0 0 0 0 0
car 0.0 0 0 46 21 56 28 0 0 0 0 0 0 0
car 0.0 0 0 50 16 59 24 0 0 0 0 0 0 0
car 0.0 0 0 51 9 66 21 0 0 0 0 0 0 0
car 0.0 0 0 54 2 67 13 0 0 0 0 0 0 0
car 0.0 0 0 97 16 110 26 0 0 0 0 0 0 0
car 0.0 0 0 115 24 127 32 0 0 0 0 0 0 0
car 0.0 0 0 25 61 39 70 0 0 0 0 0 0 0
car 0.0 0 0 135 32 153 47 0 0 0 0 0 0 0
car 0.0 0 0 159 42 175 55 0 0 0 0 0 0 0
car 0.0 0 0 173 51 188 61 0 0 0 0 0 0 0
car 0.0 0 0 189 57 202 66 0 0 0 0 0 0 0
car 0.0 0 0 181 74 190 86 0 0 0 0 0 0 0
car 0.0 0 0 253 111 265 126 0 0 0 0 0 0 0
car 0.0 0 0 169 69 177 81 0 0 0 0 0 0 0
car 0.0 0 0 194 78 203 93 0 0 0 0 0 0 0
car 0.0 0 0 188 77 195 89 0 0 0 0 0 0 0
car 0.0 0 0 161 66 171 79 0 0 0 0 0 0 0
car 0.0 0 0 4 164 18 172 0 0 0 0 0 0 0
car 0.0 0 0 49 197 66 208 0 0 0 0 0 0 0
car 0.0 0 0 20 249 36 259 0 0 0 0 0 0 0
car 0.0 0 0 40 212 53 225 0 0 0 0 0 0 0
car 0.0 0 0 20 258 33 265 0 0 0 0 0 0 0
car 0.0 0 0 175 70 183 85 0 0 0 0 0 0 0
