car 0.0 0 0 286 159 292 170 0 0 0 0 0 0 0
car 0.0 0 0 327 103 340 118 0 0 0 0 0 0 0
car 0.0 0 0 241 143 248 154 0 0 0 0 0 0 0
car 0.0 0 0 291 161 299 173 0 0 0 0 0 0 0
car 0.0 0 0 274 154 280 165 0 0 0 0 0 0 0
car 0.0 0 0 269 148 276 161 0 0 0 0 0 0 0
car 0.0 0 0 262 149 270 158 0 0 0 0 0 0 0
car 0.0 0 0 132 63 140 73 0 0 0 0 0 0 0
car 0.0 0 0 297 160 307 174 0 0 0 0 0 0 0
car 0.0 0 0 123 45 134 55 0 0 0 0 0 0 0
car 0.0 0 0 279 155 287 168 0 0 0 0 0 0 0
car 0.0 0 0 248 147 256 158 0 0 0 0 0 0 0
car 0.0 0 0 167 49 181 59 0 0 0 0 0 0 0
car 0.0 0 0 181 40 197 54 0 0 0 0 0 0 0
car 0.0 0 0 220 162 235 174 0 0 0 0 0 0 0
car 0.0 0 0 249 168 262 180 0 0 0 0 0 0 0
car 0.0 0 0 202 148 216 157 0 0 0 0 0 0 0
car 0.0 0 0 235 140 243 151 0 0 0 0 0 0 0
car 0.0 0 0 228 135 239 150 0 0 0 0 0 0 0
car 0.0 0 0 251 149 264 164 0 0 0 0 0 0 0
car 0.0 0 0 320 185 332 194 0 0 0 0 0 0 0
car 0.0 0 0 264 164 276 171 0 0 0 0 0 0 0
car 0.18181818181818177 0 0 286 0 295 9 0 0 0 0 0 0 0
car 0.0 0 0 278 170 290 178 0 0 0 0 0 0 0
car 0.0 0 0 339 189 351 195 0 0 0 0 0 0 0
car 0.0 0 0 317 122 327 133 0 0 0 0 0 0 0
car 0.0 0 0 139 57 150 70 0 0 0 0 0 0 0
