car 0.0 0 0 308 9 323 22 0 0 0 0 0 0 0
car 0.0 0 0 182 174 191 186 0 0 0 0 0 0 0
car 0.0 0 0 89 176 99 185 0 0 0 0 0 0 0
car 0.0 0 0 185 208 196 218 0 0 0 0 0 0 0
car 0.0 0 0 225 49 258 77 0 0 0 0 0 0 0
car 0.0 0 0 164 148 174 160 0 0 0 0 0 0 0
car 0.0 0 0 214 63 226 74 0 0 0 0 0 0 0
car 0.0 0 0 174 178 184 189 0 0 0 0 0 0 0
car 0.0 0 0 157 151 169 167 0 0 0 0 0 0 0
car 0.0 0 0 4 130 15 139 0 0 0 0 0 0 0
car 0.0 0 0 191 199 202 209 0 0 0 0 0 0 0
car 0.0 0 0 169 181 179 193 0 0 0 0 0 0 0
car 0.0 0 0 167 225 175 235 0 0 0 0 0 0 0
car 0.0 0 0 161 184 174 200 0 0 0 0 0 0 0
car 0.0 0 0 194 193 206 202 0 0 0 0 0 0 0
car 0.727272727273 0 0 0 116 9 139 0 0 0 0 0 0 0
car 0.0 0 0 170 219 179 228 0 0 0 0 0 0 0
