car 0.666666666667 0 0 136 348 152 352 0 0 0 0 0 0 0
car 0.0 0 0 95 204 109 214 0 0 0 0 0 0 0
car 0.0 0 0 90 198 103 207 0 0 0 0 0 0 0
car 0.0 0 0 87 191 98 203 0 0 0 0 0 0 0
car 0.0 0 0 82 185 94 195 0 0 0 0 0 0 0
car 0.0 0 0 76 178 89 189 0 0 0 0 0 0 0
car 0.0 0 0 123 146 137 155 0 0 0 0 0 0 0
car 0.0 0 0 100 117 115 131 0 0 0 0 0 0 0
car 0.0 0 0 328 130 339 139 0 0 0 0 0 0 0
car 0.0 0 0 279 171 290 181 0 0 0 0 0 0 0
car 0.0 0 0 100 130 111 138 0 0 0 0 0 0 0
car 0.0 0 0 78 95 92 103 0 0 0 0 0 0 0
car 0.0 0 0 183 243 194 255 0 0 0 0 0 0 0
car 0.0 0 0 268 251 283 267 0 0 0 0 0 0 0
car 0.0 0 0 300 116 333 139 0 0 0 0 0 0 0
car 0.0 0 0 98 57 107 72 0 0 0 0 0 0 0
car 0.0 0 0 222 280 236 301 0 0 0 0 0 0 0
