car 0.0 0 0 37 2 51 10 0 0 0 0 0 0 0
car 0.0 0 0 55 3 70 11 0 0 0 0 0 0 0
car 0.0 0 0 62 8 77 15 0 0 0 0 0 0 0
car 0.0 0 0 85 26 100 35 0 0 0 0 0 0 0
car 0.0 0 0 75 24 88 32 0 0 0 0 0 0 0
car 0.0 0 0 63 22 76 30 0 0 0 0 0 0 0
car 0.0 0 0 57 16 69 25 0 0 0 0 0 0 0
car 0.0 0 0 50 13 62 20 0 0 0 0 0 0 0
car 0.0 0 0 43 7 57 15 0 0 0 0 0 0 0
car 0.466666666667 0 0 0 2 8 10 0 0 0 0 0 0 0
car 0.666666666667 0 0 0 14 3 26 0 0 0 0 0 0 0
car 0.0 0 0 2 18 8 31 0 0 0 0 0 0 0
car 0.0 0 0 8 19 16 34 0 0 0 0 0 0 0
car 0.0 0 0 15 24 23 38 0 0 0 0 0 0 0
car 0.0 0 0 23 27 31 42 0 0 0 0 0 0 0
car 0.0 0 0 37 33 45 47 0 0 0 0 0 0 0
car 0.0 0 0 45 34 53 49 0 0 0 0 0 0 0
car 0.0 0 0 13 41 27 49 0 0 0 0 0 0 0
car 0.764705882353 0 0 0 26 4 35 0 0 0 0 0 0 0
car 0.0 0 0 31 52 44 59 0 0 0 0 0 0 0
car 0.0 0 0 36 54 51 64 0 0 0 0 0 0 0
car 0.0 0 0 47 68 61 75 0 0 0 0 0 0 0
car 0.0 0 0 65 77 79 85 0 0 0 0 0 0 0
car 0.0 0 0 80 88 94 95 0 0 0 0 0 0 0
car 0.444444444444 0 0 0 63 5 75 0 0 0 0 0 0 0
car 0.0 0 0 4 68 11 78 0 0 0 0 0 0 0
car 0.0 0 0 12 72 19 84 0 0 0 0 0 0 0
car 0.0 0 0 20 79 29 92 0 0 0 0 0 0 0
car 0.0 0 0 28 80 37 95 0 0 0 0 0 0 0
car 0.0 0 0 45 87 55 101 0 0 0 0 0 0 0
car 0.0 0 0 68 14 83 22 0 0 0 0 0 0 0
car 0.0 0 0 89 31 104 40 0 0 0 0 0 0 0
car 0.0 0 0 56 97 66 113 0 0 0 0 0 0 0
car 0.0 0 0 41 95 52 110 0 0 0 0 0 0 0
car 0.0 0 0 34 94 43 108 0 0 0 0 0 0 0
car 0.0 0 0 18 88 27 103 0 0 0 0 0 0 0
car 0.0 0 0 3 82 10 95 0 0 0 0 0 0 0
car 0.777777777778 0 0 0 72 2 87 0 0 0 0 0 0 0
car 0.0 0 0 33 179 47 188 0 0 0 0 0 0 0
car 0.0 0 0 29 173 38 180 0 0 0 0 0 0 0
car 0.0 0 0 18 169 35 177 0 0 0 0 0 0 0
car 0.0 0 0 12 164 29 172 0 0 0 0 0 0 0
car 0.0 0 0 2 158 18 168 0 0 0 0 0 0 0
car 0.0 0 0 29 30 39 45 0 0 0 0 0 0 0
car 0.0 0 0 72 83 85 91 0 0 0 0 0 0 0
car 0.0 0 0 21 59 36 71 0 0 0 0 0 0 0
car 0.0 0 0 41 8 55 16 0 0 0 0 0 0 0
car 0.0 0 0 36 81 46 96 0 0 0 0 0 0 0
car 0.0 0 0 89 33 104 40 0 0 0 0 0 0 0
car 0.0 0 0 4 71 13 85 0 0 0 0 0 0 0
car 0.0 0 0 200 35 208 47 0 0 0 0 0 0 0
car 0.0 0 0 15 46 31 55 0 0 0 0 0 0 0
car 0.0 0 0 41 59 57 70 0 0 0 0 0 0 0
car 0.0 0 0 95 285 106 297 0 0 0 0 0 0 0
car 0.0 0 0 50 73 67 83 0 0 0 0 0 0 0
car 0.0 0 0 92 52 106 69 0 0 0 0 0 0 0
car 0.0 0 0 133 199 145 216 0 0 0 0 0 0 0
car 0.0 0 0 191 30 202 42 0 0 0 0 0 0 0
car 0.0 0 0 50 100 59 116 0 0 0 0 0 0 0
car 0.0 0 0 7 85 19 99 0 0 0 0 0 0 0
car 0.0 0 0 148 100 159 112 0 0 0 0 0 0 0
car 0.0 0 0 155 85 168 98 0 0 0 0 0 0 0
car 0.0 0 0 85 28 98 34 0 0 0 0 0 0 0
car 0.0 0 0 24 88 35 108 0 0 0 0 0 0 0
car 0.388888888889 0 0 0 32 11 42 0 0 0 0 0 0 0
