car 0.0 0 0 192 38 200 45 0 0 0 0 0 0 0
car 0.0 0 0 195 36 203 43 0 0 0 0 0 0 0
car 0.0 0 0 198 33 208 40 0 0 0 0 0 0 0
car 0.0 0 0 205 28 213 36 0 0 0 0 0 0 0
car 0.0 0 0 209 24 219 34 0 0 0 0 0 0 0
car 0.0 0 0 174 10 187 19 0 0 0 0 0 0 0
car 0.0 0 0 171 5 183 14 0 0 0 0 0 0 0
car 0.181818181818 0 0 167 0 177 9 0 0 0 0 0 0 0
car 0.818181818182 0 0 163 0 173 2 0 0 0 0 0 0 0
car 0.0 0 0 55 116 68 129 0 0 0 0 0 0 0
car 0.0 0 0 165 38 176 47 0 0 0 0 0 0 0
car 0.0 0 0 175 34 183 40 0 0 0 0 0 0 0
car 0.0 0 0 160 28 169 35 0 0 0 0 0 0 0
car 0.0 0 0 168 27 176 33 0 0 0 0 0 0 0
car 0.0 0 0 168 19 176 26 0 0 0 0 0 0 0
car 0.0 0 0 171 29 177 35 0 0 0 0 0 0 0
car 0.0 0 0 181 28 190 35 0 0 0 0 0 0 0
car 0.0 0 0 203 30 209 36 0 0 0 0 0 0 0
car 0.0 0 0 163 24 170 29 0 0 0 0 0 0 0
car 0.0 0 0 19 86 32 96 0 0 0 0 0 0 0
car 0.0 0 0 11 81 23 89 0 0 0 0 0 0 0
car 0.0 0 0 15 15 27 27 0 0 0 0 0 0 0
car 0.555555555556 0 0 56 0 72 4 0 0 0 0 0 0 0
