car 0.9375 0 0 295 351 303 352 0 0 0 0 0 0 0
car 0.957575757576 0 0 351 345 352 352 0 0 0 0 0 0 0
car 0.55 0 0 344 343 352 352 0 0 0 0 0 0 0
car 0.8 0 0 350 329 352 336 0 0 0 0 0 0 0
car 0.363636363636 0 0 345 324 352 331 0 0 0 0 0 0 0
car 0.0 0 0 331 329 345 338 0 0 0 0 0 0 0
car 0.0714285714286 0 0 339 339 352 348 0 0 0 0 0 0 0
car 0.0 0 0 320 321 333 329 0 0 0 0 0 0 0
car 0.0 0 0 330 314 346 324 0 0 0 0 0 0 0
car 0.0 0 0 323 303 336 313 0 0 0 0 0 0 0
car 0.0 0 0 325 246 335 259 0 0 0 0 0 0 0
car 0.0 0 0 330 240 342 256 0 0 0 0 0 0 0
car 0.0 0 0 335 237 347 251 0 0 0 0 0 0 0
car 0.0769230769231 0 0 340 232 352 245 0 0 0 0 0 0 0
car 0.363636363636 0 0 345 227 352 241 0 0 0 0 0 0 0
car 0.0 0 0 315 297 330 309 0 0 0 0 0 0 0
car 0.0 0 0 239 302 253 312 0 0 0 0 0 0 0
car 0.0625 0 0 298 337 309 352 0 0 0 0 0 0 0
car 0.0 0 0 297 325 312 333 0 0 0 0 0 0 0
car 0.0 0 0 258 316 266 328 0 0 0 0 0 0 0
car 0.0 0 0 312 316 328 326 0 0 0 0 0 0 0
car 0.125 0 0 338 316 352 327 0 0 0 0 0 0 0
car 0.846153846154 0 0 309 350 317 352 0 0 0 0 0 0 0
car 0.0 0 0 331 335 348 344 0 0 0 0 0 0 0
