car 0.714285714286 0 0 112 348 121 352 0 0 0 0 0 0 0
car 0.9 0 0 32 351 45 352 0 0 0 0 0 0 0
car 0.666666666667 0 0 52 349 62 352 0 0 0 0 0 0 0
car 0.181818181818 0 0 41 343 58 352 0 0 0 0 0 0 0
car 0.363636363636 0 0 27 345 42 352 0 0 0 0 0 0 0
car 0.1 0 0 20 343 36 352 0 0 0 0 0 0 0
car 0.0 0 0 30 332 41 340 0 0 0 0 0 0 0
car 0.0 0 0 26 329 36 336 0 0 0 0 0 0 0
car 0.0 0 0 21 324 32 331 0 0 0 0 0 0 0
car 0.0 0 0 7 329 21 338 0 0 0 0 0 0 0
car 0.0 0 0 15 339 29 348 0 0 0 0 0 0 0
car 0.307692307692 0 0 0 321 9 329 0 0 0 0 0 0 0
car 0.0 0 0 6 314 22 324 0 0 0 0 0 0 0
car 0.0769230769231 0 0 0 303 12 313 0 0 0 0 0 0 0
car 0.0 0 0 1 246 11 259 0 0 0 0 0 0 0
car 0.0 0 0 6 240 18 256 0 0 0 0 0 0 0
car 0.0 0 0 11 237 23 251 0 0 0 0 0 0 0
car 0.0 0 0 16 232 29 245 0 0 0 0 0 0 0
car 0.0 0 0 21 227 32 241 0 0 0 0 0 0 0
car 0.0 0 0 52 268 77 275 0 0 0 0 0 0 0
car 0.0 0 0 95 307 109 313 0 0 0 0 0 0 0
car 0.0 0 0 90 299 103 306 0 0 0 0 0 0 0
car 0.0 0 0 186 345 200 352 0 0 0 0 0 0 0
car 0.0 0 0 179 341 194 348 0 0 0 0 0 0 0
car 0.0 0 0 170 331 182 336 0 0 0 0 0 0 0
car 0.0 0 0 174 335 186 341 0 0 0 0 0 0 0
car 0.0 0 0 164 328 176 333 0 0 0 0 0 0 0
car 0.0 0 0 151 318 165 324 0 0 0 0 0 0 0
car 0.0 0 0 78 293 94 300 0 0 0 0 0 0 0
car 0.0 0 0 252 58 262 72 0 0 0 0 0 0 0
car 0.0 0 0 234 54 248 68 0 0 0 0 0 0 0
car 0.0 0 0 317 2 332 10 0 0 0 0 0 0 0
car 0.0 0 0 311 13 320 27 0 0 0 0 0 0 0
car 0.0 0 0 318 14 327 26 0 0 0 0 0 0 0
car 0.0 0 0 326 18 332 31 0 0 0 0 0 0 0
car 0.0 0 0 332 19 340 34 0 0 0 0 0 0 0
car 0.0 0 0 339 24 347 38 0 0 0 0 0 0 0
car 0.375 0 0 347 27 352 42 0 0 0 0 0 0 0
car 0.0 0 0 337 41 351 49 0 0 0 0 0 0 0
car 0.0 0 0 311 26 328 35 0 0 0 0 0 0 0
car 0.0 0 0 273 40 280 52 0 0 0 0 0 0 0
car 0.0 0 0 280 43 287 57 0 0 0 0 0 0 0
car 0.0 0 0 286 44 294 57 0 0 0 0 0 0 0
car 0.0 0 0 295 47 303 60 0 0 0 0 0 0 0
car 0.0 0 0 312 57 321 72 0 0 0 0 0 0 0
car 0.0 0 0 320 63 329 75 0 0 0 0 0 0 0
car 0.0 0 0 328 68 335 78 0 0 0 0 0 0 0
car 0.0 0 0 336 72 343 84 0 0 0 0 0 0 0
car 0.111111111111 0 0 344 79 352 92 0 0 0 0 0 0 0
car 0.0 0 0 342 88 351 103 0 0 0 0 0 0 0
car 0.0 0 0 327 82 334 95 0 0 0 0 0 0 0
car 0.0 0 0 317 72 326 87 0 0 0 0 0 0 0
car 0.0 0 0 301 64 310 79 0 0 0 0 0 0 0
car 0.0 0 0 285 57 293 72 0 0 0 0 0 0 0
car 0.0 0 0 271 52 279 65 0 0 0 0 0 0 0
car 0.0 0 0 263 46 271 61 0 0 0 0 0 0 0
car 0.0 0 0 252 92 265 98 0 0 0 0 0 0 0
car 0.0 0 0 244 86 259 93 0 0 0 0 0 0 0
car 0.0 0 0 240 79 254 87 0 0 0 0 0 0 0
car 0.0 0 0 234 74 248 82 0 0 0 0 0 0 0
car 0.0 0 0 228 69 241 74 0 0 0 0 0 0 0
car 0.0 0 0 219 63 234 70 0 0 0 0 0 0 0
car 0.0 0 0 263 103 279 111 0 0 0 0 0 0 0
car 0.0 0 0 269 109 285 117 0 0 0 0 0 0 0
car 0.0 0 0 274 116 292 122 0 0 0 0 0 0 0
car 0.0 0 0 288 126 305 133 0 0 0 0 0 0 0
car 0.411764705882 0 0 342 169 352 177 0 0 0 0 0 0 0
car 0.0588235294118 0 0 336 164 352 172 0 0 0 0 0 0 0
car 0.0 0 0 326 158 342 168 0 0 0 0 0 0 0
car 0.0 0 0 297 131 311 139 0 0 0 0 0 0 0
car 0.0 0 0 304 137 320 144 0 0 0 0 0 0 0
car 0.6 0 0 0 297 6 309 0 0 0 0 0 0 0
car 0.0 0 0 68 306 77 319 0 0 0 0 0 0 0
car 0.533333333333 0 0 345 59 352 71 0 0 0 0 0 0 0
car 0.0 0 0 309 68 318 84 0 0 0 0 0 0 0
car 0.0 0 0 72 325 81 337 0 0 0 0 0 0 0
car 0.0 0 0 298 17 310 33 0 0 0 0 0 0 0
car 0.0 0 0 140 345 156 349 0 0 0 0 0 0 0
car 0.0 0 0 328 71 337 85 0 0 0 0 0 0 0
car 0.1875 0 0 339 46 352 55 0 0 0 0 0 0 0
car 0.0 0 0 278 84 294 95 0 0 0 0 0 0 0
car 0.0 0 0 260 78 274 92 0 0 0 0 0 0 0
car 0.0 0 0 55 292 65 311 0 0 0 0 0 0 0
car 0.6 0 0 150 350 163 352 0 0 0 0 0 0 0
car 0.0 0 0 28 289 35 301 0 0 0 0 0 0 0
car 0.0 0 0 302 51 311 68 0 0 0 0 0 0 0
car 0.75 0 0 0 316 4 326 0 0 0 0 0 0 0
car 0.0 0 0 331 85 343 99 0 0 0 0 0 0 0
car 0.0 0 0 293 39 311 49 0 0 0 0 0 0 0
car 0.0 0 0 42 283 50 296 0 0 0 0 0 0 0
car 0.0 0 0 128 331 144 336 0 0 0 0 0 0 0
car 0.0 0 0 292 58 301 75 0 0 0 0 0 0 0
car 0.0 0 0 213 54 234 64 0 0 0 0 0 0 0
car 0.0 0 0 278 53 286 68 0 0 0 0 0 0 0
car 0.0 0 0 14 316 30 327 0 0 0 0 0 0 0
car 0.636363636364 0 0 348 88 352 108 0 0 0 0 0 0 0
car 0.0 0 0 133 338 148 343 0 0 0 0 0 0 0
car 0.0 0 0 266 40 274 52 0 0 0 0 0 0 0
car 0.0 0 0 37 296 46 312 0 0 0 0 0 0 0
car 0.0 0 0 57 316 68 332 0 0 0 0 0 0 0
car 0.0 0 0 7 335 24 344 0 0 0 0 0 0 0
car 0.0 0 0 87 321 94 333 0 0 0 0 0 0 0
car 0.0 0 0 48 307 55 323 0 0 0 0 0 0 0
car 0.0 0 0 76 310 84 324 0 0 0 0 0 0 0
car 0.0 0 0 317 32 335 42 0 0 0 0 0 0 0
