car 0.0 0 0 322 147 330 160 0 0 0 0 0 0 0
car 0.0 0 0 266 95 279 108 0 0 0 0 0 0 0
car 0.0 0 0 298 124 310 138 0 0 0 0 0 0 0
car 0.0 0 0 285 86 297 99 0 0 0 0 0 0 0
car 0.0 0 0 79 127 92 135 0 0 0 0 0 0 0
car 0.0 0 0 88 100 107 113 0 0 0 0 0 0 0
car 0.0 0 0 102 121 116 137 0 0 0 0 0 0 0
car 0.0 0 0 78 136 95 151 0 0 0 0 0 0 0
car 0.0 0 0 61 148 77 169 0 0 0 0 0 0 0
car 0.0 0 0 72 150 84 160 0 0 0 0 0 0 0
car 0.0 0 0 47 172 59 184 0 0 0 0 0 0 0
car 0.0 0 0 37 178 50 193 0 0 0 0 0 0 0
car 0.0 0 0 70 103 81 115 0 0 0 0 0 0 0
car 0.0 0 0 94 271 106 284 0 0 0 0 0 0 0
car 0.0 0 0 54 226 67 240 0 0 0 0 0 0 0
car 0.0 0 0 37 208 50 220 0 0 0 0 0 0 0
car 0.0 0 0 68 240 80 252 0 0 0 0 0 0 0
car 0.0 0 0 105 284 118 296 0 0 0 0 0 0 0
car 0.0 0 0 143 330 157 341 0 0 0 0 0 0 0
