car 0.0 0 0 6 146 15 155 0 0 0 0 0 0 0
car 0.0 0 0 1 174 14 184 0 0 0 0 0 0 0
car 0.0 0 0 5 198 19 207 0 0 0 0 0 0 0
car 0.0 0 0 27 157 39 172 0 0 0 0 0 0 0
car 0.0 0 0 20 153 35 169 0 0 0 0 0 0 0
car 0.0 0 0 14 154 26 165 0 0 0 0 0 0 0
car 0.0 0 0 11 151 20 157 0 0 0 0 0 0 0
car 0.0 0 0 37 136 48 148 0 0 0 0 0 0 0
car 0.0 0 0 60 103 70 113 0 0 0 0 0 0 0
car 0.0 0 0 67 90 78 100 0 0 0 0 0 0 0
car 0.0 0 0 63 96 74 107 0 0 0 0 0 0 0
car 0.0 0 0 91 36 101 42 0 0 0 0 0 0 0
car 0.0 0 0 87 40 99 48 0 0 0 0 0 0 0
car 0.0 0 0 76 70 86 83 0 0 0 0 0 0 0
car 0.0 0 0 97 22 109 31 0 0 0 0 0 0 0
car 0.0 0 0 83 48 95 54 0 0 0 0 0 0 0
car 0.0 0 0 54 109 64 119 0 0 0 0 0 0 0
car 0.0 0 0 92 28 105 38 0 0 0 0 0 0 0
