car 0.0 0 0 201 331 209 345 0 0 0 0 0 0 0
car 0.0 0 0 181 312 188 327 0 0 0 0 0 0 0
car 0.0 0 0 146 295 154 308 0 0 0 0 0 0 0
car 0.0 0 0 90 243 103 256 0 0 0 0 0 0 0
car 0.0 0 0 122 272 134 286 0 0 0 0 0 0 0
car 0.0 0 0 174 305 183 319 0 0 0 0 0 0 0
car 0.0 0 0 109 234 121 247 0 0 0 0 0 0 0
car 0.0 0 0 332 0 347 11 0 0 0 0 0 0 0
car 0.0 0 0 337 5 352 16 0 0 0 0 0 0 0
car 0.0 0 0 280 7 296 15 0 0 0 0 0 0 0
car 0.0 0 0 282 14 300 21 0 0 0 0 0 0 0
car 0.0 0 0 305 35 322 43 0 0 0 0 0 0 0
car 0.0 0 0 310 39 326 47 0 0 0 0 0 0 0
car 0.0 0 0 325 49 339 56 0 0 0 0 0 0 0
car 0.0 0 0 329 55 343 62 0 0 0 0 0 0 0
car 0.1875 0 0 339 66 352 73 0 0 0 0 0 0 0
car 0.588235294118 0 0 345 71 352 78 0 0 0 0 0 0 0
car 0.0 0 0 316 152 333 160 0 0 0 0 0 0 0
car 0.0 0 0 302 162 320 173 0 0 0 0 0 0 0
car 0.0 0 0 334 24 346 39 0 0 0 0 0 0 0
car 0.0 0 0 334 60 350 67 0 0 0 0 0 0 0
car 0.5625 0 0 190 345 200 352 0 0 0 0 0 0 0
car 0.6 0 0 212 346 221 352 0 0 0 0 0 0 0
car 0.3 0 0 345 10 352 21 0 0 0 0 0 0 0
car 0.0 0 0 303 28 319 37 0 0 0 0 0 0 0
car 0.0 0 0 273 3 291 11 0 0 0 0 0 0 0
car 0.0 0 0 318 44 332 51 0 0 0 0 0 0 0
car 0.0 0 0 289 19 306 27 0 0 0 0 0 0 0
car 0.0 0 0 304 157 325 166 0 0 0 0 0 0 0
car 0.772727272727 0 0 347 77 352 86 0 0 0 0 0 0 0
car 0.0 0 0 327 12 335 29 0 0 0 0 0 0 0
