car 0.0 0 0 259 176 271 188 0 0 0 0 0 0 0
car 0.0 0 0 8 0 23 11 0 0 0 0 0 0 0
car 0.0 0 0 13 5 28 16 0 0 0 0 0 0 0
car 0.0 0 0 65 14 79 20 0 0 0 0 0 0 0
car 0.875 0 0 0 39 2 47 0 0 0 0 0 0 0
car 0.0 0 0 1 49 15 56 0 0 0 0 0 0 0
car 0.0 0 0 5 55 19 62 0 0 0 0 0 0 0
car 0.0 0 0 15 66 31 73 0 0 0 0 0 0 0
car 0.0 0 0 21 71 38 78 0 0 0 0 0 0 0
car 0.0 0 0 33 82 49 90 0 0 0 0 0 0 0
car 0.0 0 0 38 88 55 95 0 0 0 0 0 0 0
car 0.0 0 0 39 49 47 62 0 0 0 0 0 0 0
car 0.0 0 0 45 52 52 67 0 0 0 0 0 0 0
car 0.0 0 0 48 54 58 72 0 0 0 0 0 0 0
car 0.0 0 0 84 85 98 97 0 0 0 0 0 0 0
car 0.0 0 0 93 89 104 100 0 0 0 0 0 0 0
car 0.0 0 0 98 98 113 109 0 0 0 0 0 0 0
car 0.0 0 0 101 102 118 114 0 0 0 0 0 0 0
car 0.0 0 0 106 106 123 118 0 0 0 0 0 0 0
car 0.0 0 0 63 65 71 79 0 0 0 0 0 0 0
car 0.0 0 0 37 135 49 148 0 0 0 0 0 0 0
car 0.0 0 0 142 134 157 148 0 0 0 0 0 0 0
car 0.0 0 0 178 161 193 175 0 0 0 0 0 0 0
car 0.0 0 0 146 149 161 162 0 0 0 0 0 0 0
car 0.0 0 0 157 160 169 171 0 0 0 0 0 0 0
car 0.470588235294 0 0 0 152 9 160 0 0 0 0 0 0 0
car 0.0 0 0 10 24 22 39 0 0 0 0 0 0 0
car 0.0 0 0 10 60 26 67 0 0 0 0 0 0 0
car 0.0 0 0 224 200 233 209 0 0 0 0 0 0 0
car 0.0 0 0 185 168 196 180 0 0 0 0 0 0 0
car 0.0 0 0 161 108 174 116 0 0 0 0 0 0 0
car 0.0 0 0 184 131 198 140 0 0 0 0 0 0 0
car 0.0 0 0 32 42 41 59 0 0 0 0 0 0 0
car 0.0 0 0 214 197 227 210 0 0 0 0 0 0 0
car 0.0 0 0 21 10 31 21 0 0 0 0 0 0 0
car 0.0 0 0 289 255 320 281 0 0 0 0 0 0 0
car 0.0 0 0 215 157 228 166 0 0 0 0 0 0 0
car 0.0 0 0 180 108 192 122 0 0 0 0 0 0 0
car 0.0 0 0 132 162 148 174 0 0 0 0 0 0 0
car 0.0 0 0 144 174 159 185 0 0 0 0 0 0 0
car 0.0 0 0 169 198 181 210 0 0 0 0 0 0 0
car 0.0 0 0 173 100 185 111 0 0 0 0 0 0 0
car 0.0 0 0 321 6 328 16 0 0 0 0 0 0 0
car 0.0 0 0 57 5 77 17 0 0 0 0 0 0 0
car 0.0 0 0 231 170 245 180 0 0 0 0 0 0 0
car 0.0 0 0 191 174 204 186 0 0 0 0 0 0 0
car 0.0 0 0 326 9 335 22 0 0 0 0 0 0 0
car 0.0 0 0 65 19 85 30 0 0 0 0 0 0 0
car 0.0 0 0 218 183 233 194 0 0 0 0 0 0 0
car 0.0 0 0 169 115 180 122 0 0 0 0 0 0 0
car 0.0 0 0 165 138 178 147 0 0 0 0 0 0 0
car 0.0 0 0 56 45 67 56 0 0 0 0 0 0 0
car 0.0 0 0 206 188 217 201 0 0 0 0 0 0 0
car 0.0 0 0 56 61 66 78 0 0 0 0 0 0 0
car 0.0 0 0 206 206 219 213 0 0 0 0 0 0 0
car 0.0 0 0 128 120 140 131 0 0 0 0 0 0 0
car 0.0 0 0 134 112 149 122 0 0 0 0 0 0 0
car 0.0 0 0 33 23 45 37 0 0 0 0 0 0 0
car 0.0 0 0 213 191 223 202 0 0 0 0 0 0 0
car 0.0 0 0 176 176 188 187 0 0 0 0 0 0 0
car 0.0 0 0 185 187 198 197 0 0 0 0 0 0 0
car 0.428571428571 0 0 0 44 8 51 0 0 0 0 0 0 0
car 0.0 0 0 179 206 193 217 0 0 0 0 0 0 0
car 0.0 0 0 155 101 168 107 0 0 0 0 0 0 0
car 0.0 0 0 121 116 133 128 0 0 0 0 0 0 0
car 0.0 0 0 80 78 93 91 0 0 0 0 0 0 0
car 0.0 0 0 74 51 87 62 0 0 0 0 0 0 0
car 0.0 0 0 151 139 162 152 0 0 0 0 0 0 0
car 0.0 0 0 173 160 182 172 0 0 0 0 0 0 0
car 0.0 0 0 118 150 132 161 0 0 0 0 0 0 0
car 0.0 0 0 154 185 170 197 0 0 0 0 0 0 0
car 0.0 0 0 134 126 146 139 0 0 0 0 0 0 0
car 0.952380952381 0 0 0 157 1 166 0 0 0 0 0 0 0
car 0.0 0 0 23 77 45 86 0 0 0 0 0 0 0
car 0.0 0 0 3 12 11 29 0 0 0 0 0 0 0
car 0.0 0 0 207 174 223 186 0 0 0 0 0 0 0
car 0.0 0 0 227 192 245 203 0 0 0 0 0 0 0
car 0.0 0 0 114 137 129 148 0 0 0 0 0 0 0
car 0.0 0 0 153 128 167 137 0 0 0 0 0 0 0
car 0.0 0 0 171 157 179 165 0 0 0 0 0 0 0
car 0.0 0 0 173 145 189 157 0 0 0 0 0 0 0
car 0.0 0 0 163 149 173 163 0 0 0 0 0 0 0
