car 0.0 0 0 135 166 142 179 0 0 0 0 0 0 0
car 0.0 0 0 25 329 39 346 0 0 0 0 0 0 0
car 0.0 0 0 44 196 52 209 0 0 0 0 0 0 0
car 0.0 0 0 335 224 342 239 0 0 0 0 0 0 0
car 0.0 0 0 55 258 71 268 0 0 0 0 0 0 0
car 0.0 0 0 43 336 61 349 0 0 0 0 0 0 0
car 0.0 0 0 28 262 36 276 0 0 0 0 0 0 0
car 0.0 0 0 115 45 133 74 0 0 0 0 0 0 0
car 0.7619047619047619 0 0 310 347 324 352 0 0 0 0 0 0 0
car 0.0 0 0 36 143 49 159 0 0 0 0 0 0 0
car 0.0 0 0 319 221 326 236 0 0 0 0 0 0 0
car 0.0 0 0 304 223 313 237 0 0 0 0 0 0 0
car 0.0 0 0 328 225 334 239 0 0 0 0 0 0 0
car 0.0 0 0 321 324 336 344 0 0 0 0 0 0 0
car 0.0 0 0 341 326 349 338 0 0 0 0 0 0 0
car 0.0 0 0 58 81 64 96 0 0 0 0 0 0 0
car 0.0 0 0 342 225 350 239 0 0 0 0 0 0 0
car 0.8 0 0 350 329 352 342 0 0 0 0 0 0 0
car 0.0 0 0 64 0 73 14 0 0 0 0 0 0 0
car 0.0 0 0 295 330 312 344 0 0 0 0 0 0 0
car 0.0 0 0 110 323 120 339 0 0 0 0 0 0 0
car 0.0 0 0 58 191 82 200 0 0 0 0 0 0 0
car 0.0 0 0 58 233 82 243 0 0 0 0 0 0 0
car 0.0 0 0 53 37 63 52 0 0 0 0 0 0 0
car 0.0 0 0 55 212 76 221 0 0 0 0 0 0 0
