car 0.0 0 0 207 48 213 61 0 0 0 0 0 0 0
car 0.0 0 0 342 74 352 80 0 0 0 0 0 0 0
car 0.0 0 0 265 54 271 66 0 0 0 0 0 0 0
car 0.0 0 0 271 55 277 67 0 0 0 0 0 0 0
car 0.0 0 0 249 153 263 167 0 0 0 0 0 0 0
car 0.0 0 0 273 77 285 85 0 0 0 0 0 0 0
car 0.0 0 0 188 152 205 160 0 0 0 0 0 0 0
car 0.0 0 0 4 321 13 339 0 0 0 0 0 0 0
car 0.3076923076923077 0 0 1 343 11 352 0 0 0 0 0 0 0
car 0.0 0 0 311 86 320 100 0 0 0 0 0 0 0
car 0.0 0 0 212 47 220 61 0 0 0 0 0 0 0
car 0.0 0 0 286 78 298 84 0 0 0 0 0 0 0
car 0.0 0 0 258 51 265 66 0 0 0 0 0 0 0
car 0.75 0 0 349 60 352 74 0 0 0 0 0 0 0
car 0.0 0 0 255 74 271 81 0 0 0 0 0 0 0
car 0.0 0 0 299 78 311 84 0 0 0 0 0 0 0
car 0.0 0 0 199 46 206 62 0 0 0 0 0 0 0
car 0.0 0 0 325 84 334 100 0 0 0 0 0 0 0
car 0.0 0 0 342 87 352 102 0 0 0 0 0 0 0
car 0.0 0 0 192 69 207 76 0 0 0 0 0 0 0
car 0.0 0 0 282 55 288 69 0 0 0 0 0 0 0
