car 0.0 0 0 77 74 97 85 0 0 0 0 0 0 0
car 0.0 0 0 146 97 160 106 0 0 0 0 0 0 0
car 0.0 0 0 272 148 286 156 0 0 0 0 0 0 0
car 0.0 0 0 295 230 326 244 0 0 0 0 0 0 0
car 0.6153846153846154 0 0 0 230 5 242 0 0 0 0 0 0 0
car 0.0 0 0 21 317 38 331 0 0 0 0 0 0 0
car 0.0 0 0 166 230 173 243 0 0 0 0 0 0 0
car 0.0 0 0 35 68 50 78 0 0 0 0 0 0 0
car 0.0 0 0 232 135 248 145 0 0 0 0 0 0 0
car 0.0 0 0 320 164 330 172 0 0 0 0 0 0 0
car 0.19999999999999996 0 0 340 129 352 143 0 0 0 0 0 0 0
car 0.1428571428571429 0 0 340 169 352 177 0 0 0 0 0 0 0
