car 0.0 0 0 60 285 70 291 0 0 0 0 0 0 0
car 0.0 0 0 5 85 15 97 0 0 0 0 0 0 0
car 0.0 0 0 73 261 87 268 0 0 0 0 0 0 0
car 0.0 0 0 130 15 143 32 0 0 0 0 0 0 0
car 0.0 0 0 173 117 190 136 0 0 0 0 0 0 0
car 0.16666666666666663 0 0 328 0 337 15 0 0 0 0 0 0 0
car 0.0 0 0 325 19 335 32 0 0 0 0 0 0 0
car 0.0 0 0 236 84 245 101 0 0 0 0 0 0 0
car 0.0 0 0 330 73 342 82 0 0 0 0 0 0 0
car 0.1333333333333333 0 0 179 0 192 13 0 0 0 0 0 0 0
car 0.0 0 0 191 94 200 109 0 0 0 0 0 0 0
car 0.0 0 0 220 33 232 53 0 0 0 0 0 0 0
car 0.0 0 0 216 88 227 104 0 0 0 0 0 0 0
car 0.0 0 0 323 35 332 54 0 0 0 0 0 0 0
car 0.0 0 0 317 91 325 107 0 0 0 0 0 0 0
car 0.0 0 0 208 54 223 73 0 0 0 0 0 0 0
car 0.0 0 0 290 92 297 107 0 0 0 0 0 0 0
car 0.0 0 0 118 12 129 31 0 0 0 0 0 0 0
car 0.0 0 0 60 11 77 26 0 0 0 0 0 0 0
car 0.0 0 0 326 93 337 109 0 0 0 0 0 0 0
car 0.0 0 0 148 54 159 65 0 0 0 0 0 0 0
