car 0.0 0 0 224 208 232 220 0 0 0 0 0 0 0
car 0.0 0 0 270 274 279 286 0 0 0 0 0 0 0
car 0.0 0 0 260 290 271 302 0 0 0 0 0 0 0
car 0.0 0 0 295 225 305 237 0 0 0 0 0 0 0
car 0.0 0 0 247 50 256 62 0 0 0 0 0 0 0
car 0.0 0 0 152 71 164 85 0 0 0 0 0 0 0
car 0.0 0 0 204 212 212 225 0 0 0 0 0 0 0
car 0.0 0 0 279 256 288 269 0 0 0 0 0 0 0
car 0.0 0 0 266 282 274 294 0 0 0 0 0 0 0
car 0.0 0 0 173 268 183 281 0 0 0 0 0 0 0
car 0.23529411764705888 0 0 130 339 143 352 0 0 0 0 0 0 0
car 0.0 0 0 291 232 299 244 0 0 0 0 0 0 0
car 0.0 0 0 328 321 337 339 0 0 0 0 0 0 0
car 0.3076923076923077 0 0 325 343 335 352 0 0 0 0 0 0 0
car 0.0 0 0 252 95 262 108 0 0 0 0 0 0 0
car 0.0 0 0 273 265 281 278 0 0 0 0 0 0 0
car 0.0 0 0 265 88 275 104 0 0 0 0 0 0 0
car 0.0 0 0 179 322 192 337 0 0 0 0 0 0 0
car 0.0 0 0 154 237 165 254 0 0 0 0 0 0 0
car 0.0 0 0 14 125 22 139 0 0 0 0 0 0 0
car 0.0 0 0 44 158 61 175 0 0 0 0 0 0 0
car 0.0 0 0 43 266 60 281 0 0 0 0 0 0 0
car 0.0 0 0 192 206 204 227 0 0 0 0 0 0 0
car 0.0 0 0 0 226 8 238 0 0 0 0 0 0 0
car 0.0 0 0 299 216 310 230 0 0 0 0 0 0 0
car 0.0 0 0 36 128 45 143 0 0 0 0 0 0 0
car 0.0 0 0 1 125 9 139 0 0 0 0 0 0 0
car 0.0 0 0 283 244 291 261 0 0 0 0 0 0 0
car 0.0 0 0 38 177 53 191 0 0 0 0 0 0 0
car 0.0 0 0 237 133 256 154 0 0 0 0 0 0 0
car 0.0 0 0 22 127 29 140 0 0 0 0 0 0 0
car 0.0 0 0 9 229 19 242 0 0 0 0 0 0 0
car 0.0 0 0 294 34 307 49 0 0 0 0 0 0 0
car 0.0 0 0 255 298 264 311 0 0 0 0 0 0 0
car 0.1578947368421053 0 0 118 336 129 352 0 0 0 0 0 0 0
car 0.0 0 0 60 335 77 350 0 0 0 0 0 0 0
car 0.0 0 0 30 127 36 141 0 0 0 0 0 0 0
