car 0.7857142857142857 0 0 349 5 352 22 0 0 0 0 0 0 0
car 0.0 0 0 179 2 195 9 0 0 0 0 0 0 0
car 0.0 0 0 298 237 307 249 0 0 0 0 0 0 0
car 0.125 0 0 338 163 352 170 0 0 0 0 0 0 0
car 0.0 0 0 243 26 262 35 0 0 0 0 0 0 0
car 0.0 0 0 315 174 327 191 0 0 0 0 0 0 0
car 0.0 0 0 212 18 228 29 0 0 0 0 0 0 0
car 0.0 0 0 193 21 207 30 0 0 0 0 0 0 0
car 0.4285714285714286 0 0 344 315 352 334 0 0 0 0 0 0 0
car 0.7692307692307692 0 0 125 0 144 3 0 0 0 0 0 0 0
car 0.0 0 0 336 91 347 112 0 0 0 0 0 0 0
car 0.0 0 0 344 57 352 73 0 0 0 0 0 0 0
car 0.5333333333333333 0 0 230 0 240 7 0 0 0 0 0 0 0
car 0.0 0 0 179 10 195 17 0 0 0 0 0 0 0
car 0.0 0 0 281 27 297 36 0 0 0 0 0 0 0
car 0.0 0 0 275 37 288 44 0 0 0 0 0 0 0
