car 0.0 0 0 163 103 173 116 0 0 0 0 0 0 0
car 0.0 0 0 150 54 159 67 0 0 0 0 0 0 0
car 0.0 0 0 151 121 159 131 0 0 0 0 0 0 0
car 0.0 0 0 136 178 146 192 0 0 0 0 0 0 0
car 0.0 0 0 141 164 149 176 0 0 0 0 0 0 0
car 0.0 0 0 59 301 77 314 0 0 0 0 0 0 0
car 0.0 0 0 177 303 185 317 0 0 0 0 0 0 0
car 0.0 0 0 166 300 171 313 0 0 0 0 0 0 0
car 0.0 0 0 152 301 165 306 0 0 0 0 0 0 0
car 0.0 0 0 153 292 165 300 0 0 0 0 0 0 0
car 0.7857142857142857 0 0 349 329 352 346 0 0 0 0 0 0 0
car 0.0 0 0 179 326 195 333 0 0 0 0 0 0 0
car 0.7777777777777778 0 0 243 350 262 352 0 0 0 0 0 0 0
car 0.09090909090909094 0 0 212 342 228 352 0 0 0 0 0 0 0
car 0.2222222222222222 0 0 193 345 207 352 0 0 0 0 0 0 0
car 0.0 0 0 125 314 144 327 0 0 0 0 0 0 0
car 0.0 0 0 230 316 240 331 0 0 0 0 0 0 0
car 0.0 0 0 178 13 189 28 0 0 0 0 0 0 0
car 0.0 0 0 179 334 195 341 0 0 0 0 0 0 0
car 0.8888888888888888 0 0 281 351 297 352 0 0 0 0 0 0 0
