car 0.0 0 0 52 71 64 81 0 0 0 0 0 0 0
car 0.0 0 0 18 74 28 80 0 0 0 0 0 0 0
car 0.0 0 0 238 81 245 91 0 0 0 0 0 0 0
car 0.0 0 0 256 94 271 100 0 0 0 0 0 0 0
car 0.0 0 0 67 67 80 76 0 0 0 0 0 0 0
car 0.0 0 0 68 63 92 88 0 0 0 0 0 0 0
car 0.0 0 0 226 78 234 90 0 0 0 0 0 0 0
car 0.0 0 0 201 74 209 88 0 0 0 0 0 0 0
car 0.0 0 0 272 81 278 95 0 0 0 0 0 0 0
car 0.0 0 0 241 92 256 99 0 0 0 0 0 0 0
car 0.0 0 0 94 77 110 87 0 0 0 0 0 0 0
car 0.0 0 0 33 91 41 103 0 0 0 0 0 0 0
car 0.0 0 0 184 88 199 96 0 0 0 0 0 0 0
car 0.0 0 0 38 63 60 79 0 0 0 0 0 0 0
car 0.0 0 0 280 108 287 122 0 0 0 0 0 0 0
car 0.0 0 0 25 60 37 74 0 0 0 0 0 0 0
car 0.0 0 0 219 105 226 120 0 0 0 0 0 0 0
car 0.0 0 0 111 71 119 80 0 0 0 0 0 0 0
car 0.0 0 0 58 76 74 85 0 0 0 0 0 0 0
car 0.0 0 0 122 95 130 110 0 0 0 0 0 0 0
car 0.0 0 0 134 97 144 111 0 0 0 0 0 0 0
car 0.0 0 0 243 79 252 92 0 0 0 0 0 0 0
car 0.0 0 0 333 63 343 78 0 0 0 0 0 0 0
car 0.0 0 0 1 84 10 100 0 0 0 0 0 0 0
car 0.0 0 0 18 87 28 102 0 0 0 0 0 0 0
car 0.0 0 0 247 100 260 106 0 0 0 0 0 0 0
