car 0.0 0 0 77 83 108 129 0 0 0 0 0 0 0
car 0.0 0 0 16 205 28 221 0 0 0 0 0 0 0
car 0.0 0 0 17 270 29 285 0 0 0 0 0 0 0
car 0.0 0 0 271 238 283 252 0 0 0 0 0 0 0
car 0.0 0 0 176 49 188 64 0 0 0 0 0 0 0
car 0.0 0 0 96 198 110 214 0 0 0 0 0 0 0
car 0.0 0 0 269 262 280 278 0 0 0 0 0 0 0
car 0.0 0 0 165 11 178 26 0 0 0 0 0 0 0
car 0.0 0 0 88 280 106 290 0 0 0 0 0 0 0
car 0.0 0 0 151 47 161 60 0 0 0 0 0 0 0
car 0.0 0 0 55 6 67 18 0 0 0 0 0 0 0
car 0.0 0 0 42 211 55 224 0 0 0 0 0 0 0
car 0.0 0 0 298 263 309 275 0 0 0 0 0 0 0
car 0.0 0 0 84 38 96 53 0 0 0 0 0 0 0
car 0.0 0 0 26 170 39 186 0 0 0 0 0 0 0
car 0.0 0 0 128 199 154 231 0 0 0 0 0 0 0
car 0.0 0 0 334 261 342 274 0 0 0 0 0 0 0
car 0.0 0 0 109 93 123 108 0 0 0 0 0 0 0
car 0.0 0 0 55 221 64 231 0 0 0 0 0 0 0
car 0.0 0 0 143 113 155 128 0 0 0 0 0 0 0
car 0.0 0 0 238 262 248 277 0 0 0 0 0 0 0
car 0.0 0 0 142 177 154 195 0 0 0 0 0 0 0
car 0.0 0 0 101 227 121 246 0 0 0 0 0 0 0
car 0.0 0 0 17 257 30 269 0 0 0 0 0 0 0
car 0.0 0 0 226 263 237 277 0 0 0 0 0 0 0
