car 0.0 0 0 302 330 316 344 0 0 0 0 0 0 0
car 0.4 0 0 346 185 352 197 0 0 0 0 0 0 0
car 0.0 0 0 25 5 39 22 0 0 0 0 0 0 0
car 0.0 0 0 43 12 61 25 0 0 0 0 0 0 0
car 0.0 0 0 310 23 324 44 0 0 0 0 0 0 0
car 0.0 0 0 14 163 30 170 0 0 0 0 0 0 0
car 0.75 0 0 0 174 3 191 0 0 0 0 0 0 0
car 0.0 0 0 122 270 132 288 0 0 0 0 0 0 0
car 0.0 0 0 20 315 34 334 0 0 0 0 0 0 0
car 0.0 0 0 321 0 336 20 0 0 0 0 0 0 0
car 0.0 0 0 244 311 252 322 0 0 0 0 0 0 0
car 0.0 0 0 233 328 243 340 0 0 0 0 0 0 0
car 0.0 0 0 341 2 349 14 0 0 0 0 0 0 0
car 0.0 0 0 12 91 23 112 0 0 0 0 0 0 0
car 0.8 0 0 350 5 352 18 0 0 0 0 0 0 0
car 0.0 0 0 37 298 47 318 0 0 0 0 0 0 0
car 0.0 0 0 45 126 57 141 0 0 0 0 0 0 0
car 0.0 0 0 20 57 28 73 0 0 0 0 0 0 0
car 0.0 0 0 295 6 312 20 0 0 0 0 0 0 0
car 0.0 0 0 317 200 328 215 0 0 0 0 0 0 0
car 0.0625 0 0 110 0 120 15 0 0 0 0 0 0 0
car 0.0 0 0 326 161 338 175 0 0 0 0 0 0 0
car 0.0 0 0 276 253 287 264 0 0 0 0 0 0 0
