car 0.0 0 0 287 50 296 62 0 0 0 0 0 0 0
car 0.0 0 0 277 66 288 78 0 0 0 0 0 0 0
car 0.0 0 0 312 1 322 13 0 0 0 0 0 0 0
car 0.9230769230769231 0 0 221 0 229 1 0 0 0 0 0 0 0
car 0.0 0 0 296 32 305 45 0 0 0 0 0 0 0
car 0.0 0 0 283 58 291 70 0 0 0 0 0 0 0
car 0.0 0 0 190 44 200 57 0 0 0 0 0 0 0
car 0.0 0 0 22 185 32 197 0 0 0 0 0 0 0
car 0.0 0 0 147 115 160 132 0 0 0 0 0 0 0
car 0.0 0 0 190 217 207 236 0 0 0 0 0 0 0
car 0.0 0 0 308 8 316 20 0 0 0 0 0 0 0
car 0.0 0 0 290 41 298 54 0 0 0 0 0 0 0
car 1.0 0 0 0 23 0 44 0 0 0 0 0 0 0
car 0.0 0 0 253 184 262 201 0 0 0 0 0 0 0
car 0.0 0 0 196 98 209 113 0 0 0 0 0 0 0
car 0.0 0 0 171 13 182 30 0 0 0 0 0 0 0
car 0.0 0 0 208 194 217 209 0 0 0 0 0 0 0
car 0.0 0 0 237 133 249 153 0 0 0 0 0 0 0
car 0.0 0 0 233 188 244 204 0 0 0 0 0 0 0
car 0.0 0 0 60 42 77 57 0 0 0 0 0 0 0
car 0.19999999999999996 0 0 0 0 12 20 0 0 0 0 0 0 0
car 0.8571428571428572 0 0 209 0 221 3 0 0 0 0 0 0 0
car 0.0 0 0 340 135 349 154 0 0 0 0 0 0 0
car 0.0 0 0 17 2 25 14 0 0 0 0 0 0 0
car 0.5714285714285714 0 0 316 0 327 6 0 0 0 0 0 0 0
car 0.0 0 0 300 20 308 37 0 0 0 0 0 0 0
car 0.0 0 0 334 191 342 207 0 0 0 0 0 0 0
car 0.0 0 0 225 154 240 173 0 0 0 0 0 0 0
car 0.0 0 0 26 5 36 18 0 0 0 0 0 0 0
car 0.0 0 0 307 192 314 207 0 0 0 0 0 0 0
car 0.6363636363636364 0 0 0 200 4 215 0 0 0 0 0 0 0
car 0.0 0 0 272 74 281 87 0 0 0 0 0 0 0
car 0.0 0 0 135 112 146 131 0 0 0 0 0 0 0
car 0.0 0 0 2 161 14 175 0 0 0 0 0 0 0
car 0.0 0 0 77 111 94 126 0 0 0 0 0 0 0
car 0.0 0 0 165 154 176 165 0 0 0 0 0 0 0
