car 0.0 0 0 263 249 278 260 0 0 0 0 0 0 0
car 0.0 0 0 69 249 86 256 0 0 0 0 0 0 0
car 0.0 0 0 144 246 155 253 0 0 0 0 0 0 0
car 0.0 0 0 93 248 103 253 0 0 0 0 0 0 0
car 0.0 0 0 101 237 107 248 0 0 0 0 0 0 0
car 0.0 0 0 171 233 178 246 0 0 0 0 0 0 0
car 0.0 0 0 142 234 150 246 0 0 0 0 0 0 0
car 0.0 0 0 10 261 18 274 0 0 0 0 0 0 0
car 0.0 0 0 183 233 190 246 0 0 0 0 0 0 0
car 0.0 0 0 219 232 224 247 0 0 0 0 0 0 0
car 0.0 0 0 89 263 95 276 0 0 0 0 0 0 0
car 0.0 0 0 129 247 143 253 0 0 0 0 0 0 0
car 0.0 0 0 106 248 118 253 0 0 0 0 0 0 0
car 0.0 0 0 82 262 89 277 0 0 0 0 0 0 0
car 0.0 0 0 162 235 170 245 0 0 0 0 0 0 0
car 0.0 0 0 206 233 211 248 0 0 0 0 0 0 0
car 0.0 0 0 156 246 171 254 0 0 0 0 0 0 0
car 0.0 0 0 213 232 218 247 0 0 0 0 0 0 0
car 0.0 0 0 241 230 248 245 0 0 0 0 0 0 0
