car 0.0 0 0 128 200 141 206 0 0 0 0 0 0 0
car 0.0 0 0 177 187 188 197 0 0 0 0 0 0 0
car 0.0 0 0 70 298 83 306 0 0 0 0 0 0 0
car 0.0 0 0 137 279 143 291 0 0 0 0 0 0 0
car 0.0 0 0 105 218 111 231 0 0 0 0 0 0 0
car 0.0 0 0 78 217 85 230 0 0 0 0 0 0 0
car 0.0 0 0 43 217 52 228 0 0 0 0 0 0 0
car 0.0 0 0 70 199 82 204 0 0 0 0 0 0 0
car 0.0 0 0 51 219 58 230 0 0 0 0 0 0 0
car 0.0 0 0 63 203 75 209 0 0 0 0 0 0 0
car 0.0 0 0 88 297 104 305 0 0 0 0 0 0 0
car 0.0 0 0 79 281 91 290 0 0 0 0 0 0 0
car 0.0 0 0 97 219 105 230 0 0 0 0 0 0 0
car 0.0 0 0 145 200 159 207 0 0 0 0 0 0 0
car 0.0 0 0 52 203 64 209 0 0 0 0 0 0 0
car 0.0 0 0 137 220 145 234 0 0 0 0 0 0 0
car 0.0 0 0 57 218 64 228 0 0 0 0 0 0 0
car 0.0 0 0 157 221 164 232 0 0 0 0 0 0 0
car 0.0 0 0 46 208 60 215 0 0 0 0 0 0 0
car 0.0 0 0 63 209 76 215 0 0 0 0 0 0 0
car 0.0 0 0 163 201 174 207 0 0 0 0 0 0 0
car 0.0 0 0 130 219 137 233 0 0 0 0 0 0 0
car 0.0 0 0 66 216 72 228 0 0 0 0 0 0 0
car 0.0 0 0 143 278 150 291 0 0 0 0 0 0 0
car 0.0 0 0 123 218 131 231 0 0 0 0 0 0 0
car 0.0 0 0 176 195 187 205 0 0 0 0 0 0 0
car 0.0 0 0 72 218 80 229 0 0 0 0 0 0 0
car 0.0 0 0 145 219 153 234 0 0 0 0 0 0 0
car 0.0 0 0 117 216 122 224 0 0 0 0 0 0 0
car 0.0 0 0 152 279 159 293 0 0 0 0 0 0 0
car 0.0 0 0 152 220 157 232 0 0 0 0 0 0 0
car 0.0 0 0 90 219 98 231 0 0 0 0 0 0 0
car 0.0 0 0 90 291 98 298 0 0 0 0 0 0 0
car 0.0 0 0 96 285 105 289 0 0 0 0 0 0 0
car 0.0 0 0 107 296 126 311 0 0 0 0 0 0 0
car 0.0 0 0 178 337 189 352 0 0 0 0 0 0 0
