car 0.19999999999999996 0 0 225 340 231 352 0 0 0 0 0 0 0
car 0.0 0 0 15 189 29 196 0 0 0 0 0 0 0
car 0.0 0 0 78 224 93 230 0 0 0 0 0 0 0
car 0.0 0 0 227 194 241 200 0 0 0 0 0 0 0
car 0.0 0 0 156 333 163 349 0 0 0 0 0 0 0
car 0.0 0 0 249 174 263 181 0 0 0 0 0 0 0
car 0.0 0 0 300 179 313 184 0 0 0 0 0 0 0
car 0.2727272727272727 0 0 250 344 260 352 0 0 0 0 0 0 0
car 0.1875 0 0 218 339 225 352 0 0 0 0 0 0 0
car 0.0 0 0 250 183 265 189 0 0 0 0 0 0 0
car 0.0 0 0 124 191 140 198 0 0 0 0 0 0 0
car 0.0 0 0 337 309 344 322 0 0 0 0 0 0 0
car 0.0 0 0 314 314 330 320 0 0 0 0 0 0 0
car 0.0 0 0 315 304 330 311 0 0 0 0 0 0 0
car 0.0 0 0 173 191 187 199 0 0 0 0 0 0 0
car 0.0 0 0 276 180 291 186 0 0 0 0 0 0 0
car 0.0 0 0 217 187 233 194 0 0 0 0 0 0 0
car 0.0 0 0 164 333 171 347 0 0 0 0 0 0 0
