car 0.0 0 0 177 40 183 55 0 0 0 0 0 0 0
car 0.0 0 0 267 121 274 137 0 0 0 0 0 0 0
car 0.0 0 0 203 57 218 65 0 0 0 0 0 0 0
car 0.0 0 0 108 33 115 49 0 0 0 0 0 0 0
car 0.0 0 0 249 311 256 326 0 0 0 0 0 0 0
car 0.0 0 0 278 55 286 71 0 0 0 0 0 0 0
car 0.0 0 0 202 44 212 55 0 0 0 0 0 0 0
car 0.0 0 0 170 39 177 55 0 0 0 0 0 0 0
car 0.0 0 0 289 9 296 22 0 0 0 0 0 0 0
car 0.0 0 0 256 213 264 229 0 0 0 0 0 0 0
car 0.0 0 0 266 14 282 20 0 0 0 0 0 0 0
car 0.0 0 0 267 4 282 11 0 0 0 0 0 0 0
car 0.75 0 0 247 348 254 352 0 0 0 0 0 0 0
car 0.0 0 0 116 33 123 47 0 0 0 0 0 0 0
