car 0.0 0 0 193 193 206 212 0 0 0 0 0 0 0
car 0.0 0 0 38 12 51 24 0 0 0 0 0 0 0
car 0.0 0 0 56 19 63 33 0 0 0 0 0 0 0
car 0.0 0 0 153 5 169 11 0 0 0 0 0 0 0
car 0.5 0 0 156 0 171 2 0 0 0 0 0 0 0
car 0.0 0 0 224 83 243 91 0 0 0 0 0 0 0
car 0.0 0 0 174 259 193 310 0 0 0 0 0 0 0
car 0.0 0 0 311 12 321 29 0 0 0 0 0 0 0
car 0.0 0 0 199 230 211 240 0 0 0 0 0 0 0
car 0.0 0 0 31 8 41 23 0 0 0 0 0 0 0
car 0.7 0 0 0 0 3 14 0 0 0 0 0 0 0
car 0.0 0 0 23 5 30 20 0 0 0 0 0 0 0
car 0.0 0 0 163 163 179 170 0 0 0 0 0 0 0
car 0.0 0 0 4 4 15 15 0 0 0 0 0 0 0
car 0.272727272727 0 0 266 0 275 8 0 0 0 0 0 0 0
car 0.0 0 0 166 172 181 178 0 0 0 0 0 0 0
car 0.0 0 0 152 300 169 335 0 0 0 0 0 0 0
car 0.0 0 0 236 8 246 22 0 0 0 0 0 0 0
car 0.0 0 0 150 13 175 19 0 0 0 0 0 0 0
car 0.0 0 0 13 6 23 17 0 0 0 0 0 0 0
car 0.0 0 0 244 21 257 43 0 0 0 0 0 0 0
car 0.0 0 0 251 183 263 196 0 0 0 0 0 0 0
car 0.833333333333 0 0 0 137 2 152 0 0 0 0 0 0 0
car 0.384615384615 0 0 255 0 261 8 0 0 0 0 0 0 0
car 0.0 0 0 263 185 272 196 0 0 0 0 0 0 0
car 0.0 0 0 253 74 275 84 0 0 0 0 0 0 0
