car 0.541666666667 0 0 341 281 352 295 0 0 0 0 0 0 0
car 0.0 0 0 181 289 193 304 0 0 0 0 0 0 0
car 0.0 0 0 186 302 209 317 0 0 0 0 0 0 0
car 0.0 0 0 201 290 216 305 0 0 0 0 0 0 0
car 0.0 0 0 309 323 318 333 0 0 0 0 0 0 0
car 0.0 0 0 220 302 227 313 0 0 0 0 0 0 0
car 0.0 0 0 65 239 72 250 0 0 0 0 0 0 0
car 0.0 0 0 164 324 181 331 0 0 0 0 0 0 0
car 0.0 0 0 317 324 327 338 0 0 0 0 0 0 0
car 0.0 0 0 269 312 275 324 0 0 0 0 0 0 0
car 0.0 0 0 342 301 350 313 0 0 0 0 0 0 0
car 0.285714285714 0 0 347 329 352 344 0 0 0 0 0 0 0
car 0.0 0 0 328 328 339 339 0 0 0 0 0 0 0
car 0.0 0 0 196 161 222 169 0 0 0 0 0 0 0
car 0.285714285714 0 0 246 347 263 352 0 0 0 0 0 0 0
car 0.0 0 0 337 330 347 341 0 0 0 0 0 0 0
car 0.0 0 0 238 308 246 318 0 0 0 0 0 0 0
car 0.0 0 0 170 81 188 124 0 0 0 0 0 0 0
car 0.0 0 0 301 321 309 332 0 0 0 0 0 0 0
car 0.0 0 0 246 310 255 321 0 0 0 0 0 0 0
car 0.0 0 0 213 298 221 309 0 0 0 0 0 0 0
car 0.0 0 0 227 303 236 314 0 0 0 0 0 0 0
car 0.0 0 0 281 314 288 323 0 0 0 0 0 0 0
