car 0.0 0 0 297 153 311 170 0 0 0 0 0 0 0
car 0.0 0 0 315 143 327 156 0 0 0 0 0 0 0
car 0.0 0 0 321 81 332 94 0 0 0 0 0 0 0
car 0.0 0 0 17 281 41 295 0 0 0 0 0 0 0
car 0.0 0 0 261 284 275 306 0 0 0 0 0 0 0
car 0.0 0 0 275 286 285 302 0 0 0 0 0 0 0
car 0.0 0 0 38 336 51 348 0 0 0 0 0 0 0
car 0.357142857143 0 0 56 343 63 352 0 0 0 0 0 0 0
car 0.0 0 0 153 329 169 335 0 0 0 0 0 0 0
car 0.0 0 0 156 322 171 326 0 0 0 0 0 0 0
car 0.0588235294118 0 0 311 336 321 352 0 0 0 0 0 0 0
car 0.0 0 0 31 332 41 347 0 0 0 0 0 0 0
car 0.7 0 0 0 324 3 338 0 0 0 0 0 0 0
car 0.0 0 0 250 284 262 300 0 0 0 0 0 0 0
car 0.0 0 0 18 301 26 313 0 0 0 0 0 0 0
car 0.0 0 0 23 329 30 344 0 0 0 0 0 0 0
car 0.0 0 0 4 328 15 339 0 0 0 0 0 0 0
car 0.0 0 0 266 321 275 332 0 0 0 0 0 0 0
car 0.0 0 0 236 332 246 346 0 0 0 0 0 0 0
car 0.0 0 0 288 233 297 245 0 0 0 0 0 0 0
car 0.0 0 0 150 337 175 343 0 0 0 0 0 0 0
car 0.0 0 0 13 330 23 341 0 0 0 0 0 0 0
car 0.0 0 0 85 300 111 318 0 0 0 0 0 0 0
car 0.681818181818 0 0 244 345 257 352 0 0 0 0 0 0 0
car 0.0 0 0 306 282 319 302 0 0 0 0 0 0 0
car 0.0 0 0 277 263 292 281 0 0 0 0 0 0 0
car 0.0 0 0 255 319 261 332 0 0 0 0 0 0 0
car 0.0 0 0 266 304 282 320 0 0 0 0 0 0 0
