car 0.0 0 0 60 27 70 43 0 0 0 0 0 0 0
car 0.0 0 0 303 263 320 272 0 0 0 0 0 0 0
car 0.0 0 0 303 314 313 334 0 0 0 0 0 0 0
car 0.0 0 0 308 212 325 221 0 0 0 0 0 0 0
car 0.0 0 0 306 220 325 229 0 0 0 0 0 0 0
car 0.0 0 0 307 229 322 236 0 0 0 0 0 0 0
car 0.1 0 0 343 96 352 114 0 0 0 0 0 0 0
car 0.0 0 0 314 141 332 149 0 0 0 0 0 0 0
car 0.0 0 0 317 148 331 156 0 0 0 0 0 0 0
car 0.0 0 0 321 81 338 89 0 0 0 0 0 0 0
car 0.0 0 0 319 87 339 95 0 0 0 0 0 0 0
car 0.0 0 0 319 95 336 103 0 0 0 0 0 0 0
car 0.0 0 0 318 102 337 110 0 0 0 0 0 0 0
car 0.0 0 0 320 64 340 74 0 0 0 0 0 0 0
car 0.0 0 0 325 29 342 37 0 0 0 0 0 0 0
car 0.0 0 0 318 107 337 118 0 0 0 0 0 0 0
car 0.0 0 0 62 210 80 222 0 0 0 0 0 0 0
car 0.0 0 0 71 122 90 133 0 0 0 0 0 0 0
car 0.0 0 0 69 131 86 140 0 0 0 0 0 0 0
car 0.0 0 0 69 141 84 151 0 0 0 0 0 0 0
car 0.0 0 0 66 157 84 165 0 0 0 0 0 0 0
car 0.0 0 0 66 149 82 157 0 0 0 0 0 0 0
car 0.0 0 0 75 101 91 112 0 0 0 0 0 0 0
car 0.0 0 0 60 219 74 228 0 0 0 0 0 0 0
car 0.0 0 0 58 235 74 244 0 0 0 0 0 0 0
car 0.0 0 0 58 228 73 237 0 0 0 0 0 0 0
car 0.0 0 0 58 312 69 327 0 0 0 0 0 0 0
car 0.0 0 0 167 312 177 329 0 0 0 0 0 0 0
car 0.0 0 0 94 7 107 24 0 0 0 0 0 0 0
car 0.0 0 0 83 46 100 58 0 0 0 0 0 0 0
car 0.222222222222 0 0 326 0 346 7 0 0 0 0 0 0 0
car 0.0 0 0 320 73 338 82 0 0 0 0 0 0 0
car 0.0 0 0 308 236 328 251 0 0 0 0 0 0 0
