car 0.0 0 0 102 332 110 347 0 0 0 0 0 0 0
car 0.0 0 0 88 314 97 329 0 0 0 0 0 0 0
car 0.0 0 0 97 265 104 280 0 0 0 0 0 0 0
car 0.0 0 0 90 263 97 279 0 0 0 0 0 0 0
car 0.0 0 0 89 280 98 295 0 0 0 0 0 0 0
car 0.0 0 0 109 127 118 141 0 0 0 0 0 0 0
car 0.0 0 0 135 114 140 126 0 0 0 0 0 0 0
car 0.0 0 0 129 99 136 112 0 0 0 0 0 0 0
car 0.0 0 0 134 51 141 64 0 0 0 0 0 0 0
car 0.0 0 0 95 229 104 243 0 0 0 0 0 0 0
car 0.0 0 0 109 92 118 106 0 0 0 0 0 0 0
car 0.0 0 0 135 12 144 25 0 0 0 0 0 0 0
car 0.555555555556 0 0 140 0 148 8 0 0 0 0 0 0 0
car 0.9 0 0 351 314 352 330 0 0 0 0 0 0 0
car 0.727272727273 0 0 349 252 352 269 0 0 0 0 0 0 0
car 0.0 0 0 324 300 332 316 0 0 0 0 0 0 0
car 0.357142857143 0 0 343 153 352 174 0 0 0 0 0 0 0
car 0.0 0 0 304 178 314 194 0 0 0 0 0 0 0
car 0.0 0 0 288 231 297 246 0 0 0 0 0 0 0
car 0.0 0 0 326 96 335 112 0 0 0 0 0 0 0
car 0.0 0 0 337 204 347 220 0 0 0 0 0 0 0
car 0.0 0 0 305 196 317 211 0 0 0 0 0 0 0
car 0.0 0 0 310 279 320 294 0 0 0 0 0 0 0
car 0.0 0 0 320 283 329 297 0 0 0 0 0 0 0
car 0.0 0 0 309 235 319 250 0 0 0 0 0 0 0
car 0.0 0 0 298 134 309 148 0 0 0 0 0 0 0
car 0.0 0 0 320 20 332 40 0 0 0 0 0 0 0
car 0.894736842105 0 0 323 0 337 2 0 0 0 0 0 0 0
car 0.0 0 0 265 26 276 44 0 0 0 0 0 0 0
car 0.416666666667 0 0 345 31 352 55 0 0 0 0 0 0 0
car 0.142857142857 0 0 340 76 352 95 0 0 0 0 0 0 0
car 0.0 0 0 279 187 290 203 0 0 0 0 0 0 0
