car 0.0 0 0 252 124 262 141 0 0 0 0 0 0 0
car 0.0 0 0 260 259 268 276 0 0 0 0 0 0 0
car 0.0 0 0 228 295 244 304 0 0 0 0 0 0 0
car 0.444444444444 0 0 253 342 263 352 0 0 0 0 0 0 0
car 0.0 0 0 225 282 245 293 0 0 0 0 0 0 0
car 0.0 0 0 258 284 273 295 0 0 0 0 0 0 0
car 0.0 0 0 271 344 287 350 0 0 0 0 0 0 0
car 0.0 0 0 270 317 287 325 0 0 0 0 0 0 0
car 0.0 0 0 271 324 288 332 0 0 0 0 0 0 0
car 0.0 0 0 271 333 289 342 0 0 0 0 0 0 0
car 0.0 0 0 234 246 249 253 0 0 0 0 0 0 0
car 0.0 0 0 225 229 240 238 0 0 0 0 0 0 0
car 0.0 0 0 224 238 240 246 0 0 0 0 0 0 0
car 0.0 0 0 244 132 254 147 0 0 0 0 0 0 0
car 0.0 0 0 265 124 281 132 0 0 0 0 0 0 0
car 0.0 0 0 246 16 257 34 0 0 0 0 0 0 0
car 0.0 0 0 319 64 334 73 0 0 0 0 0 0 0
car 0.0 0 0 224 84 236 89 0 0 0 0 0 0 0
car 0.0 0 0 222 89 237 93 0 0 0 0 0 0 0
