car 0.722222222222 0 0 60 347 71 352 0 0 0 0 0 0 0
car 0.358974358974 0 0 91 327 105 352 0 0 0 0 0 0 0
car 0.0 0 0 81 314 94 344 0 0 0 0 0 0 0
car 0.0 0 0 51 292 63 328 0 0 0 0 0 0 0
car 0.0 0 0 66 236 77 254 0 0 0 0 0 0 0
car 0.0 0 0 172 269 191 278 0 0 0 0 0 0 0
car 0.0 0 0 14 265 24 296 0 0 0 0 0 0 0
car 0.0 0 0 86 169 96 183 0 0 0 0 0 0 0
car 0.0 0 0 62 176 71 195 0 0 0 0 0 0 0
car 0.0 0 0 70 186 81 201 0 0 0 0 0 0 0
car 0.0 0 0 124 253 133 267 0 0 0 0 0 0 0
car 0.0 0 0 158 139 167 157 0 0 0 0 0 0 0
car 0.0 0 0 90 128 97 145 0 0 0 0 0 0 0
car 1.0 0 0 0 147 0 162 0 0 0 0 0 0 0
car 0.0 0 0 47 167 59 203 0 0 0 0 0 0 0
car 0.0 0 0 76 130 85 144 0 0 0 0 0 0 0
car 0.0 0 0 102 110 117 148 0 0 0 0 0 0 0
car 0.0 0 0 117 109 127 125 0 0 0 0 0 0 0
car 0.0 0 0 160 98 169 115 0 0 0 0 0 0 0
car 0.0 0 0 68 74 76 90 0 0 0 0 0 0 0
car 0.0 0 0 149 65 165 74 0 0 0 0 0 0 0
car 0.0 0 0 31 67 40 85 0 0 0 0 0 0 0
car 0.0 0 0 72 12 81 27 0 0 0 0 0 0 0
car 0.0 0 0 80 26 90 43 0 0 0 0 0 0 0
car 0.0 0 0 100 10 114 42 0 0 0 0 0 0 0
car 0.0 0 0 20 173 32 191 0 0 0 0 0 0 0
car 0.0 0 0 62 121 72 138 0 0 0 0 0 0 0
car 0.0 0 0 70 115 79 135 0 0 0 0 0 0 0
car 0.0 0 0 153 81 171 90 0 0 0 0 0 0 0
car 0.0 0 0 83 0 92 14 0 0 0 0 0 0 0
car 0.0 0 0 91 97 98 112 0 0 0 0 0 0 0
car 0.0 0 0 26 108 36 127 0 0 0 0 0 0 0
car 0.0 0 0 68 39 80 57 0 0 0 0 0 0 0
car 0.0 0 0 80 290 89 304 0 0 0 0 0 0 0
car 0.875 0 0 0 103 1 120 0 0 0 0 0 0 0
car 0.0 0 0 89 188 104 218 0 0 0 0 0 0 0
