car 0.0 0 0 31 326 47 334 0 0 0 0 0 0 0
car 0.0 0 0 29 335 45 344 0 0 0 0 0 0 0
car 0.0 0 0 29 343 45 351 0 0 0 0 0 0 0
car 0.875 0 0 28 351 45 352 0 0 0 0 0 0 0
car 0.0 0 0 31 303 47 312 0 0 0 0 0 0 0
car 0.0 0 0 88 286 98 304 0 0 0 0 0 0 0
car 0.0 0 0 64 230 72 246 0 0 0 0 0 0 0
car 0.0 0 0 196 174 207 193 0 0 0 0 0 0 0
car 0.0 0 0 224 234 233 252 0 0 0 0 0 0 0
car 0.0 0 0 40 192 60 203 0 0 0 0 0 0 0
car 0.0 0 0 233 279 241 293 0 0 0 0 0 0 0
car 0.0 0 0 53 49 70 60 0 0 0 0 0 0 0
car 0.0 0 0 79 45 87 64 0 0 0 0 0 0 0
car 0.0 0 0 52 115 62 133 0 0 0 0 0 0 0
car 0.0 0 0 44 177 62 185 0 0 0 0 0 0 0
car 0.0 0 0 168 120 178 136 0 0 0 0 0 0 0
car 0.0 0 0 39 235 59 248 0 0 0 0 0 0 0
car 0.0 0 0 55 10 74 19 0 0 0 0 0 0 0
car 0.0 0 0 218 292 229 308 0 0 0 0 0 0 0
car 0.0 0 0 251 187 260 200 0 0 0 0 0 0 0
car 0.0 0 0 138 49 148 66 0 0 0 0 0 0 0
car 0.0 0 0 157 67 167 82 0 0 0 0 0 0 0
car 0.0 0 0 125 193 135 212 0 0 0 0 0 0 0
car 0.0 0 0 258 232 270 251 0 0 0 0 0 0 0
car 0.0 0 0 109 308 118 323 0 0 0 0 0 0 0
car 0.0 0 0 271 87 281 104 0 0 0 0 0 0 0
car 0.0 0 0 33 280 55 287 0 0 0 0 0 0 0
