car 0.0 0 0 121 271 137 280 0 0 0 0 0 0 0
car 0.0 0 0 153 276 174 289 0 0 0 0 0 0 0
car 0.0 0 0 152 292 168 302 0 0 0 0 0 0 0
car 0.0 0 0 159 259 176 268 0 0 0 0 0 0 0
car 0.0 0 0 146 340 163 349 0 0 0 0 0 0 0
car 0.0 0 0 148 315 167 324 0 0 0 0 0 0 0
car 0.0 0 0 150 303 168 312 0 0 0 0 0 0 0
car 0.0 0 0 133 325 143 339 0 0 0 0 0 0 0
car 0.0 0 0 161 241 179 250 0 0 0 0 0 0 0
car 0.0 0 0 168 138 176 155 0 0 0 0 0 0 0
car 0.0 0 0 165 164 181 173 0 0 0 0 0 0 0
car 0.0 0 0 173 107 184 124 0 0 0 0 0 0 0
car 0.0 0 0 187 93 202 102 0 0 0 0 0 0 0
car 0.0 0 0 185 108 201 118 0 0 0 0 0 0 0
car 0.0 0 0 164 224 182 234 0 0 0 0 0 0 0
car 0.0 0 0 162 232 181 241 0 0 0 0 0 0 0
car 0.0 0 0 179 141 196 151 0 0 0 0 0 0 0
car 0.0 0 0 173 181 184 189 0 0 0 0 0 0 0
car 0.0 0 0 182 134 197 142 0 0 0 0 0 0 0
car 0.0 0 0 206 0 222 8 0 0 0 0 0 0 0
car 0.0 0 0 204 8 222 16 0 0 0 0 0 0 0
car 0.0 0 0 198 26 217 34 0 0 0 0 0 0 0
car 0.0 0 0 198 35 215 42 0 0 0 0 0 0 0
car 0.0 0 0 193 60 210 68 0 0 0 0 0 0 0
car 0.0 0 0 195 54 212 61 0 0 0 0 0 0 0
car 0.0 0 0 197 48 212 55 0 0 0 0 0 0 0
car 0.0 0 0 198 41 214 48 0 0 0 0 0 0 0
car 0.0 0 0 187 75 208 86 0 0 0 0 0 0 0
car 0.0 0 0 186 101 203 110 0 0 0 0 0 0 0
car 0.0 0 0 173 173 188 181 0 0 0 0 0 0 0
car 0.0 0 0 188 221 202 232 0 0 0 0 0 0 0
car 0.0 0 0 201 170 210 189 0 0 0 0 0 0 0
car 0.0 0 0 195 199 203 213 0 0 0 0 0 0 0
car 0.0 0 0 110 50 124 56 0 0 0 0 0 0 0
