car 0.0 0 0 87 91 105 101 0 0 0 0 0 0 0
car 0.0 0 0 253 18 263 36 0 0 0 0 0 0 0
car 0.0 0 0 304 92 322 101 0 0 0 0 0 0 0
car 0.0 0 0 271 20 287 26 0 0 0 0 0 0 0
car 0.0 0 0 253 98 272 108 0 0 0 0 0 0 0
car 0.875 0 0 270 0 287 1 0 0 0 0 0 0 0
car 0.0 0 0 218 119 236 128 0 0 0 0 0 0 0
car 0.0 0 0 100 123 113 131 0 0 0 0 0 0 0
car 0.0 0 0 271 0 288 8 0 0 0 0 0 0 0
car 0.0 0 0 271 9 289 18 0 0 0 0 0 0 0
car 0.0 0 0 63 128 81 137 0 0 0 0 0 0 0
car 0.0 0 0 82 126 100 135 0 0 0 0 0 0 0
car 0.0 0 0 276 73 286 90 0 0 0 0 0 0 0
car 0.0 0 0 253 43 261 59 0 0 0 0 0 0 0
