car 0.0 0 0 27 314 37 330 0 0 0 0 0 0 0
car 0.0 0 0 86 327 98 342 0 0 0 0 0 0 0
car 0.0 0 0 95 297 108 315 0 0 0 0 0 0 0
car 0.0 0 0 25 252 36 269 0 0 0 0 0 0 0
car 0.0 0 0 171 329 184 347 0 0 0 0 0 0 0
car 0.0 0 0 166 310 176 326 0 0 0 0 0 0 0
car 0.0 0 0 96 255 108 274 0 0 0 0 0 0 0
car 0.0 0 0 108 301 127 338 0 0 0 0 0 0 0
car 0.0 0 0 120 304 137 333 0 0 0 0 0 0 0
car 0.0 0 0 0 300 8 316 0 0 0 0 0 0 0
car 0.0 0 0 89 263 99 280 0 0 0 0 0 0 0
car 0.0 0 0 100 272 112 289 0 0 0 0 0 0 0
car 0.0 0 0 19 153 33 174 0 0 0 0 0 0 0
car 0.0 0 0 2 96 11 112 0 0 0 0 0 0 0
car 0.0 0 0 65 129 75 145 0 0 0 0 0 0 0
car 0.0 0 0 36 139 47 156 0 0 0 0 0 0 0
car 0.0 0 0 60 87 72 105 0 0 0 0 0 0 0
car 0.0 0 0 81 159 90 175 0 0 0 0 0 0 0
car 0.0 0 0 81 233 90 246 0 0 0 0 0 0 0
car 0.0 0 0 109 42 119 58 0 0 0 0 0 0 0
car 0.0 0 0 97 59 108 77 0 0 0 0 0 0 0
car 0.0 0 0 13 204 23 220 0 0 0 0 0 0 0
car 0.0 0 0 130 199 140 216 0 0 0 0 0 0 0
car 0.0 0 0 83 200 93 216 0 0 0 0 0 0 0
car 0.444444444444 0 0 0 283 5 297 0 0 0 0 0 0 0
car 0.0 0 0 130 145 140 163 0 0 0 0 0 0 0
car 0.0 0 0 133 165 143 180 0 0 0 0 0 0 0
car 0.0 0 0 127 130 136 143 0 0 0 0 0 0 0
car 0.333333333333 0 0 0 20 8 40 0 0 0 0 0 0 0
car 0.902255639098 0 0 0 0 13 2 0 0 0 0 0 0 0
car 0.0 0 0 21 31 33 55 0 0 0 0 0 0 0
car 0.0 0 0 71 26 80 42 0 0 0 0 0 0 0
car 0.0 0 0 16 76 30 95 0 0 0 0 0 0 0
car 0.0 0 0 65 67 75 84 0 0 0 0 0 0 0
car 0.0 0 0 37 91 52 130 0 0 0 0 0 0 0
car 0.0 0 0 40 41 50 56 0 0 0 0 0 0 0
car 0.0 0 0 55 251 64 262 0 0 0 0 0 0 0
car 0.0 0 0 106 233 121 262 0 0 0 0 0 0 0
car 0.0 0 0 116 271 132 299 0 0 0 0 0 0 0
car 0.0 0 0 43 237 52 249 0 0 0 0 0 0 0
car 0.0 0 0 51 166 61 184 0 0 0 0 0 0 0
car 0.0 0 0 69 168 79 188 0 0 0 0 0 0 0
car 0.0 0 0 96 190 110 220 0 0 0 0 0 0 0
car 0.0 0 0 59 283 69 298 0 0 0 0 0 0 0
car 0.0 0 0 104 328 113 344 0 0 0 0 0 0 0
