car 0.0 0 0 193 326 206 343 0 0 0 0 0 0 0
car 0.0 0 0 241 298 254 315 0 0 0 0 0 0 0
car 0.0 0 0 152 203 162 217 0 0 0 0 0 0 0
car 0.0 0 0 85 137 103 146 0 0 0 0 0 0 0
car 0.0 0 0 2 140 20 154 0 0 0 0 0 0 0
car 0.454545454545 0 0 0 158 6 173 0 0 0 0 0 0 0
car 0.0 0 0 248 187 259 203 0 0 0 0 0 0 0
car 0.0 0 0 39 156 48 171 0 0 0 0 0 0 0
car 0.0 0 0 77 103 94 113 0 0 0 0 0 0 0
car 0.0 0 0 178 145 190 170 0 0 0 0 0 0 0
car 0.0 0 0 195 142 207 169 0 0 0 0 0 0 0
car 0.941176470588 0 0 0 104 1 117 0 0 0 0 0 0 0
car 0.0 0 0 91 110 102 126 0 0 0 0 0 0 0
car 0.0 0 0 173 68 183 83 0 0 0 0 0 0 0
car 0.0 0 0 174 37 184 54 0 0 0 0 0 0 0
car 0.0 0 0 147 9 158 26 0 0 0 0 0 0 0
car 0.0 0 0 152 36 162 51 0 0 0 0 0 0 0
car 0.0 0 0 174 15 184 32 0 0 0 0 0 0 0
car 0.0 0 0 184 20 195 38 0 0 0 0 0 0 0
car 0.0 0 0 198 14 214 45 0 0 0 0 0 0 0
car 0.0 0 0 162 29 172 45 0 0 0 0 0 0 0
car 0.0 0 0 152 129 162 143 0 0 0 0 0 0 0
car 0.607142857143 0 0 210 0 224 11 0 0 0 0 0 0 0
car 0.0 0 0 61 287 78 296 0 0 0 0 0 0 0
car 0.0 0 0 61 328 75 337 0 0 0 0 0 0 0
car 0.0 0 0 204 46 216 72 0 0 0 0 0 0 0
car 0.290322580645 0 0 139 0 149 22 0 0 0 0 0 0 0
car 0.0 0 0 106 135 114 146 0 0 0 0 0 0 0
car 0.0 0 0 195 56 212 84 0 0 0 0 0 0 0
car 0.0 0 0 70 232 83 241 0 0 0 0 0 0 0
car 0.0 0 0 70 243 79 250 0 0 0 0 0 0 0
car 0.0 0 0 66 257 82 268 0 0 0 0 0 0 0
car 0.0 0 0 62 267 80 276 0 0 0 0 0 0 0
car 0.0 0 0 56 335 74 344 0 0 0 0 0 0 0
car 0.92 0 0 187 0 201 2 0 0 0 0 0 0 0
car 0.0 0 0 53 103 77 112 0 0 0 0 0 0 0
car 0.0 0 0 213 11 227 35 0 0 0 0 0 0 0
