car 0.0 0 0 32 300 41 315 0 0 0 0 0 0 0
car 0.0 0 0 284 312 299 321 0 0 0 0 0 0 0
car 0.0 0 0 302 311 318 321 0 0 0 0 0 0 0
car 0.0 0 0 46 304 62 338 0 0 0 0 0 0 0
car 0.0 0 0 207 337 226 346 0 0 0 0 0 0 0
car 0.0 0 0 229 328 248 339 0 0 0 0 0 0 0
car 0.0 0 0 59 276 71 291 0 0 0 0 0 0 0
car 0.0 0 0 77 269 87 286 0 0 0 0 0 0 0
car 0.0 0 0 87 284 95 300 0 0 0 0 0 0 0
car 0.0 0 0 98 325 108 343 0 0 0 0 0 0 0
car 0.0 0 0 61 311 75 339 0 0 0 0 0 0 0
car 0.0 0 0 63 168 78 197 0 0 0 0 0 0 0
car 0.0 0 0 117 176 128 208 0 0 0 0 0 0 0
car 0.0 0 0 106 192 114 208 0 0 0 0 0 0 0
car 0.0 0 0 80 180 88 198 0 0 0 0 0 0 0
car 0.941176470588 0 0 0 212 1 221 0 0 0 0 0 0 0
car 0.947368421053 0 0 0 220 1 229 0 0 0 0 0 0 0
car 0.0 0 0 77 326 86 347 0 0 0 0 0 0 0
car 0.0 0 0 125 234 137 266 0 0 0 0 0 0 0
car 0.0 0 0 56 84 67 103 0 0 0 0 0 0 0
car 0.0 0 0 19 96 29 114 0 0 0 0 0 0 0
car 0.555555555556 0 0 0 141 8 149 0 0 0 0 0 0 0
car 0.0 0 0 55 114 68 144 0 0 0 0 0 0 0
car 0.0 0 0 217 117 234 127 0 0 0 0 0 0 0
car 0.0 0 0 90 98 100 117 0 0 0 0 0 0 0
car 0.5 0 0 0 148 7 156 0 0 0 0 0 0 0
car 0.176470588235 0 0 0 81 14 89 0 0 0 0 0 0 0
car 0.25 0 0 0 87 15 95 0 0 0 0 0 0 0
car 0.0 0 0 90 178 101 198 0 0 0 0 0 0 0
car 0.0 0 0 193 107 210 119 0 0 0 0 0 0 0
car 0.294117647059 0 0 0 95 12 103 0 0 0 0 0 0 0
car 0.315789473684 0 0 0 102 13 110 0 0 0 0 0 0 0
car 0.2 0 0 0 64 16 74 0 0 0 0 0 0 0
car 0.0 0 0 61 32 70 48 0 0 0 0 0 0 0
car 0.0 0 0 117 44 126 62 0 0 0 0 0 0 0
car 0.0 0 0 1 29 18 37 0 0 0 0 0 0 0
car 0.0 0 0 85 119 96 136 0 0 0 0 0 0 0
car 0.315789473684 0 0 0 107 13 118 0 0 0 0 0 0 0
car 0.578947368421 0 0 132 0 141 8 0 0 0 0 0 0 0
car 0.0 0 0 184 39 195 55 0 0 0 0 0 0 0
car 0.0 0 0 108 266 117 282 0 0 0 0 0 0 0
car 0.0 0 0 118 290 135 323 0 0 0 0 0 0 0
car 0.9 0 0 350 332 352 340 0 0 0 0 0 0 0
car 0.0 0 0 109 138 120 157 0 0 0 0 0 0 0
car 0.222222222222 0 0 2 0 22 7 0 0 0 0 0 0 0
car 0.222222222222 0 0 0 73 14 82 0 0 0 0 0 0 0
car 0.0 0 0 194 271 204 287 0 0 0 0 0 0 0
car 0.0 0 0 120 266 135 291 0 0 0 0 0 0 0
car 0.0 0 0 100 284 110 298 0 0 0 0 0 0 0
car 0.8 0 0 0 236 4 251 0 0 0 0 0 0 0
car 0.0 0 0 139 67 149 83 0 0 0 0 0 0 0
car 0.0 0 0 131 146 141 171 0 0 0 0 0 0 0
car 0.0 0 0 34 317 42 331 0 0 0 0 0 0 0
