car 0.0 0 0 162 16 176 43 0 0 0 0 0 0 0
car 0.736842105263 0 0 115 0 127 5 0 0 0 0 0 0 0
car 0.0 0 0 174 81 186 99 0 0 0 0 0 0 0
car 0.0 0 0 172 111 182 131 0 0 0 0 0 0 0
car 0.0 0 0 189 99 199 115 0 0 0 0 0 0 0
car 0.0 0 0 190 74 201 90 0 0 0 0 0 0 0
car 0.0 0 0 159 130 172 167 0 0 0 0 0 0 0
car 0.0 0 0 202 123 211 138 0 0 0 0 0 0 0
car 0.0 0 0 185 144 195 162 0 0 0 0 0 0 0
car 0.0 0 0 201 142 210 160 0 0 0 0 0 0 0
car 0.0 0 0 184 168 194 183 0 0 0 0 0 0 0
car 0.0 0 0 193 153 201 166 0 0 0 0 0 0 0
car 0.0 0 0 169 185 178 200 0 0 0 0 0 0 0
car 0.0 0 0 180 238 188 252 0 0 0 0 0 0 0
car 0.0 0 0 198 164 207 180 0 0 0 0 0 0 0
car 0.0 0 0 197 183 206 200 0 0 0 0 0 0 0
car 0.0 0 0 290 118 308 128 0 0 0 0 0 0 0
car 0.0 0 0 200 81 211 117 0 0 0 0 0 0 0
car 0.0 0 0 212 90 223 120 0 0 0 0 0 0 0
car 0.0 0 0 216 125 228 150 0 0 0 0 0 0 0
car 0.0 0 0 184 188 196 209 0 0 0 0 0 0 0
car 0.0 0 0 202 208 214 240 0 0 0 0 0 0 0
car 0.0 0 0 267 173 276 191 0 0 0 0 0 0 0
car 0.0 0 0 195 8 204 27 0 0 0 0 0 0 0
car 0.75 0 0 197 0 205 4 0 0 0 0 0 0 0
car 0.0 0 0 213 6 226 37 0 0 0 0 0 0 0
car 0.0 0 0 158 302 170 320 0 0 0 0 0 0 0
car 0.0 0 0 147 333 158 350 0 0 0 0 0 0 0
car 0.235294117647 0 0 174 339 184 352 0 0 0 0 0 0 0
car 0.555555555556 0 0 184 344 195 352 0 0 0 0 0 0 0
car 0.548387096774 0 0 198 338 214 352 0 0 0 0 0 0 0
car 0.0 0 0 187 241 196 256 0 0 0 0 0 0 0
car 0.0 0 0 73 225 90 234 0 0 0 0 0 0 0
car 0.0 0 0 39 203 48 218 0 0 0 0 0 0 0
car 0.0 0 0 54 201 71 215 0 0 0 0 0 0 0
car 0.0 0 0 67 191 83 206 0 0 0 0 0 0 0
car 0.0 0 0 142 185 157 223 0 0 0 0 0 0 0
car 0.0 0 0 210 307 224 335 0 0 0 0 0 0 0
car 0.0 0 0 107 58 117 76 0 0 0 0 0 0 0
car 0.0 0 0 212 248 224 274 0 0 0 0 0 0 0
car 0.0 0 0 213 198 226 225 0 0 0 0 0 0 0
car 0.0 0 0 139 315 149 346 0 0 0 0 0 0 0
car 0.0 0 0 215 167 226 196 0 0 0 0 0 0 0
car 0.0 0 0 204 170 216 202 0 0 0 0 0 0 0
car 0.0 0 0 191 37 202 57 0 0 0 0 0 0 0
car 0.0 0 0 191 59 201 73 0 0 0 0 0 0 0
car 0.0 0 0 97 281 106 299 0 0 0 0 0 0 0
car 0.0 0 0 186 219 197 236 0 0 0 0 0 0 0
car 0.0 0 0 180 255 188 268 0 0 0 0 0 0 0
car 0.0 0 0 187 301 201 326 0 0 0 0 0 0 0
car 0.0 0 0 103 115 112 131 0 0 0 0 0 0 0
car 0.0 0 0 177 309 187 323 0 0 0 0 0 0 0
car 0.291666666667 0 0 213 335 227 352 0 0 0 0 0 0 0
