car 0.0 0 0 3 305 22 314 0 0 0 0 0 0 0
car 0.0 0 0 132 313 141 332 0 0 0 0 0 0 0
car 0.0 0 0 100 249 111 267 0 0 0 0 0 0 0
car 0.0 0 0 92 216 101 232 0 0 0 0 0 0 0
car 0.0 0 0 243 220 263 229 0 0 0 0 0 0 0
car 0.0 0 0 133 171 143 187 0 0 0 0 0 0 0
car 0.0 0 0 202 179 211 195 0 0 0 0 0 0 0
car 0.0 0 0 108 156 117 174 0 0 0 0 0 0 0
car 0.0 0 0 72 190 83 208 0 0 0 0 0 0 0
car 0.0 0 0 107 216 116 234 0 0 0 0 0 0 0
car 0.0 0 0 211 43 222 61 0 0 0 0 0 0 0
car 0.0 0 0 19 138 36 149 0 0 0 0 0 0 0
car 0.0 0 0 17 158 35 167 0 0 0 0 0 0 0
car 0.0 0 0 9 241 25 250 0 0 0 0 0 0 0
car 0.0 0 0 21 109 40 120 0 0 0 0 0 0 0
car 0.0 0 0 116 93 125 109 0 0 0 0 0 0 0
car 0.0 0 0 111 69 121 87 0 0 0 0 0 0 0
car 0.0 0 0 101 54 110 71 0 0 0 0 0 0 0
car 0.0 0 0 31 2 47 10 0 0 0 0 0 0 0
car 0.0 0 0 29 11 45 20 0 0 0 0 0 0 0
car 0.0 0 0 29 19 45 27 0 0 0 0 0 0 0
car 0.0 0 0 28 27 45 35 0 0 0 0 0 0 0
car 0.0 0 0 24 39 44 51 0 0 0 0 0 0 0
car 0.0 0 0 118 39 130 61 0 0 0 0 0 0 0
car 0.0 0 0 146 81 155 100 0 0 0 0 0 0 0
car 0.0 0 0 124 263 136 280 0 0 0 0 0 0 0
car 0.0 0 0 200 195 210 212 0 0 0 0 0 0 0
car 0.0 0 0 139 28 147 45 0 0 0 0 0 0 0
car 0.0 0 0 32 237 41 255 0 0 0 0 0 0 0
car 0.0 0 0 9 276 25 286 0 0 0 0 0 0 0
car 0.0 0 0 2 322 22 331 0 0 0 0 0 0 0
car 0.0 0 0 14 198 31 207 0 0 0 0 0 0 0
car 0.0 0 0 12 182 29 192 0 0 0 0 0 0 0
