car 0.9 0 0 278 0 285 1 0 0 0 0 0 0 0
car 0.9615384615384616 0 0 307 0 320 1 0 0 0 0 0 0 0
car 0.10526315789473684 0 0 109 0 121 17 0 0 0 0 0 0 0
car 0.0 0 0 241 19 259 26 0 0 0 0 0 0 0
car 0.6666666666666667 0 0 269 0 278 3 0 0 0 0 0 0 0
car 0.0 0 0 260 1 286 17 0 0 0 0 0 0 0
car 0.6923076923076923 0 0 89 0 95 4 0 0 0 0 0 0 0
car 0.0 0 0 27 15 48 22 0 0 0 0 0 0 0
car 0.5172413793103448 0 0 93 0 109 14 0 0 0 0 0 0 0
car 0.0 0 0 249 24 326 38 0 0 0 0 0 0 0
car 0.5384615384615384 0 0 263 0 269 6 0 0 0 0 0 0 0
car 0.4666666666666667 0 0 74 0 87 8 0 0 0 0 0 0 0
