car 0.0 0 0 84 274 96 294 0 0 0 0 0 0 0
car 0.0 0 0 280 175 286 187 0 0 0 0 0 0 0
car 0.0 0 0 268 229 275 241 0 0 0 0 0 0 0
car 0.0 0 0 53 2 62 18 0 0 0 0 0 0 0
car 0.0 0 0 301 217 315 239 0 0 0 0 0 0 0
car 0.0 0 0 293 246 307 270 0 0 0 0 0 0 0
car 0.0 0 0 278 315 285 325 0 0 0 0 0 0 0
car 0.0 0 0 111 233 119 249 0 0 0 0 0 0 0
car 0.0 0 0 88 182 95 197 0 0 0 0 0 0 0
car 0.0 0 0 135 132 141 142 0 0 0 0 0 0 0
car 0.0 0 0 287 290 293 304 0 0 0 0 0 0 0
car 0.0 0 0 251 224 267 251 0 0 0 0 0 0 0
car 0.375 0 0 0 237 5 252 0 0 0 0 0 0 0
car 0.0 0 0 116 271 121 285 0 0 0 0 0 0 0
car 0.0 0 0 276 293 283 306 0 0 0 0 0 0 0
car 0.0 0 0 109 294 122 319 0 0 0 0 0 0 0
car 0.0 0 0 237 129 243 137 0 0 0 0 0 0 0
car 0.0 0 0 317 186 324 200 0 0 0 0 0 0 0
car 0.0 0 0 247 225 253 239 0 0 0 0 0 0 0
car 0.0 0 0 247 275 256 288 0 0 0 0 0 0 0
car 0.0 0 0 294 227 303 240 0 0 0 0 0 0 0
car 0.0 0 0 332 228 344 248 0 0 0 0 0 0 0
car 0.0 0 0 307 299 320 325 0 0 0 0 0 0 0
car 0.0 0 0 324 175 331 188 0 0 0 0 0 0 0
car 0.0 0 0 278 261 283 274 0 0 0 0 0 0 0
car 0.0 0 0 109 322 121 341 0 0 0 0 0 0 0
car 0.0 0 0 241 343 259 350 0 0 0 0 0 0 0
car 0.0 0 0 194 141 201 155 0 0 0 0 0 0 0
car 0.0 0 0 296 287 302 301 0 0 0 0 0 0 0
car 0.0 0 0 255 128 263 138 0 0 0 0 0 0 0
car 0.0 0 0 269 318 278 327 0 0 0 0 0 0 0
car 0.0 0 0 270 261 276 275 0 0 0 0 0 0 0
car 0.0 0 0 320 305 329 320 0 0 0 0 0 0 0
car 0.0 0 0 323 225 333 241 0 0 0 0 0 0 0
car 0.0 0 0 260 325 286 341 0 0 0 0 0 0 0
car 0.0 0 0 89 315 95 328 0 0 0 0 0 0 0
car 0.0 0 0 254 188 260 202 0 0 0 0 0 0 0
car 0.0 0 0 330 124 341 142 0 0 0 0 0 0 0
car 0.0 0 0 255 176 261 188 0 0 0 0 0 0 0
car 0.0 0 0 271 176 278 187 0 0 0 0 0 0 0
car 0.0 0 0 262 189 270 204 0 0 0 0 0 0 0
car 0.0 0 0 249 292 257 305 0 0 0 0 0 0 0
car 0.0 0 0 308 288 314 299 0 0 0 0 0 0 0
car 0.0 0 0 316 174 323 187 0 0 0 0 0 0 0
car 0.0 0 0 230 128 235 137 0 0 0 0 0 0 0
car 0.0 0 0 284 141 297 148 0 0 0 0 0 0 0
car 0.0 0 0 289 186 296 199 0 0 0 0 0 0 0
car 0.0 0 0 268 244 274 257 0 0 0 0 0 0 0
car 0.0 0 0 27 339 48 346 0 0 0 0 0 0 0
car 0.0 0 0 93 309 109 338 0 0 0 0 0 0 0
car 0.0 0 0 212 140 218 151 0 0 0 0 0 0 0
car 0.0 0 0 289 174 295 185 0 0 0 0 0 0 0
car 0.0 0 0 308 175 313 186 0 0 0 0 0 0 0
car 0.0 0 0 308 187 315 201 0 0 0 0 0 0 0
car 0.0 0 0 23 185 41 194 0 0 0 0 0 0 0
car 0.0 0 0 108 189 114 200 0 0 0 0 0 0 0
car 0.0 0 0 108 144 114 159 0 0 0 0 0 0 0
car 0.0 0 0 326 188 333 200 0 0 0 0 0 0 0
car 0.0 0 0 251 261 256 274 0 0 0 0 0 0 0
car 0.0 0 0 301 147 325 158 0 0 0 0 0 0 0
car 0.0 0 0 230 139 237 150 0 0 0 0 0 0 0
car 0.0 0 0 262 176 269 188 0 0 0 0 0 0 0
car 0.0 0 0 267 292 273 305 0 0 0 0 0 0 0
car 0.0 0 0 205 33 227 40 0 0 0 0 0 0 0
car 0.0 0 0 111 205 119 216 0 0 0 0 0 0 0
car 0.0 0 0 278 227 283 242 0 0 0 0 0 0 0
car 0.0 0 0 9 238 25 295 0 0 0 0 0 0 0
car 0.0 0 0 142 183 152 196 0 0 0 0 0 0 0
car 0.0 0 0 301 247 316 273 0 0 0 0 0 0 0
car 0.0 0 0 334 189 340 204 0 0 0 0 0 0 0
car 0.0 0 0 246 140 254 148 0 0 0 0 0 0 0
car 0.0 0 0 117 146 123 159 0 0 0 0 0 0 0
car 0.0 0 0 108 132 114 144 0 0 0 0 0 0 0
car 0.0 0 0 25 263 45 310 0 0 0 0 0 0 0
car 0.7142857142857143 0 0 249 348 326 352 0 0 0 0 0 0 0
car 0.0 0 0 137 208 146 221 0 0 0 0 0 0 0
car 0.0 0 0 98 189 106 202 0 0 0 0 0 0 0
car 0.0 0 0 179 144 183 155 0 0 0 0 0 0 0
car 0.0 0 0 211 128 218 139 0 0 0 0 0 0 0
car 0.0 0 0 194 127 201 138 0 0 0 0 0 0 0
car 0.0 0 0 246 128 252 139 0 0 0 0 0 0 0
car 0.0 0 0 282 189 287 200 0 0 0 0 0 0 0
car 0.0 0 0 231 149 253 161 0 0 0 0 0 0 0
car 0.0 0 0 116 136 124 142 0 0 0 0 0 0 0
car 0.0 0 0 127 145 133 155 0 0 0 0 0 0 0
car 0.0 0 0 203 140 209 152 0 0 0 0 0 0 0
car 0.0 0 0 239 138 245 150 0 0 0 0 0 0 0
car 0.0 0 0 298 174 304 186 0 0 0 0 0 0 0
car 0.0 0 0 258 260 264 275 0 0 0 0 0 0 0
car 0.0 0 0 314 225 324 242 0 0 0 0 0 0 0
car 0.0 0 0 222 139 227 154 0 0 0 0 0 0 0
car 0.0 0 0 299 188 305 199 0 0 0 0 0 0 0
car 0.0 0 0 99 145 106 161 0 0 0 0 0 0 0
car 0.0 0 0 275 150 295 163 0 0 0 0 0 0 0
car 0.0 0 0 315 237 328 274 0 0 0 0 0 0 0
car 0.0 0 0 81 187 88 203 0 0 0 0 0 0 0
car 0.0 0 0 99 136 106 145 0 0 0 0 0 0 0
car 0.0 0 0 332 175 337 186 0 0 0 0 0 0 0
car 0.0 0 0 263 317 269 330 0 0 0 0 0 0 0
car 0.0 0 0 329 258 338 272 0 0 0 0 0 0 0
car 0.0 0 0 272 187 279 200 0 0 0 0 0 0 0
car 0.0 0 0 74 317 87 332 0 0 0 0 0 0 0
car 0.0 0 0 258 150 274 162 0 0 0 0 0 0 0
car 0.0 0 0 232 210 247 219 0 0 0 0 0 0 0
car 0.0 0 0 328 300 341 319 0 0 0 0 0 0 0
car 0.0 0 0 127 134 132 144 0 0 0 0 0 0 0
car 0.0 0 0 339 172 346 186 0 0 0 0 0 0 0
car 0.0 0 0 284 225 292 241 0 0 0 0 0 0 0
car 0.0 0 0 336 251 349 274 0 0 0 0 0 0 0
car 0.0 0 0 101 230 109 248 0 0 0 0 0 0 0
car 0.0 0 0 286 257 294 273 0 0 0 0 0 0 0
car 0.0 0 0 200 150 217 161 0 0 0 0 0 0 0
