car 0.0 0 0 238 266 254 316 0 0 0 0 0 0 0
car 0.0 0 0 89 257 115 316 0 0 0 0 0 0 0
car 0.0 0 0 302 182 322 188 0 0 0 0 0 0 0
car 0.0 0 0 301 142 317 150 0 0 0 0 0 0 0
car 0.0 0 0 307 196 323 204 0 0 0 0 0 0 0
car 0.0 0 0 206 270 219 289 0 0 0 0 0 0 0
car 0.0 0 0 304 150 317 158 0 0 0 0 0 0 0
car 0.0 0 0 135 329 142 338 0 0 0 0 0 0 0
car 0.0 0 0 304 166 320 169 0 0 0 0 0 0 0
car 0.3870967741935484 0 0 333 9 352 25 0 0 0 0 0 0 0
car 0.0 0 0 104 209 138 253 0 0 0 0 0 0 0
car 0.0 0 0 306 171 322 178 0 0 0 0 0 0 0
