car 1.0 0 0 0 271 0 284 0 0 0 0 0 0 0
car 0.0 0 0 195 229 203 240 0 0 0 0 0 0 0
car 0.0 0 0 145 98 159 104 0 0 0 0 0 0 0
car 0.0 0 0 152 133 168 140 0 0 0 0 0 0 0
car 0.0 0 0 147 110 163 118 0 0 0 0 0 0 0
car 0.0 0 0 228 301 249 309 0 0 0 0 0 0 0
car 0.0 0 0 94 99 107 106 0 0 0 0 0 0 0
car 0.0 0 0 321 237 329 252 0 0 0 0 0 0 0
car 0.0 0 0 148 141 167 149 0 0 0 0 0 0 0
car 0.0 0 0 209 209 220 225 0 0 0 0 0 0 0
car 0.0 0 0 143 223 153 237 0 0 0 0 0 0 0
car 0.0 0 0 108 71 117 84 0 0 0 0 0 0 0
car 0.0 0 0 123 83 142 89 0 0 0 0 0 0 0
car 0.0 0 0 127 128 148 134 0 0 0 0 0 0 0
car 0.0 0 0 128 120 147 128 0 0 0 0 0 0 0
car 0.0 0 0 202 227 211 239 0 0 0 0 0 0 0
car 0.0 0 0 227 232 242 236 0 0 0 0 0 0 0
car 0.0 0 0 127 97 145 105 0 0 0 0 0 0 0
car 0.0 0 0 161 296 173 319 0 0 0 0 0 0 0
car 0.0 0 0 96 114 112 121 0 0 0 0 0 0 0
car 0.0 0 0 150 197 165 220 0 0 0 0 0 0 0
car 0.0 0 0 268 240 278 257 0 0 0 0 0 0 0
car 0.0 0 0 227 245 241 253 0 0 0 0 0 0 0
car 0.0 0 0 129 134 149 143 0 0 0 0 0 0 0
car 0.0 0 0 145 127 163 134 0 0 0 0 0 0 0
car 0.0 0 0 213 229 220 239 0 0 0 0 0 0 0
car 0.0 0 0 269 222 279 240 0 0 0 0 0 0 0
car 0.0 0 0 194 319 205 338 0 0 0 0 0 0 0
car 0.0 0 0 142 211 151 222 0 0 0 0 0 0 0
car 0.0 0 0 226 223 244 229 0 0 0 0 0 0 0
car 0.0 0 0 229 260 243 266 0 0 0 0 0 0 0
car 0.0 0 0 280 225 288 239 0 0 0 0 0 0 0
car 0.9523809523809523 0 0 351 339 352 346 0 0 0 0 0 0 0
car 0.0 0 0 229 313 251 320 0 0 0 0 0 0 0
car 0.0 0 0 123 213 140 219 0 0 0 0 0 0 0
car 0.0 0 0 228 281 244 288 0 0 0 0 0 0 0
car 1.0 0 0 0 85 0 92 0 0 0 0 0 0 0
car 0.0 0 0 171 297 185 322 0 0 0 0 0 0 0
car 0.0 0 0 281 290 289 303 0 0 0 0 0 0 0
car 0.0 0 0 130 142 147 150 0 0 0 0 0 0 0
car 0.0 0 0 276 206 284 219 0 0 0 0 0 0 0
car 0.7222222222222222 0 0 347 185 352 194 0 0 0 0 0 0 0
car 0.0 0 0 227 274 242 280 0 0 0 0 0 0 0
car 0.0 0 0 164 194 176 212 0 0 0 0 0 0 0
car 0.0 0 0 227 254 242 260 0 0 0 0 0 0 0
car 0.0 0 0 95 92 110 99 0 0 0 0 0 0 0
car 0.0 0 0 143 195 151 209 0 0 0 0 0 0 0
car 0.0 0 0 126 235 140 241 0 0 0 0 0 0 0
car 0.0 0 0 123 90 143 98 0 0 0 0 0 0 0
car 0.0 0 0 333 238 349 295 0 0 0 0 0 0 0
car 0.0 0 0 309 265 318 290 0 0 0 0 0 0 0
car 0.0 0 0 183 225 193 238 0 0 0 0 0 0 0
car 0.0 0 0 229 288 245 294 0 0 0 0 0 0 0
car 0.0 0 0 280 304 292 332 0 0 0 0 0 0 0
car 0.0 0 0 96 136 110 143 0 0 0 0 0 0 0
car 0.0 0 0 146 119 164 127 0 0 0 0 0 0 0
car 0.0 0 0 145 106 162 112 0 0 0 0 0 0 0
car 0.85 0 0 349 263 352 310 0 0 0 0 0 0 0
car 0.0 0 0 94 123 114 127 0 0 0 0 0 0 0
car 0.0 0 0 298 292 303 305 0 0 0 0 0 0 0
car 0.0 0 0 300 313 306 325 0 0 0 0 0 0 0
car 0.0 0 0 281 276 287 286 0 0 0 0 0 0 0
car 0.0 0 0 94 130 111 136 0 0 0 0 0 0 0
car 0.0 0 0 98 143 114 150 0 0 0 0 0 0 0
car 0.0 0 0 144 83 160 90 0 0 0 0 0 0 0
car 0.0 0 0 131 106 147 112 0 0 0 0 0 0 0
car 0.34375 0 0 0 168 21 187 0 0 0 0 0 0 0
car 0.0 0 0 229 267 244 274 0 0 0 0 0 0 0
car 0.0 0 0 130 114 147 120 0 0 0 0 0 0 0
car 0.0 0 0 230 237 244 243 0 0 0 0 0 0 0
car 0.0 0 0 73 215 95 223 0 0 0 0 0 0 0
car 0.0 0 0 90 85 108 91 0 0 0 0 0 0 0
car 0.0 0 0 184 293 198 312 0 0 0 0 0 0 0
car 0.0 0 0 232 294 247 301 0 0 0 0 0 0 0
car 0.0 0 0 15 153 22 170 0 0 0 0 0 0 0
car 0.0 0 0 94 106 109 114 0 0 0 0 0 0 0
car 0.0 0 0 306 236 318 270 0 0 0 0 0 0 0
