car 0.0 0 0 315 271 324 284 0 0 0 0 0 0 0
car 0.0 0 0 247 63 254 73 0 0 0 0 0 0 0
car 0.0 0 0 290 321 305 326 0 0 0 0 0 0 0
car 0.0 0 0 289 261 307 268 0 0 0 0 0 0 0
car 0.0 0 0 303 71 321 77 0 0 0 0 0 0 0
car 0.0 0 0 282 128 299 140 0 0 0 0 0 0 0
car 0.0 0 0 139 205 171 224 0 0 0 0 0 0 0
car 0.0 0 0 285 268 303 275 0 0 0 0 0 0 0
car 0.0 0 0 288 301 305 307 0 0 0 0 0 0 0
car 0.0 0 0 267 109 282 123 0 0 0 0 0 0 0
car 0.0 0 0 288 328 304 334 0 0 0 0 0 0 0
car 0.0 0 0 274 61 280 74 0 0 0 0 0 0 0
car 0.0 0 0 201 116 229 143 0 0 0 0 0 0 0
car 0.0 0 0 175 86 192 114 0 0 0 0 0 0 0
car 0.0 0 0 27 230 47 246 0 0 0 0 0 0 0
car 0.0 0 0 291 314 305 319 0 0 0 0 0 0 0
car 0.0 0 0 246 92 265 107 0 0 0 0 0 0 0
car 0.0 0 0 304 85 324 92 0 0 0 0 0 0 0
car 0.0 0 0 304 78 322 86 0 0 0 0 0 0 0
car 0.0 0 0 289 306 304 313 0 0 0 0 0 0 0
car 0.0 0 0 290 60 297 75 0 0 0 0 0 0 0
car 0.0 0 0 276 122 293 133 0 0 0 0 0 0 0
car 0.0 0 0 315 236 323 250 0 0 0 0 0 0 0
car 0.0 0 0 293 138 308 149 0 0 0 0 0 0 0
car 0.0 0 0 252 102 265 113 0 0 0 0 0 0 0
car 0.0 0 0 102 168 112 183 0 0 0 0 0 0 0
car 0.0 0 0 305 92 321 99 0 0 0 0 0 0 0
car 0.0 0 0 281 62 287 74 0 0 0 0 0 0 0
car 0.0 0 0 262 62 269 73 0 0 0 0 0 0 0
car 0.0 0 0 194 67 203 90 0 0 0 0 0 0 0
car 0.0 0 0 135 5 142 14 0 0 0 0 0 0 0
car 0.0 0 0 313 168 345 187 0 0 0 0 0 0 0
car 0.0 0 0 257 107 273 118 0 0 0 0 0 0 0
car 0.0 0 0 292 158 318 169 0 0 0 0 0 0 0
car 0.0 0 0 286 291 305 298 0 0 0 0 0 0 0
car 0.0 0 0 293 284 306 290 0 0 0 0 0 0 0
car 0.0 0 0 283 279 303 283 0 0 0 0 0 0 0
car 0.0 0 0 339 153 346 170 0 0 0 0 0 0 0
car 0.0 0 0 195 95 208 109 0 0 0 0 0 0 0
