car 0.0 0 0 318 182 332 196 0 0 0 0 0 0 0
car 0.0 0 0 340 178 348 188 0 0 0 0 0 0 0
car 0.615384615385 0 0 347 174 352 186 0 0 0 0 0 0 0
car 0.0 0 0 332 156 347 170 0 0 0 0 0 0 0
car 0.0 0 0 276 140 289 148 0 0 0 0 0 0 0
car 0.736842105263 0 0 347 220 352 231 0 0 0 0 0 0 0
car 0.277777777778 0 0 339 215 352 225 0 0 0 0 0 0 0
car 0.0 0 0 331 210 350 222 0 0 0 0 0 0 0
car 0.0 0 0 325 207 341 215 0 0 0 0 0 0 0
car 0.0 0 0 317 202 335 212 0 0 0 0 0 0 0
car 0.0 0 0 299 21 319 29 0 0 0 0 0 0 0
car 0.0 0 0 320 45 338 53 0 0 0 0 0 0 0
car 0.0 0 0 82 120 104 132 0 0 0 0 0 0 0
