car 0.0 0 0 213 59 222 72 0 0 0 0 0 0 0
car 0.0 0 0 32 53 50 65 0 0 0 0 0 0 0
car 0.0 0 0 50 110 72 116 0 0 0 0 0 0 0
car 0.0 0 0 46 258 67 268 0 0 0 0 0 0 0
car 0.0 0 0 90 274 114 284 0 0 0 0 0 0 0
car 0.0 0 0 149 292 171 303 0 0 0 0 0 0 0
car 0.0 0 0 214 247 231 261 0 0 0 0 0 0 0
car 0.0 0 0 193 308 210 318 0 0 0 0 0 0 0
car 0.0 0 0 225 326 239 336 0 0 0 0 0 0 0
car 0.769230769231 0 0 242 349 255 352 0 0 0 0 0 0 0
car 0.0 0 0 338 212 349 227 0 0 0 0 0 0 0
car 0.0 0 0 224 195 235 207 0 0 0 0 0 0 0
