car 0.0 0 0 315 152 323 166 0 0 0 0 0 0 0
car 0.0 0 0 175 144 184 157 0 0 0 0 0 0 0
car 0.0 0 0 235 142 244 154 0 0 0 0 0 0 0
car 0.0 0 0 274 155 283 169 0 0 0 0 0 0 0
car 0.0 0 0 198 142 207 155 0 0 0 0 0 0 0
car 0.0 0 0 263 140 272 154 0 0 0 0 0 0 0
car 0.0 0 0 120 147 130 161 0 0 0 0 0 0 0
car 0.0 0 0 164 105 172 119 0 0 0 0 0 0 0
car 0.0 0 0 339 137 348 150 0 0 0 0 0 0 0
car 0.0 0 0 109 44 118 60 0 0 0 0 0 0 0
car 0.0 0 0 175 2 183 15 0 0 0 0 0 0 0
car 0.0 0 0 220 36 230 53 0 0 0 0 0 0 0
car 0.0 0 0 281 34 290 48 0 0 0 0 0 0 0
car 0.0 0 0 250 83 258 100 0 0 0 0 0 0 0
car 0.0 0 0 314 137 321 152 0 0 0 0 0 0 0
car 0.0 0 0 68 92 78 106 0 0 0 0 0 0 0
car 0.0 0 0 259 290 270 306 0 0 0 0 0 0 0
car 0.0 0 0 235 324 244 336 0 0 0 0 0 0 0
car 0.0 0 0 155 88 165 101 0 0 0 0 0 0 0
car 0.0 0 0 66 243 82 247 0 0 0 0 0 0 0
car 0.0 0 0 231 193 237 204 0 0 0 0 0 0 0
car 0.0 0 0 137 249 146 264 0 0 0 0 0 0 0
car 0.0 0 0 252 335 263 352 0 0 0 0 0 0 0
car 0.125 0 0 200 338 209 352 0 0 0 0 0 0 0
car 0.0 0 0 313 321 324 337 0 0 0 0 0 0 0
car 0.0 0 0 107 11 113 24 0 0 0 0 0 0 0
car 0.0 0 0 258 2 263 13 0 0 0 0 0 0 0
car 0.0 0 0 38 194 42 208 0 0 0 0 0 0 0
car 0.0 0 0 143 197 150 210 0 0 0 0 0 0 0
car 0.0 0 0 226 250 232 267 0 0 0 0 0 0 0
car 0.0 0 0 328 33 333 46 0 0 0 0 0 0 0
car 0.0 0 0 338 246 346 264 0 0 0 0 0 0 0
car 0.0 0 0 138 326 148 340 0 0 0 0 0 0 0
car 0.0 0 0 164 339 175 352 0 0 0 0 0 0 0
car 0.7 0 0 349 320 352 338 0 0 0 0 0 0 0
car 0.0 0 0 91 10 100 22 0 0 0 0 0 0 0
car 0.0 0 0 160 5 166 17 0 0 0 0 0 0 0
car 0.0 0 0 98 161 105 175 0 0 0 0 0 0 0
car 0.0 0 0 89 148 96 161 0 0 0 0 0 0 0
car 0.0 0 0 257 208 262 223 0 0 0 0 0 0 0
car 0.0 0 0 240 207 248 221 0 0 0 0 0 0 0
car 0.0 0 0 179 248 187 265 0 0 0 0 0 0 0
car 0.0 0 0 334 152 341 166 0 0 0 0 0 0 0
car 0.0 0 0 176 54 188 73 0 0 0 0 0 0 0
car 0.0 0 0 341 335 351 352 0 0 0 0 0 0 0
car 0.0 0 0 125 8 132 21 0 0 0 0 0 0 0
car 0.0 0 0 143 5 151 18 0 0 0 0 0 0 0
car 0.0 0 0 231 54 238 64 0 0 0 0 0 0 0
car 0.0 0 0 272 49 278 66 0 0 0 0 0 0 0
car 0.0 0 0 158 145 166 159 0 0 0 0 0 0 0
car 0.0 0 0 141 145 149 156 0 0 0 0 0 0 0
car 0.0 0 0 130 147 139 159 0 0 0 0 0 0 0
car 0.0 0 0 212 208 221 221 0 0 0 0 0 0 0
car 0.0 0 0 195 193 201 210 0 0 0 0 0 0 0
car 0.0 0 0 167 210 177 221 0 0 0 0 0 0 0
car 0.0 0 0 151 212 158 225 0 0 0 0 0 0 0
car 0.0 0 0 253 156 263 170 0 0 0 0 0 0 0
car 0.0 0 0 174 326 184 339 0 0 0 0 0 0 0
car 0.266666666667 0 0 95 341 106 352 0 0 0 0 0 0 0
car 0.0 0 0 329 292 338 306 0 0 0 0 0 0 0
car 0.0 0 0 322 337 334 351 0 0 0 0 0 0 0
car 0.0 0 0 186 4 195 19 0 0 0 0 0 0 0
car 0.0 0 0 56 46 66 59 0 0 0 0 0 0 0
car 0.0 0 0 232 88 239 101 0 0 0 0 0 0 0
car 0.0 0 0 36 172 45 186 0 0 0 0 0 0 0
car 0.0 0 0 199 252 207 268 0 0 0 0 0 0 0
car 0.0 0 0 308 189 316 203 0 0 0 0 0 0 0
car 0.0 0 0 224 289 234 306 0 0 0 0 0 0 0
car 0.0 0 0 244 322 254 335 0 0 0 0 0 0 0
car 0.0555555555556 0 0 262 335 271 352 0 0 0 0 0 0 0
car 0.357142857143 0 0 121 343 131 352 0 0 0 0 0 0 0
car 0.0 0 0 294 321 306 336 0 0 0 0 0 0 0
car 0.0 0 0 168 4 174 16 0 0 0 0 0 0 0
car 0.0 0 0 225 104 235 117 0 0 0 0 0 0 0
car 0.0 0 0 129 93 136 104 0 0 0 0 0 0 0
car 0.0 0 0 221 191 227 204 0 0 0 0 0 0 0
car 0.0 0 0 134 214 141 229 0 0 0 0 0 0 0
car 0.0 0 0 342 205 352 219 0 0 0 0 0 0 0
car 0.0 0 0 297 336 305 347 0 0 0 0 0 0 0
car 0.0 0 0 99 11 107 22 0 0 0 0 0 0 0
car 0.0 0 0 273 84 278 96 0 0 0 0 0 0 0
car 0.0 0 0 111 92 118 106 0 0 0 0 0 0 0
car 0.0 0 0 151 194 157 210 0 0 0 0 0 0 0
car 0.0 0 0 147 248 153 262 0 0 0 0 0 0 0
car 0.0 0 0 13 310 18 329 0 0 0 0 0 0 0
car 0.0 0 0 173 294 180 309 0 0 0 0 0 0 0
car 0.0 0 0 179 292 190 308 0 0 0 0 0 0 0
car 0.0 0 0 185 325 193 340 0 0 0 0 0 0 0
car 0.0 0 0 319 288 329 304 0 0 0 0 0 0 0
car 0.5 0 0 347 291 352 307 0 0 0 0 0 0 0
car 0.0 0 0 119 249 127 259 0 0 0 0 0 0 0
car 0.0 0 0 148 324 157 340 0 0 0 0 0 0 0
car 0.0 0 0 239 51 246 65 0 0 0 0 0 0 0
car 0.0 0 0 194 159 200 172 0 0 0 0 0 0 0
car 0.0 0 0 72 164 78 176 0 0 0 0 0 0 0
car 0.0 0 0 217 142 226 156 0 0 0 0 0 0 0
car 0.0 0 0 199 291 208 307 0 0 0 0 0 0 0
car 0.3125 0 0 146 341 159 352 0 0 0 0 0 0 0
car 0.0 0 0 321 322 331 336 0 0 0 0 0 0 0
car 0.0 0 0 113 111 119 122 0 0 0 0 0 0 0
car 0.0 0 0 60 111 68 125 0 0 0 0 0 0 0
car 0.0 0 0 185 159 192 171 0 0 0 0 0 0 0
car 0.0 0 0 289 189 298 201 0 0 0 0 0 0 0
car 0.0 0 0 103 328 113 342 0 0 0 0 0 0 0
car 0.0 0 0 156 324 165 337 0 0 0 0 0 0 0
car 0.0 0 0 289 288 302 305 0 0 0 0 0 0 0
car 0.0 0 0 117 9 123 24 0 0 0 0 0 0 0
car 0.0 0 0 29 6 35 17 0 0 0 0 0 0 0
car 0.0 0 0 84 61 92 73 0 0 0 0 0 0 0
car 0.0 0 0 202 39 214 52 0 0 0 0 0 0 0
car 0.0 0 0 247 36 257 50 0 0 0 0 0 0 0
car 0.0 0 0 207 87 213 100 0 0 0 0 0 0 0
car 0.0 0 0 96 110 103 122 0 0 0 0 0 0 0
car 0.0 0 0 79 96 86 107 0 0 0 0 0 0 0
car 0.0 0 0 115 163 123 175 0 0 0 0 0 0 0
car 0.0 0 0 248 194 253 208 0 0 0 0 0 0 0
car 0.0 0 0 203 210 212 221 0 0 0 0 0 0 0
car 0.0 0 0 126 212 134 224 0 0 0 0 0 0 0
car 0.0 0 0 81 197 91 215 0 0 0 0 0 0 0
car 0.0 0 0 172 250 177 264 0 0 0 0 0 0 0
car 0.0 0 0 280 1 289 11 0 0 0 0 0 0 0
car 0.0 0 0 326 205 335 221 0 0 0 0 0 0 0
car 0.0 0 0 226 324 235 337 0 0 0 0 0 0 0
car 0.0 0 0 244 335 255 351 0 0 0 0 0 0 0
car 0.0 0 0 73 10 82 24 0 0 0 0 0 0 0
car 0.0 0 0 190 88 196 104 0 0 0 0 0 0 0
car 0.0 0 0 104 92 109 103 0 0 0 0 0 0 0
car 0.0 0 0 202 159 208 172 0 0 0 0 0 0 0
car 0.0 0 0 146 213 151 225 0 0 0 0 0 0 0
car 0.0 0 0 234 247 242 264 0 0 0 0 0 0 0
car 0.0 0 0 48 231 56 242 0 0 0 0 0 0 0
car 0.0 0 0 308 33 316 44 0 0 0 0 0 0 0
car 0.0 0 0 308 206 318 221 0 0 0 0 0 0 0
car 0.0 0 0 319 189 325 201 0 0 0 0 0 0 0
car 0.0 0 0 346 247 352 263 0 0 0 0 0 0 0
car 0.0 0 0 243 289 253 305 0 0 0 0 0 0 0
car 0.0 0 0 262 100 269 115 0 0 0 0 0 0 0
car 0.0 0 0 245 142 251 154 0 0 0 0 0 0 0
car 0.0 0 0 79 146 90 160 0 0 0 0 0 0 0
car 0.0 0 0 170 194 177 207 0 0 0 0 0 0 0
car 0.0 0 0 99 201 106 212 0 0 0 0 0 0 0
car 0.0 0 0 154 249 162 263 0 0 0 0 0 0 0
car 0.0 0 0 289 155 294 166 0 0 0 0 0 0 0
car 0.0 0 0 306 155 313 166 0 0 0 0 0 0 0
car 0.0 0 0 294 221 307 227 0 0 0 0 0 0 0
car 0.0 0 0 163 296 171 309 0 0 0 0 0 0 0
car 0.0 0 0 251 291 262 305 0 0 0 0 0 0 0
car 0.0 0 0 199 324 208 338 0 0 0 0 0 0 0
car 0.0 0 0 252 321 263 336 0 0 0 0 0 0 0
car 0.0 0 0 152 3 159 19 0 0 0 0 0 0 0
car 0.0 0 0 204 3 213 16 0 0 0 0 0 0 0
car 0.0 0 0 221 4 226 17 0 0 0 0 0 0 0
car 0.0 0 0 137 59 144 73 0 0 0 0 0 0 0
car 0.0 0 0 151 160 158 175 0 0 0 0 0 0 0
car 0.0 0 0 70 147 79 161 0 0 0 0 0 0 0
car 0.0 0 0 213 193 219 205 0 0 0 0 0 0 0
car 0.0 0 0 292 49 301 63 0 0 0 0 0 0 0
car 0.0 0 0 283 48 292 65 0 0 0 0 0 0 0
car 0.0 0 0 300 192 307 204 0 0 0 0 0 0 0
car 0.0 0 0 343 190 352 205 0 0 0 0 0 0 0
car 0.0 0 0 338 286 351 290 0 0 0 0 0 0 0
car 0.0 0 0 261 322 271 335 0 0 0 0 0 0 0
car 0.142857142857 0 0 192 340 201 352 0 0 0 0 0 0 0
car 0.0 0 0 310 290 320 304 0 0 0 0 0 0 0
car 0.0 0 0 228 3 234 15 0 0 0 0 0 0 0
car 0.0 0 0 59 64 66 75 0 0 0 0 0 0 0
car 0.0 0 0 251 103 256 119 0 0 0 0 0 0 0
car 0.0 0 0 337 84 343 95 0 0 0 0 0 0 0
car 0.0 0 0 297 141 305 155 0 0 0 0 0 0 0
car 0.0 0 0 121 328 131 341 0 0 0 0 0 0 0
car 0.0 0 0 131 327 139 341 0 0 0 0 0 0 0
car 0.466666666667 0 0 111 344 122 352 0 0 0 0 0 0 0
car 0.0 0 0 134 6 140 18 0 0 0 0 0 0 0
car 0.0 0 0 100 46 109 60 0 0 0 0 0 0 0
car 0.0 0 0 230 37 239 48 0 0 0 0 0 0 0
car 0.0 0 0 200 104 208 122 0 0 0 0 0 0 0
car 0.0 0 0 139 278 151 290 0 0 0 0 0 0 0
car 0.0 0 0 297 156 306 171 0 0 0 0 0 0 0
car 0.0 0 0 321 246 329 261 0 0 0 0 0 0 0
car 0.0 0 0 340 321 350 334 0 0 0 0 0 0 0
car 0.0 0 0 66 8 73 22 0 0 0 0 0 0 0
car 0.0 0 0 206 54 213 67 0 0 0 0 0 0 0
car 0.0 0 0 242 88 248 100 0 0 0 0 0 0 0
car 0.0 0 0 209 105 216 118 0 0 0 0 0 0 0
car 0.0 0 0 181 105 190 118 0 0 0 0 0 0 0
car 0.0 0 0 22 186 30 198 0 0 0 0 0 0 0
car 0.0 0 0 190 251 198 267 0 0 0 0 0 0 0
car 0.0 0 0 343 33 348 47 0 0 0 0 0 0 0
car 0.0 0 0 318 84 326 98 0 0 0 0 0 0 0
car 0.0 0 0 328 245 336 261 0 0 0 0 0 0 0
car 0.0 0 0 192 326 201 339 0 0 0 0 0 0 0
car 0.25 0 0 155 340 167 352 0 0 0 0 0 0 0
car 0.0 0 0 220 158 226 171 0 0 0 0 0 0 0
car 0.0 0 0 141 163 149 176 0 0 0 0 0 0 0
car 0.0 0 0 258 194 263 206 0 0 0 0 0 0 0
car 0.0 0 0 231 206 239 220 0 0 0 0 0 0 0
car 0.0 0 0 161 211 169 223 0 0 0 0 0 0 0
car 0.0 0 0 249 266 266 270 0 0 0 0 0 0 0
car 0.0 0 0 293 100 301 116 0 0 0 0 0 0 0
car 0.0 0 0 315 48 324 63 0 0 0 0 0 0 0
car 0.0 0 0 339 294 349 308 0 0 0 0 0 0 0
car 0.0 0 0 195 4 201 16 0 0 0 0 0 0 0
car 0.0 0 0 68 62 74 73 0 0 0 0 0 0 0
car 0.0 0 0 249 51 254 68 0 0 0 0 0 0 0
car 0.0 0 0 237 156 245 170 0 0 0 0 0 0 0
car 0.0 0 0 118 214 126 226 0 0 0 0 0 0 0
car 0.0 0 0 291 204 298 218 0 0 0 0 0 0 0
car 0.0 0 0 167 160 175 171 0 0 0 0 0 0 0
car 0.0 0 0 150 144 158 157 0 0 0 0 0 0 0
car 0.0 0 0 178 193 185 207 0 0 0 0 0 0 0
car 0.0 0 0 291 33 297 48 0 0 0 0 0 0 0
car 0.0 0 0 309 48 317 61 0 0 0 0 0 0 0
car 0.0 0 0 286 102 291 114 0 0 0 0 0 0 0
car 0.0 0 0 75 113 86 125 0 0 0 0 0 0 0
car 0.0 0 0 190 291 200 310 0 0 0 0 0 0 0
car 0.0 0 0 299 288 311 305 0 0 0 0 0 0 0
car 0.0 0 0 67 47 72 61 0 0 0 0 0 0 0
car 0.0 0 0 107 147 113 160 0 0 0 0 0 0 0
car 0.0 0 0 99 147 105 160 0 0 0 0 0 0 0
car 0.0 0 0 249 209 257 222 0 0 0 0 0 0 0
car 0.0 0 0 239 193 247 203 0 0 0 0 0 0 0
car 0.0 0 0 186 196 193 211 0 0 0 0 0 0 0
car 0.0 0 0 24 229 32 246 0 0 0 0 0 0 0
car 0.0 0 0 23 253 31 268 0 0 0 0 0 0 0
car 0.0 0 0 326 188 333 202 0 0 0 0 0 0 0
car 0.0 0 0 206 289 217 307 0 0 0 0 0 0 0
car 0.0 0 0 76 45 82 59 0 0 0 0 0 0 0
car 0.0 0 0 111 60 116 72 0 0 0 0 0 0 0
car 0.0 0 0 101 61 111 74 0 0 0 0 0 0 0
car 0.0 0 0 221 52 230 67 0 0 0 0 0 0 0
car 0.0 0 0 217 102 222 116 0 0 0 0 0 0 0
car 0.0 0 0 141 108 148 126 0 0 0 0 0 0 0
car 0.0 0 0 39 212 50 224 0 0 0 0 0 0 0
car 0.0 0 0 178 210 187 221 0 0 0 0 0 0 0
car 0.0 0 0 118 197 125 208 0 0 0 0 0 0 0
car 0.0 0 0 207 249 219 269 0 0 0 0 0 0 0
car 0.0 0 0 98 244 104 260 0 0 0 0 0 0 0
car 0.0 0 0 302 50 309 63 0 0 0 0 0 0 0
car 0.0 0 0 344 49 349 60 0 0 0 0 0 0 0
car 0.0 0 0 292 83 301 96 0 0 0 0 0 0 0
car 0.0 0 0 323 138 331 150 0 0 0 0 0 0 0
car 0.0 0 0 173 338 183 352 0 0 0 0 0 0 0
car 0.0 0 0 304 322 316 337 0 0 0 0 0 0 0
car 0.0 0 0 179 41 187 56 0 0 0 0 0 0 0
car 0.0 0 0 260 36 267 49 0 0 0 0 0 0 0
car 0.0 0 0 86 94 92 106 0 0 0 0 0 0 0
car 0.0 0 0 278 207 283 220 0 0 0 0 0 0 0
car 0.0 0 0 194 211 202 225 0 0 0 0 0 0 0
car 0.0 0 0 125 197 133 209 0 0 0 0 0 0 0
car 0.0 0 0 335 35 341 45 0 0 0 0 0 0 0
car 0.0 0 0 173 104 180 124 0 0 0 0 0 0 0
car 0.0 0 0 216 291 226 305 0 0 0 0 0 0 0
car 0.0 0 0 209 326 218 337 0 0 0 0 0 0 0
car 0.0 0 0 216 322 226 336 0 0 0 0 0 0 0
car 0.0 0 0 208 337 218 351 0 0 0 0 0 0 0
car 0.0 0 0 330 321 341 336 0 0 0 0 0 0 0
car 0.0 0 0 216 247 223 263 0 0 0 0 0 0 0
car 0.142857142857 0 0 346 81 352 95 0 0 0 0 0 0 0
car 0.352941176471 0 0 129 341 141 352 0 0 0 0 0 0 0
car 0.0 0 0 213 5 219 16 0 0 0 0 0 0 0
car 0.0 0 0 170 41 181 53 0 0 0 0 0 0 0
car 0.0 0 0 241 105 249 118 0 0 0 0 0 0 0
car 0.0 0 0 150 108 155 122 0 0 0 0 0 0 0
car 0.0 0 0 137 90 143 106 0 0 0 0 0 0 0
car 0.0 0 0 104 108 111 122 0 0 0 0 0 0 0
car 0.0 0 0 184 144 190 156 0 0 0 0 0 0 0
car 0.0 0 0 167 144 176 156 0 0 0 0 0 0 0
car 0.0 0 0 92 161 95 175 0 0 0 0 0 0 0
car 0.0 0 0 187 210 193 222 0 0 0 0 0 0 0
car 0.0 0 0 134 197 139 213 0 0 0 0 0 0 0
car 0.0 0 0 300 34 307 48 0 0 0 0 0 0 0
car 0.133333333333 0 0 183 339 192 352 0 0 0 0 0 0 0
car 0.0 0 0 267 0 276 13 0 0 0 0 0 0 0
car 0.0 0 0 269 35 278 49 0 0 0 0 0 0 0
car 0.0 0 0 215 86 223 97 0 0 0 0 0 0 0
car 0.0 0 0 164 250 172 265 0 0 0 0 0 0 0
car 0.0 0 0 318 33 326 45 0 0 0 0 0 0 0
car 0.0 0 0 301 207 306 220 0 0 0 0 0 0 0
car 0.0 0 0 319 205 325 219 0 0 0 0 0 0 0
car 0.0 0 0 33 125 41 144 0 0 0 0 0 0 0
car 0.0 0 0 226 337 235 352 0 0 0 0 0 0 0
car 0.0 0 0 84 45 90 58 0 0 0 0 0 0 0
car 0.0 0 0 152 44 159 54 0 0 0 0 0 0 0
car 0.0 0 0 246 157 254 171 0 0 0 0 0 0 0
car 0.0 0 0 319 101 328 116 0 0 0 0 0 0 0
car 0.0 0 0 215 336 228 352 0 0 0 0 0 0 0
car 0.727272727273 0 0 349 337 352 351 0 0 0 0 0 0 0
car 0.0 0 0 187 42 194 54 0 0 0 0 0 0 0
car 0.0 0 0 195 40 203 54 0 0 0 0 0 0 0
car 0.0 0 0 160 56 168 69 0 0 0 0 0 0 0
car 0.0 0 0 130 111 140 123 0 0 0 0 0 0 0
car 0.0 0 0 274 143 282 153 0 0 0 0 0 0 0
car 0.0 0 0 124 164 132 176 0 0 0 0 0 0 0
car 0.0 0 0 106 197 117 211 0 0 0 0 0 0 0
car 0.0 0 0 159 287 177 293 0 0 0 0 0 0 0
car 0.0 0 0 199 284 217 291 0 0 0 0 0 0 0
car 0.0 0 0 329 83 336 94 0 0 0 0 0 0 0
car 0.0 0 0 234 289 242 304 0 0 0 0 0 0 0
car 0.0 0 0 305 338 315 351 0 0 0 0 0 0 0
car 0.0 0 0 127 45 133 60 0 0 0 0 0 0 0
car 0.0 0 0 162 43 169 54 0 0 0 0 0 0 0
car 0.0 0 0 199 89 207 101 0 0 0 0 0 0 0
car 0.0 0 0 83 164 91 178 0 0 0 0 0 0 0
car 0.0 0 0 161 196 168 207 0 0 0 0 0 0 0
car 0.0 0 0 92 200 100 214 0 0 0 0 0 0 0
car 0.0 0 0 87 243 99 255 0 0 0 0 0 0 0
car 0.0 0 0 28 286 37 300 0 0 0 0 0 0 0
car 0.0 0 0 326 50 334 64 0 0 0 0 0 0 0
car 0.0 0 0 6 230 19 249 0 0 0 0 0 0 0
car 0.0 0 0 332 336 341 348 0 0 0 0 0 0 0
car 0.0 0 0 56 11 64 21 0 0 0 0 0 0 0
car 0.0 0 0 83 11 90 28 0 0 0 0 0 0 0
car 0.0 0 0 237 1 243 16 0 0 0 0 0 0 0
car 0.0 0 0 17 94 27 109 0 0 0 0 0 0 0
car 0.0 0 0 118 46 125 59 0 0 0 0 0 0 0
car 0.0 0 0 146 44 151 57 0 0 0 0 0 0 0
car 0.0 0 0 256 53 263 66 0 0 0 0 0 0 0
car 0.0 0 0 181 89 188 99 0 0 0 0 0 0 0
car 0.0 0 0 228 159 235 170 0 0 0 0 0 0 0
car 0.0 0 0 221 209 230 224 0 0 0 0 0 0 0
car 0.0 0 0 205 193 212 205 0 0 0 0 0 0 0
car 0.0 0 0 303 99 310 113 0 0 0 0 0 0 0
car 0.0 0 0 273 101 278 114 0 0 0 0 0 0 0
car 0.0 0 0 145 90 153 102 0 0 0 0 0 0 0
car 0.0 0 0 315 0 321 10 0 0 0 0 0 0 0
car 0.0 0 0 336 47 342 67 0 0 0 0 0 0 0
car 0.0 0 0 283 82 290 97 0 0 0 0 0 0 0
car 0.0 0 0 309 83 318 95 0 0 0 0 0 0 0
car 0.0 0 0 257 245 267 260 0 0 0 0 0 0 0
car 0.0 0 0 235 335 246 352 0 0 0 0 0 0 0
car 0.0 0 0 215 40 222 56 0 0 0 0 0 0 0
car 0.0 0 0 224 85 232 100 0 0 0 0 0 0 0
car 0.0 0 0 94 92 104 105 0 0 0 0 0 0 0
car 0.0 0 0 157 161 167 174 0 0 0 0 0 0 0
car 0.0 0 0 62 163 70 177 0 0 0 0 0 0 0
car 0.0 0 0 108 213 113 225 0 0 0 0 0 0 0
car 0.0 0 0 301 82 309 96 0 0 0 0 0 0 0
car 0.0 0 0 324 154 331 167 0 0 0 0 0 0 0
car 0.0 0 0 343 152 350 167 0 0 0 0 0 0 0
car 0.571428571429 0 0 349 138 352 150 0 0 0 0 0 0 0
car 0.0 0 0 335 189 343 202 0 0 0 0 0 0 0
car 0.0 0 0 118 90 126 108 0 0 0 0 0 0 0
