car 0.0 0 0 137 243 210 271 0 0 0 0 0 0 0
car 0.444444444444 0 0 342 267 352 273 0 0 0 0 0 0 0
car 0.0 0 0 315 269 338 277 0 0 0 0 0 0 0
car 0.0 0 0 306 279 325 286 0 0 0 0 0 0 0
car 0.0 0 0 235 0 244 12 0 0 0 0 0 0 0
car 0.0 0 0 204 116 214 132 0 0 0 0 0 0 0
car 0.0 0 0 252 11 263 28 0 0 0 0 0 0 0
car 0.0 0 0 200 14 209 30 0 0 0 0 0 0 0
car 0.0 0 0 106 52 115 68 0 0 0 0 0 0 0
car 0.0 0 0 211 63 221 79 0 0 0 0 0 0 0
car 0.0 0 0 187 99 195 113 0 0 0 0 0 0 0
car 0.0 0 0 40 240 60 255 0 0 0 0 0 0 0
car 0.1875 0 0 313 0 324 13 0 0 0 0 0 0 0
car 0.0 0 0 317 61 326 75 0 0 0 0 0 0 0
car 0.0 0 0 335 216 344 234 0 0 0 0 0 0 0
car 0.0 0 0 138 2 148 16 0 0 0 0 0 0 0
car 0.0 0 0 164 15 175 28 0 0 0 0 0 0 0
car 0.0 0 0 149 51 160 67 0 0 0 0 0 0 0
car 0.0 0 0 255 45 263 61 0 0 0 0 0 0 0
car 0.0 0 0 8 91 19 105 0 0 0 0 0 0 0
car 0.0 0 0 129 210 143 226 0 0 0 0 0 0 0
car 0.766666666667 0 0 349 0 352 14 0 0 0 0 0 0 0
car 0.0 0 0 318 204 326 217 0 0 0 0 0 0 0
car 0.0 0 0 341 11 351 28 0 0 0 0 0 0 0
car 0.0 0 0 276 269 293 276 0 0 0 0 0 0 0
car 0.0 0 0 174 2 184 15 0 0 0 0 0 0 0
car 0.0 0 0 95 17 106 32 0 0 0 0 0 0 0
car 0.0 0 0 202 66 213 79 0 0 0 0 0 0 0
car 0.0 0 0 228 99 240 114 0 0 0 0 0 0 0
car 0.0 0 0 322 13 334 27 0 0 0 0 0 0 0
car 0.0 0 0 333 45 342 61 0 0 0 0 0 0 0
car 0.0 0 0 308 62 317 74 0 0 0 0 0 0 0
car 0.153846153846 0 0 244 0 254 11 0 0 0 0 0 0 0
car 0.0 0 0 262 11 271 29 0 0 0 0 0 0 0
car 0.0 0 0 121 19 131 33 0 0 0 0 0 0 0
car 0.2 0 0 294 0 306 12 0 0 0 0 0 0 0
car 0.764705882353 0 0 348 341 352 349 0 0 0 0 0 0 0
car 0.0 0 0 297 12 305 23 0 0 0 0 0 0 0
car 0.0 0 0 327 62 335 77 0 0 0 0 0 0 0
car 0.0 0 0 319 114 330 130 0 0 0 0 0 0 0
car 0.736842105263 0 0 13 0 18 5 0 0 0 0 0 0 0
car 0.0 0 0 185 1 193 16 0 0 0 0 0 0 0
car 0.0 0 0 166 49 177 64 0 0 0 0 0 0 0
car 0.0 0 0 186 66 194 79 0 0 0 0 0 0 0
car 0.0909090909091 0 0 342 47 352 60 0 0 0 0 0 0 0
car 0.0 0 0 246 280 269 288 0 0 0 0 0 0 0
car 0.0 0 0 148 0 157 16 0 0 0 0 0 0 0
car 0.0 0 0 183 49 194 64 0 0 0 0 0 0 0
car 0.0 0 0 219 64 229 78 0 0 0 0 0 0 0
car 0.0 0 0 267 114 275 131 0 0 0 0 0 0 0
car 0.0 0 0 314 48 325 63 0 0 0 0 0 0 0
car 0.0 0 0 310 114 322 132 0 0 0 0 0 0 0
car 0.0 0 0 146 17 159 33 0 0 0 0 0 0 0
car 0.0 0 0 195 98 205 115 0 0 0 0 0 0 0
car 0.142857142857 0 0 321 0 331 12 0 0 0 0 0 0 0
car 0.0 0 0 305 166 315 184 0 0 0 0 0 0 0
car 0.823529411765 0 0 349 334 352 342 0 0 0 0 0 0 0
car 0.905263157895 0 0 346 349 352 352 0 0 0 0 0 0 0
car 0.0 0 0 103 4 113 18 0 0 0 0 0 0 0
car 0.0 0 0 156 0 165 13 0 0 0 0 0 0 0
car 0.0 0 0 299 49 307 62 0 0 0 0 0 0 0
car 0.0 0 0 226 0 235 13 0 0 0 0 0 0 0
car 0.0 0 0 244 11 255 27 0 0 0 0 0 0 0
car 0.0 0 0 210 51 221 62 0 0 0 0 0 0 0
car 0.0 0 0 91 270 113 283 0 0 0 0 0 0 0
car 0.0 0 0 334 112 348 132 0 0 0 0 0 0 0
car 0.125 0 0 334 345 349 352 0 0 0 0 0 0 0
car 0.0 0 0 325 47 334 60 0 0 0 0 0 0 0
car 0.0 0 0 319 99 328 112 0 0 0 0 0 0 0
car 0.0 0 0 199 0 208 14 0 0 0 0 0 0 0
car 0.2 0 0 252 0 263 12 0 0 0 0 0 0 0
car 0.0 0 0 326 97 337 113 0 0 0 0 0 0 0
car 0.153846153846 0 0 261 0 271 11 0 0 0 0 0 0 0
car 0.0 0 0 192 16 201 30 0 0 0 0 0 0 0
car 0.0 0 0 168 67 177 79 0 0 0 0 0 0 0
car 0.0 0 0 213 116 223 131 0 0 0 0 0 0 0
car 0.0 0 0 10 33 19 46 0 0 0 0 0 0 0
car 0.0 0 0 121 4 131 17 0 0 0 0 0 0 0
car 0.0 0 0 131 3 139 17 0 0 0 0 0 0 0
car 0.0 0 0 111 20 122 35 0 0 0 0 0 0 0
car 0.0 0 0 267 102 276 114 0 0 0 0 0 0 0
car 0.0 0 0 248 101 257 116 0 0 0 0 0 0 0
car 0.0 0 0 231 116 241 134 0 0 0 0 0 0 0
car 0.230769230769 0 0 340 0 350 10 0 0 0 0 0 0 0
car 0.0 0 0 192 2 201 15 0 0 0 0 0 0 0
car 0.0 0 0 155 16 167 32 0 0 0 0 0 0 0
car 0.0 0 0 228 47 237 60 0 0 0 0 0 0 0
car 0.0 0 0 294 342 313 350 0 0 0 0 0 0 0
car 0.0 0 0 176 100 187 116 0 0 0 0 0 0 0
car 0.0 0 0 300 96 311 112 0 0 0 0 0 0 0
car 0.0 0 0 202 49 212 64 0 0 0 0 0 0 0
car 0.0 0 0 6 274 19 294 0 0 0 0 0 0 0
car 0.2 0 0 344 61 352 76 0 0 0 0 0 0 0
car 0.0 0 0 176 50 186 64 0 0 0 0 0 0 0
car 0.0 0 0 263 46 273 62 0 0 0 0 0 0 0
car 0.0 0 0 270 153 280 167 0 0 0 0 0 0 0
car 0.0 0 0 204 279 220 289 0 0 0 0 0 0 0
car 0.0 0 0 173 14 183 28 0 0 0 0 0 0 0
car 0.133333333333 0 0 304 0 316 13 0 0 0 0 0 0 0
car 0.0 0 0 294 336 314 343 0 0 0 0 0 0 0
car 0.0 0 0 209 2 218 13 0 0 0 0 0 0 0
car 0.142857142857 0 0 216 0 226 12 0 0 0 0 0 0 0
car 0.0 0 0 208 13 218 27 0 0 0 0 0 0 0
car 0.0 0 0 244 61 256 78 0 0 0 0 0 0 0
car 0.2 0 0 330 0 341 12 0 0 0 0 0 0 0
car 0.0 0 0 310 98 319 113 0 0 0 0 0 0 0
car 0.0 0 0 330 336 349 343 0 0 0 0 0 0 0
car 0.210526315789 0 0 337 278 352 286 0 0 0 0 0 0 0
car 0.0 0 0 129 17 141 34 0 0 0 0 0 0 0
car 0.0 0 0 192 48 202 64 0 0 0 0 0 0 0
car 0.0 0 0 242 153 252 167 0 0 0 0 0 0 0
car 0.0 0 0 307 46 316 62 0 0 0 0 0 0 0
car 0.0 0 0 321 153 331 166 0 0 0 0 0 0 0
car 0.0 0 0 183 15 192 30 0 0 0 0 0 0 0
car 0.0 0 0 257 101 269 114 0 0 0 0 0 0 0
car 0.0 0 0 104 171 114 188 0 0 0 0 0 0 0
car 0.0 0 0 226 13 235 28 0 0 0 0 0 0 0
car 0.0 0 0 149 65 162 81 0 0 0 0 0 0 0
car 0.0 0 0 65 105 76 119 0 0 0 0 0 0 0
car 0.0 0 0 334 62 343 78 0 0 0 0 0 0 0
car 0.0 0 0 336 100 346 111 0 0 0 0 0 0 0
car 0.0 0 0 215 12 228 28 0 0 0 0 0 0 0
car 0.0 0 0 255 62 264 76 0 0 0 0 0 0 0
car 0.727272727273 0 0 349 13 352 27 0 0 0 0 0 0 0
car 0.625 0 0 296 349 313 352 0 0 0 0 0 0 0
car 0.0 0 0 305 14 315 27 0 0 0 0 0 0 0
car 0.0 0 0 305 201 317 218 0 0 0 0 0 0 0
car 0.0 0 0 248 115 257 130 0 0 0 0 0 0 0
car 0.0 0 0 332 12 341 24 0 0 0 0 0 0 0
car 0.333333333333 0 0 346 99 352 112 0 0 0 0 0 0 0
car 0.0 0 0 237 46 247 62 0 0 0 0 0 0 0
car 0.0 0 0 220 97 230 116 0 0 0 0 0 0 0
car 0.0 0 0 56 325 80 338 0 0 0 0 0 0 0
car 0.0 0 0 235 11 246 28 0 0 0 0 0 0 0
car 0.0 0 0 262 63 275 76 0 0 0 0 0 0 0
car 0.0 0 0 185 115 196 131 0 0 0 0 0 0 0
car 0.0 0 0 330 151 341 166 0 0 0 0 0 0 0
