car 0.0 0 0 135 200 142 215 0 0 0 0 0 0 0
car 0.0 0 0 134 186 141 198 0 0 0 0 0 0 0
car 0.0 0 0 211 142 219 156 0 0 0 0 0 0 0
car 0.0 0 0 15 137 24 150 0 0 0 0 0 0 0
car 0.0 0 0 106 135 113 149 0 0 0 0 0 0 0
car 0.0 0 0 248 71 257 88 0 0 0 0 0 0 0
car 0.0 0 0 260 141 268 153 0 0 0 0 0 0 0
car 0.0 0 0 30 290 42 307 0 0 0 0 0 0 0
car 0.0 0 0 336 22 343 34 0 0 0 0 0 0 0
car 0.0 0 0 235 87 241 102 0 0 0 0 0 0 0
car 0.0 0 0 43 151 49 165 0 0 0 0 0 0 0
car 0.0 0 0 145 199 152 212 0 0 0 0 0 0 0
car 0.0 0 0 144 185 153 200 0 0 0 0 0 0 0
car 0.0 0 0 280 174 291 193 0 0 0 0 0 0 0
car 0.0 0 0 342 177 352 192 0 0 0 0 0 0 0
car 0.0 0 0 58 243 66 262 0 0 0 0 0 0 0
car 0.0 0 0 182 239 190 253 0 0 0 0 0 0 0
car 0.0 0 0 206 239 213 253 0 0 0 0 0 0 0
car 0.0 0 0 307 20 315 35 0 0 0 0 0 0 0
car 1.0 0 0 0 321 0 337 0 0 0 0 0 0 0
car 0.0 0 0 94 332 102 346 0 0 0 0 0 0 0
car 0.444444444444 0 0 347 279 352 290 0 0 0 0 0 0 0
car 0.0 0 0 229 313 236 325 0 0 0 0 0 0 0
car 0.0 0 0 251 313 263 329 0 0 0 0 0 0 0
car 0.0 0 0 4 33 9 46 0 0 0 0 0 0 0
car 0.0 0 0 291 37 297 51 0 0 0 0 0 0 0
car 0.0 0 0 243 74 250 86 0 0 0 0 0 0 0
car 0.555555555556 0 0 348 88 352 106 0 0 0 0 0 0 0
car 0.0 0 0 62 152 70 168 0 0 0 0 0 0 0
car 0.0 0 0 123 132 129 149 0 0 0 0 0 0 0
car 0.0 0 0 321 124 329 138 0 0 0 0 0 0 0
car 0.0 0 0 213 178 222 196 0 0 0 0 0 0 0
car 0.0 0 0 237 196 247 212 0 0 0 0 0 0 0
car 0.0 0 0 14 246 22 264 0 0 0 0 0 0 0
car 0.0 0 0 173 240 181 254 0 0 0 0 0 0 0
car 0.0 0 0 281 235 293 251 0 0 0 0 0 0 0
car 0.0 0 0 25 320 35 338 0 0 0 0 0 0 0
car 0.0 0 0 47 321 56 334 0 0 0 0 0 0 0
car 0.0 0 0 182 283 191 296 0 0 0 0 0 0 0
car 0.0 0 0 186 331 195 345 0 0 0 0 0 0 0
car 0.0 0 0 82 47 87 62 0 0 0 0 0 0 0
car 0.0 0 0 231 39 239 51 0 0 0 0 0 0 0
car 0.0 0 0 276 23 281 36 0 0 0 0 0 0 0
car 0.0 0 0 39 81 45 92 0 0 0 0 0 0 0
car 0.0 0 0 174 75 181 88 0 0 0 0 0 0 0
car 0.0 0 0 208 73 215 86 0 0 0 0 0 0 0
car 0.444444444444 0 0 347 73 352 85 0 0 0 0 0 0 0
car 0.0 0 0 10 152 17 166 0 0 0 0 0 0 0
car 0.0 0 0 202 195 213 210 0 0 0 0 0 0 0
car 0.0 0 0 291 178 298 196 0 0 0 0 0 0 0
car 0.0 0 0 182 256 200 265 0 0 0 0 0 0 0
car 0.0 0 0 301 237 310 250 0 0 0 0 0 0 0
car 0.0 0 0 39 281 54 288 0 0 0 0 0 0 0
car 0.294117647059 0 0 340 268 352 275 0 0 0 0 0 0 0
car 0.0 0 0 17 335 27 352 0 0 0 0 0 0 0
car 0.0 0 0 245 311 254 328 0 0 0 0 0 0 0
car 0.0 0 0 210 330 221 344 0 0 0 0 0 0 0
car 0.0 0 0 28 47 38 62 0 0 0 0 0 0 0
car 0.0 0 0 89 45 99 58 0 0 0 0 0 0 0
car 0.0 0 0 191 76 198 87 0 0 0 0 0 0 0
car 0.0 0 0 340 86 346 101 0 0 0 0 0 0 0
car 0.0 0 0 78 148 85 164 0 0 0 0 0 0 0
car 0.0 0 0 118 203 127 220 0 0 0 0 0 0 0
car 0.0 0 0 5 292 14 306 0 0 0 0 0 0 0
car 0.166666666667 0 0 0 337 10 351 0 0 0 0 0 0 0
car 0.0 0 0 49 334 58 351 0 0 0 0 0 0 0
car 0.0 0 0 150 318 159 334 0 0 0 0 0 0 0
car 0.0 0 0 238 330 246 343 0 0 0 0 0 0 0
car 0.0 0 0 301 37 306 49 0 0 0 0 0 0 0
car 0.0 0 0 247 25 256 39 0 0 0 0 0 0 0
car 0.0 0 0 70 150 79 166 0 0 0 0 0 0 0
car 0.0 0 0 254 142 260 153 0 0 0 0 0 0 0
car 0.0 0 0 213 194 222 210 0 0 0 0 0 0 0
car 0.0 0 0 251 237 258 251 0 0 0 0 0 0 0
car 0.0 0 0 268 239 276 252 0 0 0 0 0 0 0
car 0.0 0 0 105 189 116 202 0 0 0 0 0 0 0
car 0.0 0 0 74 289 84 306 0 0 0 0 0 0 0
car 0.0 0 0 194 317 202 330 0 0 0 0 0 0 0
car 0.0 0 0 201 317 212 330 0 0 0 0 0 0 0
car 0.0 0 0 177 331 187 343 0 0 0 0 0 0 0
car 0.0 0 0 342 326 351 339 0 0 0 0 0 0 0
car 0.0 0 0 161 29 170 43 0 0 0 0 0 0 0
car 0.0 0 0 74 79 82 95 0 0 0 0 0 0 0
car 0.0 0 0 112 93 118 106 0 0 0 0 0 0 0
car 0.0 0 0 328 85 338 101 0 0 0 0 0 0 0
car 0.714285714286 0 0 350 129 352 139 0 0 0 0 0 0 0
car 0.0 0 0 18 205 28 219 0 0 0 0 0 0 0
car 0.0 0 0 152 198 161 213 0 0 0 0 0 0 0
car 0.0 0 0 279 253 295 261 0 0 0 0 0 0 0
car 0.0 0 0 277 237 283 253 0 0 0 0 0 0 0
car 0.0 0 0 41 290 49 304 0 0 0 0 0 0 0
car 0.0 0 0 251 281 260 294 0 0 0 0 0 0 0
car 0.0 0 0 118 46 127 59 0 0 0 0 0 0 0
car 0.0 0 0 137 43 145 58 0 0 0 0 0 0 0
car 0.0 0 0 265 37 274 49 0 0 0 0 0 0 0
car 0.0 0 0 325 22 335 33 0 0 0 0 0 0 0
car 0.0 0 0 56 80 65 94 0 0 0 0 0 0 0
car 0.0 0 0 129 78 138 89 0 0 0 0 0 0 0
car 0.0 0 0 302 70 309 86 0 0 0 0 0 0 0
car 0.0 0 0 125 204 134 219 0 0 0 0 0 0 0
car 0.0 0 0 223 195 230 211 0 0 0 0 0 0 0
car 0.0 0 0 147 241 155 254 0 0 0 0 0 0 0
car 0.5 0 0 0 288 5 304 0 0 0 0 0 0 0
car 0.0 0 0 23 291 33 307 0 0 0 0 0 0 0
car 0.0 0 0 40 97 47 109 0 0 0 0 0 0 0
car 0.0 0 0 92 79 100 94 0 0 0 0 0 0 0
car 0.0 0 0 182 75 190 88 0 0 0 0 0 0 0
car 0.0 0 0 28 153 33 165 0 0 0 0 0 0 0
car 0.0 0 0 305 124 311 139 0 0 0 0 0 0 0
car 0.0 0 0 305 140 313 152 0 0 0 0 0 0 0
car 0.0 0 0 331 126 339 141 0 0 0 0 0 0 0
car 0.0 0 0 63 188 70 200 0 0 0 0 0 0 0
car 0.0 0 0 125 190 133 203 0 0 0 0 0 0 0
car 0.0 0 0 187 196 195 213 0 0 0 0 0 0 0
car 0.0 0 0 255 179 262 195 0 0 0 0 0 0 0
car 0.0 0 0 274 192 280 205 0 0 0 0 0 0 0
car 0.0 0 0 46 260 65 269 0 0 0 0 0 0 0
car 0.0 0 0 200 257 220 265 0 0 0 0 0 0 0
car 0.0 0 0 315 311 324 326 0 0 0 0 0 0 0
car 0.0 0 0 194 25 201 36 0 0 0 0 0 0 0
car 0.0 0 0 157 74 161 90 0 0 0 0 0 0 0
car 0.0 0 0 41 137 47 150 0 0 0 0 0 0 0
car 0.0 0 0 68 136 78 149 0 0 0 0 0 0 0
car 0.0 0 0 177 133 185 145 0 0 0 0 0 0 0
car 0.0 0 0 46 204 53 216 0 0 0 0 0 0 0
car 0.0 0 0 135 74 147 90 0 0 0 0 0 0 0
car 0.0 0 0 100 279 114 288 0 0 0 0 0 0 0
car 0.0 0 0 325 268 339 275 0 0 0 0 0 0 0
car 0.3 0 0 0 322 7 336 0 0 0 0 0 0 0
car 0.0 0 0 306 326 316 344 0 0 0 0 0 0 0
car 0.0 0 0 223 39 229 48 0 0 0 0 0 0 0
car 0.0 0 0 83 97 91 110 0 0 0 0 0 0 0
car 0.0 0 0 104 92 111 106 0 0 0 0 0 0 0
car 0.0 0 0 214 73 224 88 0 0 0 0 0 0 0
car 0.0 0 0 52 153 59 165 0 0 0 0 0 0 0
car 0.0 0 0 94 149 103 165 0 0 0 0 0 0 0
car 0.0 0 0 114 147 121 160 0 0 0 0 0 0 0
car 0.0 0 0 332 142 339 153 0 0 0 0 0 0 0
car 0.0 0 0 159 180 168 195 0 0 0 0 0 0 0
car 0.0 0 0 150 257 167 265 0 0 0 0 0 0 0
car 0.0 0 0 320 235 328 248 0 0 0 0 0 0 0
car 0.0 0 0 82 318 94 333 0 0 0 0 0 0 0
car 0.0 0 0 269 281 280 295 0 0 0 0 0 0 0
car 0.0 0 0 294 279 303 294 0 0 0 0 0 0 0
car 0.0 0 0 279 313 289 326 0 0 0 0 0 0 0
car 0.0 0 0 100 46 109 58 0 0 0 0 0 0 0
car 0.0 0 0 188 41 193 54 0 0 0 0 0 0 0
car 0.0 0 0 65 96 75 114 0 0 0 0 0 0 0
car 0.0 0 0 227 86 234 101 0 0 0 0 0 0 0
car 0.0 0 0 132 147 139 161 0 0 0 0 0 0 0
car 0.0 0 0 2 205 11 221 0 0 0 0 0 0 0
car 0.0 0 0 45 189 51 201 0 0 0 0 0 0 0
car 0.0 0 0 221 180 229 194 0 0 0 0 0 0 0
car 0.0 0 0 239 181 246 197 0 0 0 0 0 0 0
car 0.0 0 0 145 275 160 284 0 0 0 0 0 0 0
car 0.0 0 0 302 268 324 276 0 0 0 0 0 0 0
car 0.0 0 0 190 282 200 296 0 0 0 0 0 0 0
car 0.0 0 0 304 279 312 295 0 0 0 0 0 0 0
car 0.0 0 0 72 31 80 43 0 0 0 0 0 0 0
car 0.0 0 0 247 39 254 52 0 0 0 0 0 0 0
car 0.0 0 0 311 71 317 83 0 0 0 0 0 0 0
car 0.833333333333 0 0 0 189 1 201 0 0 0 0 0 0 0
car 0.0 0 0 38 191 45 202 0 0 0 0 0 0 0
car 0.0 0 0 308 192 318 206 0 0 0 0 0 0 0
car 0.0 0 0 22 247 28 263 0 0 0 0 0 0 0
car 0.0 0 0 138 241 145 255 0 0 0 0 0 0 0
car 0.0 0 0 104 329 112 346 0 0 0 0 0 0 0
car 0.0 0 0 210 315 222 330 0 0 0 0 0 0 0
car 0.0 0 0 180 41 187 56 0 0 0 0 0 0 0
car 0.0 0 0 282 24 289 36 0 0 0 0 0 0 0
car 0.0 0 0 148 93 155 105 0 0 0 0 0 0 0
car 0.0 0 0 277 87 283 101 0 0 0 0 0 0 0
car 0.0 0 0 77 135 84 148 0 0 0 0 0 0 0
car 0.0 0 0 287 126 295 141 0 0 0 0 0 0 0
car 0.0 0 0 177 184 186 198 0 0 0 0 0 0 0
car 0.0 0 0 335 191 345 207 0 0 0 0 0 0 0
car 0.0 0 0 202 25 213 39 0 0 0 0 0 0 0
car 0.0 0 0 206 283 217 297 0 0 0 0 0 0 0
car 0.0 0 0 167 316 176 331 0 0 0 0 0 0 0
car 0.0 0 0 287 327 299 340 0 0 0 0 0 0 0
car 0.0 0 0 282 38 290 52 0 0 0 0 0 0 0
car 0.0 0 0 320 35 327 48 0 0 0 0 0 0 0
car 0.0 0 0 48 80 57 94 0 0 0 0 0 0 0
car 0.0 0 0 49 98 56 111 0 0 0 0 0 0 0
car 0.0 0 0 199 75 207 87 0 0 0 0 0 0 0
car 0.0 0 0 312 85 320 103 0 0 0 0 0 0 0
car 0.0 0 0 35 152 41 168 0 0 0 0 0 0 0
car 0.0 0 0 270 142 276 152 0 0 0 0 0 0 0
car 0.0 0 0 324 141 331 153 0 0 0 0 0 0 0
car 0.0 0 0 19 190 28 205 0 0 0 0 0 0 0
car 0.0 0 0 71 186 80 202 0 0 0 0 0 0 0
car 0.0 0 0 271 178 280 192 0 0 0 0 0 0 0
car 0.0 0 0 157 241 164 255 0 0 0 0 0 0 0
car 0.0 0 0 234 238 240 253 0 0 0 0 0 0 0
car 0.0 0 0 165 146 178 163 0 0 0 0 0 0 0
car 0.0 0 0 14 286 27 290 0 0 0 0 0 0 0
car 0.0 0 0 176 314 185 330 0 0 0 0 0 0 0
car 0.0 0 0 236 315 245 329 0 0 0 0 0 0 0
car 0.666666666667 0 0 347 325 352 342 0 0 0 0 0 0 0
car 0.0 0 0 109 47 115 58 0 0 0 0 0 0 0
car 0.0 0 0 154 28 159 43 0 0 0 0 0 0 0
car 0.0 0 0 231 24 239 38 0 0 0 0 0 0 0
car 0.0 0 0 13 84 19 95 0 0 0 0 0 0 0
car 0.0 0 0 57 96 66 112 0 0 0 0 0 0 0
car 0.0 0 0 293 85 304 101 0 0 0 0 0 0 0
car 0.0 0 0 337 70 347 83 0 0 0 0 0 0 0
car 0.0 0 0 98 205 105 219 0 0 0 0 0 0 0
car 0.0 0 0 317 190 325 209 0 0 0 0 0 0 0
car 0.0 0 0 89 259 105 267 0 0 0 0 0 0 0
car 0.0 0 0 219 256 238 263 0 0 0 0 0 0 0
car 0.0 0 0 83 134 94 147 0 0 0 0 0 0 0
car 0.0 0 0 56 320 65 335 0 0 0 0 0 0 0
car 0.0 0 0 76 334 86 348 0 0 0 0 0 0 0
car 0.0 0 0 288 313 297 326 0 0 0 0 0 0 0
car 0.0 0 0 325 313 332 325 0 0 0 0 0 0 0
car 0.0 0 0 341 311 350 325 0 0 0 0 0 0 0
car 0.0 0 0 324 327 334 339 0 0 0 0 0 0 0
car 0.0 0 0 187 26 193 40 0 0 0 0 0 0 0
car 0.0 0 0 239 39 247 53 0 0 0 0 0 0 0
car 0.0 0 0 309 37 315 49 0 0 0 0 0 0 0
car 0.0 0 0 295 140 303 154 0 0 0 0 0 0 0
car 0.375 0 0 0 246 5 261 0 0 0 0 0 0 0
car 0.0 0 0 91 242 99 258 0 0 0 0 0 0 0
car 0.0 0 0 156 130 168 145 0 0 0 0 0 0 0
car 0.0 0 0 16 321 26 334 0 0 0 0 0 0 0
car 0.0 0 0 39 333 48 349 0 0 0 0 0 0 0
car 0.0 0 0 217 280 227 293 0 0 0 0 0 0 0
car 0.0 0 0 313 280 323 294 0 0 0 0 0 0 0
car 0.0 0 0 19 33 24 47 0 0 0 0 0 0 0
car 0.0 0 0 28 32 35 43 0 0 0 0 0 0 0
car 0.0 0 0 74 46 79 60 0 0 0 0 0 0 0
car 0.0 0 0 334 37 346 44 0 0 0 0 0 0 0
car 0.0 0 0 344 20 350 33 0 0 0 0 0 0 0
car 0.75 0 0 0 84 2 98 0 0 0 0 0 0 0
car 0.0 0 0 200 90 208 105 0 0 0 0 0 0 0
car 0.0 0 0 59 134 68 151 0 0 0 0 0 0 0
car 0.0 0 0 220 129 227 142 0 0 0 0 0 0 0
car 0.0 0 0 279 143 286 155 0 0 0 0 0 0 0
car 0.0 0 0 38 205 47 217 0 0 0 0 0 0 0
car 0.0 0 0 55 187 60 202 0 0 0 0 0 0 0
car 0.0 0 0 265 193 272 205 0 0 0 0 0 0 0
car 0.0 0 0 300 191 310 207 0 0 0 0 0 0 0
car 0.0 0 0 288 22 300 36 0 0 0 0 0 0 0
car 0.0 0 0 4 245 12 261 0 0 0 0 0 0 0
car 0.0 0 0 284 271 295 278 0 0 0 0 0 0 0
car 0.0 0 0 63 280 81 289 0 0 0 0 0 0 0
car 0.0 0 0 49 293 59 307 0 0 0 0 0 0 0
car 0.0 0 0 322 281 331 294 0 0 0 0 0 0 0
car 0.0 0 0 339 281 348 292 0 0 0 0 0 0 0
car 0.0 0 0 297 313 305 324 0 0 0 0 0 0 0
car 0.0 0 0 168 331 177 344 0 0 0 0 0 0 0
car 0.0 0 0 46 47 52 59 0 0 0 0 0 0 0
car 0.0 0 0 319 23 324 36 0 0 0 0 0 0 0
car 0.0 0 0 93 96 101 109 0 0 0 0 0 0 0
car 0.0 0 0 258 71 266 88 0 0 0 0 0 0 0
car 0.0 0 0 329 70 336 83 0 0 0 0 0 0 0
car 0.0 0 0 140 148 149 161 0 0 0 0 0 0 0
car 0.0 0 0 140 132 147 144 0 0 0 0 0 0 0
car 0.0 0 0 193 147 202 157 0 0 0 0 0 0 0
car 0.0 0 0 90 187 97 198 0 0 0 0 0 0 0
car 0.0 0 0 254 196 263 211 0 0 0 0 0 0 0
car 1.0 0 0 0 48 0 63 0 0 0 0 0 0 0
car 0.0 0 0 289 194 301 208 0 0 0 0 0 0 0
car 0.0 0 0 15 294 25 308 0 0 0 0 0 0 0
car 0.0 0 0 148 332 160 346 0 0 0 0 0 0 0
car 0.0 0 0 46 32 54 45 0 0 0 0 0 0 0
car 0.0 0 0 38 46 45 60 0 0 0 0 0 0 0
car 0.0 0 0 76 97 81 109 0 0 0 0 0 0 0
car 0.0 0 0 232 72 241 86 0 0 0 0 0 0 0
car 0.0 0 0 86 149 93 164 0 0 0 0 0 0 0
car 0.0 0 0 210 128 216 142 0 0 0 0 0 0 0
car 0.0 0 0 185 131 191 143 0 0 0 0 0 0 0
car 0.0 0 0 244 128 251 144 0 0 0 0 0 0 0
car 0.0 0 0 261 127 268 141 0 0 0 0 0 0 0
car 0.0 0 0 342 141 349 152 0 0 0 0 0 0 0
car 0.0 0 0 231 196 240 211 0 0 0 0 0 0 0
car 0.0 0 0 48 243 57 260 0 0 0 0 0 0 0
car 0.0 0 0 74 244 84 259 0 0 0 0 0 0 0
car 0.0 0 0 295 252 309 260 0 0 0 0 0 0 0
car 0.0 0 0 215 238 223 254 0 0 0 0 0 0 0
car 0.0 0 0 294 238 301 250 0 0 0 0 0 0 0
car 0.0 0 0 82 278 97 287 0 0 0 0 0 0 0
car 0.0 0 0 235 281 244 294 0 0 0 0 0 0 0
car 0.875 0 0 351 310 352 326 0 0 0 0 0 0 0
car 0.0 0 0 203 332 210 343 0 0 0 0 0 0 0
car 0.0 0 0 332 327 343 339 0 0 0 0 0 0 0
car 0.0 0 0 30 81 38 95 0 0 0 0 0 0 0
car 0.0 0 0 217 91 225 104 0 0 0 0 0 0 0
car 0.0 0 0 241 89 248 101 0 0 0 0 0 0 0
car 0.0 0 0 293 69 301 84 0 0 0 0 0 0 0
car 0.0 0 0 244 178 256 199 0 0 0 0 0 0 0
car 0.0 0 0 153 284 166 300 0 0 0 0 0 0 0
car 0.0 0 0 243 282 251 294 0 0 0 0 0 0 0
car 0.0 0 0 299 327 309 341 0 0 0 0 0 0 0
car 0.0 0 0 316 326 325 341 0 0 0 0 0 0 0
car 0.0 0 0 110 31 115 45 0 0 0 0 0 0 0
car 0.0 0 0 327 39 336 49 0 0 0 0 0 0 0
car 0.0 0 0 65 79 73 93 0 0 0 0 0 0 0
car 0.0 0 0 111 80 118 90 0 0 0 0 0 0 0
car 0.0 0 0 173 90 181 104 0 0 0 0 0 0 0
car 0.0 0 0 249 89 258 101 0 0 0 0 0 0 0
car 0.0 0 0 160 148 167 161 0 0 0 0 0 0 0
car 0.0 0 0 201 131 207 142 0 0 0 0 0 0 0
car 0.0 0 0 236 128 242 143 0 0 0 0 0 0 0
car 0.0 0 0 235 142 242 156 0 0 0 0 0 0 0
car 0.0 0 0 2 188 9 202 0 0 0 0 0 0 0
car 0.0 0 0 199 238 207 253 0 0 0 0 0 0 0
car 0.0 0 0 310 235 320 250 0 0 0 0 0 0 0
car 0.0 0 0 145 74 155 90 0 0 0 0 0 0 0
car 0.0 0 0 92 288 103 305 0 0 0 0 0 0 0
car 0.0 0 0 174 283 182 298 0 0 0 0 0 0 0
car 0.0 0 0 198 282 208 297 0 0 0 0 0 0 0
car 0.0 0 0 185 316 194 330 0 0 0 0 0 0 0
car 0.0 0 0 140 335 150 344 0 0 0 0 0 0 0
car 0.0 0 0 227 326 237 343 0 0 0 0 0 0 0
car 0.0 0 0 20 49 25 60 0 0 0 0 0 0 0
car 0.0 0 0 54 48 60 59 0 0 0 0 0 0 0
car 0.0 0 0 126 29 135 42 0 0 0 0 0 0 0
car 0.0 0 0 215 39 222 50 0 0 0 0 0 0 0
car 0.0 0 0 191 90 200 103 0 0 0 0 0 0 0
car 0.125 0 0 0 138 7 150 0 0 0 0 0 0 0
car 0.0 0 0 194 128 201 143 0 0 0 0 0 0 0
car 0.0 0 0 169 183 178 198 0 0 0 0 0 0 0
car 0.0 0 0 248 198 255 214 0 0 0 0 0 0 0
car 0.0 0 0 325 174 335 193 0 0 0 0 0 0 0
car 0.0 0 0 164 258 177 264 0 0 0 0 0 0 0
car 0.0 0 0 239 255 254 263 0 0 0 0 0 0 0
car 0.0 0 0 67 333 76 349 0 0 0 0 0 0 0
car 0.0 0 0 146 284 154 296 0 0 0 0 0 0 0
car 0.0 0 0 260 281 270 294 0 0 0 0 0 0 0
car 0.0 0 0 285 282 295 293 0 0 0 0 0 0 0
car 0.0 0 0 159 332 170 345 0 0 0 0 0 0 0
car 0.0 0 0 262 328 272 342 0 0 0 0 0 0 0
car 0.0 0 0 11 35 17 45 0 0 0 0 0 0 0
car 0.0 0 0 145 45 154 60 0 0 0 0 0 0 0
car 0.0 0 0 301 25 308 37 0 0 0 0 0 0 0
car 0.0 0 0 221 26 228 40 0 0 0 0 0 0 0
car 0.0 0 0 119 93 126 106 0 0 0 0 0 0 0
car 0.0 0 0 151 149 158 160 0 0 0 0 0 0 0
car 0.0 0 0 269 127 276 141 0 0 0 0 0 0 0
car 0.0 0 0 278 127 285 143 0 0 0 0 0 0 0
car 0.0 0 0 340 128 350 139 0 0 0 0 0 0 0
car 0.0 0 0 81 185 88 201 0 0 0 0 0 0 0
car 0.0 0 0 308 178 316 192 0 0 0 0 0 0 0
car 0.0 0 0 165 240 172 256 0 0 0 0 0 0 0
car 0.0 0 0 229 180 239 196 0 0 0 0 0 0 0
car 0.0 0 0 6 321 17 336 0 0 0 0 0 0 0
car 0.0 0 0 165 285 174 297 0 0 0 0 0 0 0
car 0.0 0 0 333 312 343 324 0 0 0 0 0 0 0
car 0.0 0 0 220 326 228 338 0 0 0 0 0 0 0
car 0.0 0 0 100 34 107 46 0 0 0 0 0 0 0
car 0.0 0 0 274 38 282 49 0 0 0 0 0 0 0
car 0.0 0 0 22 81 29 95 0 0 0 0 0 0 0
car 0.0 0 0 285 70 291 82 0 0 0 0 0 0 0
car 0.0 0 0 150 132 158 147 0 0 0 0 0 0 0
car 0.0 0 0 170 198 179 215 0 0 0 0 0 0 0
car 0.0 0 0 299 177 307 192 0 0 0 0 0 0 0
car 0.0 0 0 66 246 72 261 0 0 0 0 0 0 0
car 0.0 0 0 66 291 76 307 0 0 0 0 0 0 0
car 0.0 0 0 158 313 168 331 0 0 0 0 0 0 0
car 0.0 0 0 146 28 152 43 0 0 0 0 0 0 0
car 0.0 0 0 196 39 202 52 0 0 0 0 0 0 0
car 0.0 0 0 82 79 89 92 0 0 0 0 0 0 0
car 0.0 0 0 130 93 137 107 0 0 0 0 0 0 0
car 0.0 0 0 182 92 191 104 0 0 0 0 0 0 0
car 0.0 0 0 209 90 217 105 0 0 0 0 0 0 0
car 0.0 0 0 266 69 276 86 0 0 0 0 0 0 0
car 0.0 0 0 305 89 310 102 0 0 0 0 0 0 0
car 0.0 0 0 96 136 101 147 0 0 0 0 0 0 0
car 0.0 0 0 106 148 113 160 0 0 0 0 0 0 0
car 0.0 0 0 313 139 321 152 0 0 0 0 0 0 0
car 0.0 0 0 187 183 194 196 0 0 0 0 0 0 0
car 0.0 0 0 204 179 212 195 0 0 0 0 0 0 0
car 0.0 0 0 326 192 334 209 0 0 0 0 0 0 0
car 0.0 0 0 333 174 341 191 0 0 0 0 0 0 0
car 0.0 0 0 281 196 290 208 0 0 0 0 0 0 0
car 0.0 0 0 245 329 254 343 0 0 0 0 0 0 0
car 0.0 0 0 271 329 283 344 0 0 0 0 0 0 0
car 0.75 0 0 0 33 2 45 0 0 0 0 0 0 0
car 0.0 0 0 269 88 275 102 0 0 0 0 0 0 0
car 0.0 0 0 320 69 327 83 0 0 0 0 0 0 0
car 0.0 0 0 115 135 120 147 0 0 0 0 0 0 0
car 0.0 0 0 203 146 210 157 0 0 0 0 0 0 0
car 0.0 0 0 228 143 235 156 0 0 0 0 0 0 0
car 0.833333333333 0 0 0 205 1 219 0 0 0 0 0 0 0
car 0.0 0 0 65 261 85 268 0 0 0 0 0 0 0
car 0.0 0 0 241 238 250 252 0 0 0 0 0 0 0
car 0.0 0 0 39 319 47 336 0 0 0 0 0 0 0
car 0.0 0 0 75 317 85 334 0 0 0 0 0 0 0
car 0.0 0 0 58 335 67 350 0 0 0 0 0 0 0
car 0.0 0 0 138 283 150 299 0 0 0 0 0 0 0
car 0.0 0 0 140 317 151 332 0 0 0 0 0 0 0
car 0.0 0 0 129 45 136 57 0 0 0 0 0 0 0
car 0.0 0 0 207 42 212 52 0 0 0 0 0 0 0
car 0.0 0 0 256 39 263 51 0 0 0 0 0 0 0
car 0.555555555556 0 0 0 101 4 116 0 0 0 0 0 0 0
car 0.0 0 0 155 92 162 107 0 0 0 0 0 0 0
car 0.0 0 0 287 141 295 157 0 0 0 0 0 0 0
car 0.0 0 0 296 127 303 139 0 0 0 0 0 0 0
car 0.714285714286 0 0 350 142 352 152 0 0 0 0 0 0 0
car 0.0 0 0 197 195 205 209 0 0 0 0 0 0 0
car 0.0 0 0 224 238 232 254 0 0 0 0 0 0 0
car 0.0 0 0 25 337 36 351 0 0 0 0 0 0 0
car 0.0 0 0 328 278 340 294 0 0 0 0 0 0 0
car 0.0 0 0 171 42 178 54 0 0 0 0 0 0 0
car 0.0 0 0 239 24 244 37 0 0 0 0 0 0 0
car 0.0 0 0 5 83 12 94 0 0 0 0 0 0 0
car 0.0 0 0 260 90 267 104 0 0 0 0 0 0 0
car 0.0 0 0 123 149 130 162 0 0 0 0 0 0 0
car 0.0 0 0 227 129 236 143 0 0 0 0 0 0 0
car 0.0 0 0 190 239 199 253 0 0 0 0 0 0 0
car 0.0 0 0 181 274 197 282 0 0 0 0 0 0 0
car 0.0 0 0 217 312 230 326 0 0 0 0 0 0 0
car 0.0 0 0 279 328 289 342 0 0 0 0 0 0 0
car 0.0 0 0 2 50 10 64 0 0 0 0 0 0 0
car 0.0 0 0 90 32 98 45 0 0 0 0 0 0 0
car 0.0 0 0 170 28 177 45 0 0 0 0 0 0 0
car 0.0 0 0 277 71 285 83 0 0 0 0 0 0 0
car 0.0 0 0 168 132 176 145 0 0 0 0 0 0 0
car 0.0 0 0 177 146 185 159 0 0 0 0 0 0 0
car 0.0 0 0 253 128 260 143 0 0 0 0 0 0 0
car 0.0 0 0 29 204 36 218 0 0 0 0 0 0 0
car 0.0 0 0 54 205 61 217 0 0 0 0 0 0 0
car 0.0 0 0 161 198 170 212 0 0 0 0 0 0 0
car 0.0 0 0 317 176 326 192 0 0 0 0 0 0 0
car 0.0 0 0 84 290 94 306 0 0 0 0 0 0 0
car 0.0 0 0 67 322 74 334 0 0 0 0 0 0 0
car 0.0 0 0 105 318 112 330 0 0 0 0 0 0 0
car 0.0 0 0 8 336 17 348 0 0 0 0 0 0 0
car 0.0 0 0 269 314 281 326 0 0 0 0 0 0 0
car 0.0 0 0 306 314 316 325 0 0 0 0 0 0 0
car 0.0 0 0 194 330 203 343 0 0 0 0 0 0 0
car 0.0 0 0 36 29 43 44 0 0 0 0 0 0 0
car 0.0 0 0 53 30 67 49 0 0 0 0 0 0 0
car 0.0 0 0 162 43 170 54 0 0 0 0 0 0 0
car 0.0 0 0 178 24 187 39 0 0 0 0 0 0 0
car 0.0 0 0 139 91 145 108 0 0 0 0 0 0 0
car 0.0 0 0 163 91 172 105 0 0 0 0 0 0 0
car 0.0 0 0 50 136 59 152 0 0 0 0 0 0 0
car 0.0 0 0 152 180 160 196 0 0 0 0 0 0 0
car 0.0 0 0 32 246 40 262 0 0 0 0 0 0 0
car 0.0 0 0 257 254 272 262 0 0 0 0 0 0 0
car 0.0 0 0 259 237 267 254 0 0 0 0 0 0 0
car 0.0 0 0 262 313 271 327 0 0 0 0 0 0 0
car 0.0 0 0 12 47 18 67 0 0 0 0 0 0 0
car 0.0 0 0 117 27 126 43 0 0 0 0 0 0 0
car 0.0 0 0 136 30 144 42 0 0 0 0 0 0 0
car 0.0 0 0 154 44 162 54 0 0 0 0 0 0 0
car 0.0 0 0 257 26 264 36 0 0 0 0 0 0 0
car 0.0 0 0 224 74 232 86 0 0 0 0 0 0 0
car 0.0 0 0 286 88 294 103 0 0 0 0 0 0 0
car 0.0 0 0 322 87 329 100 0 0 0 0 0 0 0
car 0.0 0 0 72 201 81 218 0 0 0 0 0 0 0
car 0.0 0 0 39 245 48 262 0 0 0 0 0 0 0
car 0.0 0 0 99 242 109 258 0 0 0 0 0 0 0
car 0.0 0 0 103 289 113 306 0 0 0 0 0 0 0
car 0.0 0 0 96 317 104 331 0 0 0 0 0 0 0
car 0.0 0 0 225 281 235 293 0 0 0 0 0 0 0
car 0.0 0 0 81 31 90 44 0 0 0 0 0 0 0
car 0.0 0 0 0 154 7 167 0 0 0 0 0 0 0
car 0.0 0 0 19 152 26 167 0 0 0 0 0 0 0
car 0.0 0 0 25 138 32 150 0 0 0 0 0 0 0
car 0.0 0 0 131 133 138 144 0 0 0 0 0 0 0
car 0.0 0 0 186 147 194 160 0 0 0 0 0 0 0
car 0.0 0 0 312 125 320 140 0 0 0 0 0 0 0
car 0.0 0 0 11 189 19 202 0 0 0 0 0 0 0
car 0.0 0 0 64 206 71 219 0 0 0 0 0 0 0
car 0.0 0 0 85 200 91 215 0 0 0 0 0 0 0
car 0.0 0 0 178 198 187 213 0 0 0 0 0 0 0
car 0.0 0 0 195 179 204 194 0 0 0 0 0 0 0
car 0.0 0 0 344 190 352 206 0 0 0 0 0 0 0
car 0.0 0 0 83 242 91 258 0 0 0 0 0 0 0
car 0.0 0 0 239 271 251 278 0 0 0 0 0 0 0
car 0.0 0 0 111 207 117 222 0 0 0 0 0 0 0
