car 0.0 0 0 77 267 93 274 0 0 0 0 0 0 0
car 0.0 0 0 167 192 183 198 0 0 0 0 0 0 0
car 0.0 0 0 171 304 188 310 0 0 0 0 0 0 0
car 0.0 0 0 173 338 191 347 0 0 0 0 0 0 0
car 0.0 0 0 12 22 19 34 0 0 0 0 0 0 0
car 0.0 0 0 18 177 28 192 0 0 0 0 0 0 0
car 0.0 0 0 50 85 66 92 0 0 0 0 0 0 0
car 0.0 0 0 70 172 86 178 0 0 0 0 0 0 0
car 0.0 0 0 159 47 175 52 0 0 0 0 0 0 0
car 0.0 0 0 169 201 184 208 0 0 0 0 0 0 0
car 0.0 0 0 189 223 205 228 0 0 0 0 0 0 0
car 0.0 0 0 23 279 32 290 0 0 0 0 0 0 0
car 0.0 0 0 115 304 132 313 0 0 0 0 0 0 0
car 0.0 0 0 24 88 33 106 0 0 0 0 0 0 0
car 0.375 0 0 0 124 5 138 0 0 0 0 0 0 0
car 0.0 0 0 65 84 84 91 0 0 0 0 0 0 0
car 0.0 0 0 159 33 175 39 0 0 0 0 0 0 0
car 0.0 0 0 164 83 175 90 0 0 0 0 0 0 0
car 0.0 0 0 69 119 85 127 0 0 0 0 0 0 0
car 0.0 0 0 166 170 182 178 0 0 0 0 0 0 0
car 0.0 0 0 187 191 200 197 0 0 0 0 0 0 0
car 0.0 0 0 213 134 219 144 0 0 0 0 0 0 0
car 0.0 0 0 35 326 46 342 0 0 0 0 0 0 0
car 0.0 0 0 172 318 189 324 0 0 0 0 0 0 0
car 0.0 0 0 23 73 32 85 0 0 0 0 0 0 0
car 0.0 0 0 103 47 123 55 0 0 0 0 0 0 0
car 0.0 0 0 86 279 92 291 0 0 0 0 0 0 0
car 0.0 0 0 16 268 33 275 0 0 0 0 0 0 0
car 0.0 0 0 184 170 199 176 0 0 0 0 0 0 0
car 0.0 0 0 187 200 200 206 0 0 0 0 0 0 0
car 0.0 0 0 77 328 91 334 0 0 0 0 0 0 0
car 0.0 0 0 16 86 22 101 0 0 0 0 0 0 0
car 0.0 0 0 49 92 67 98 0 0 0 0 0 0 0
car 0.0 0 0 109 155 124 161 0 0 0 0 0 0 0
car 0.0 0 0 165 163 182 169 0 0 0 0 0 0 0
car 0.0 0 0 59 319 77 326 0 0 0 0 0 0 0
car 0.875 0 0 190 351 209 352 0 0 0 0 0 0 0
car 0.0 0 0 18 326 27 339 0 0 0 0 0 0 0
car 0.0 0 0 4 85 14 101 0 0 0 0 0 0 0
car 0.0 0 0 26 129 33 139 0 0 0 0 0 0 0
car 0.0 0 0 45 49 63 56 0 0 0 0 0 0 0
car 0.0 0 0 63 98 80 105 0 0 0 0 0 0 0
car 0.0 0 0 124 90 141 97 0 0 0 0 0 0 0
car 0.0 0 0 119 274 127 289 0 0 0 0 0 0 0
car 0.0 0 0 190 310 207 315 0 0 0 0 0 0 0
car 0.0 0 0 168 142 180 148 0 0 0 0 0 0 0
car 0.0 0 0 168 185 183 191 0 0 0 0 0 0 0
car 0.0 0 0 211 118 218 133 0 0 0 0 0 0 0
car 0.0 0 0 59 341 79 348 0 0 0 0 0 0 0
car 0.0 0 0 1 22 11 33 0 0 0 0 0 0 0
car 0.0 0 0 42 5 59 12 0 0 0 0 0 0 0
car 0.0 0 0 54 185 72 194 0 0 0 0 0 0 0
car 0.0 0 0 110 203 128 213 0 0 0 0 0 0 0
car 0.0 0 0 125 120 139 126 0 0 0 0 0 0 0
car 0.0 0 0 156 25 175 32 0 0 0 0 0 0 0
car 0.0 0 0 74 194 86 201 0 0 0 0 0 0 0
car 0.5 0 0 78 348 94 352 0 0 0 0 0 0 0
car 0.0 0 0 7 126 15 141 0 0 0 0 0 0 0
car 0.0 0 0 119 46 135 54 0 0 0 0 0 0 0
car 0.0 0 0 176 10 190 17 0 0 0 0 0 0 0
car 0.0 0 0 161 105 183 111 0 0 0 0 0 0 0
car 0.0 0 0 137 276 144 288 0 0 0 0 0 0 0
car 0.0 0 0 69 129 81 136 0 0 0 0 0 0 0
car 1.0 0 0 0 311 0 326 0 0 0 0 0 0 0
car 0.0 0 0 115 318 131 326 0 0 0 0 0 0 0
car 0.0 0 0 71 178 86 186 0 0 0 0 0 0 0
car 0.0 0 0 119 40 133 46 0 0 0 0 0 0 0
car 0.0 0 0 161 76 177 82 0 0 0 0 0 0 0
car 0.0 0 0 92 276 99 290 0 0 0 0 0 0 0
car 0.0 0 0 1 268 15 275 0 0 0 0 0 0 0
car 0.0 0 0 179 126 197 132 0 0 0 0 0 0 0
car 0.0 0 0 168 156 181 163 0 0 0 0 0 0 0
car 0.0 0 0 8 142 15 153 0 0 0 0 0 0 0
car 0.5 0 0 0 235 4 248 0 0 0 0 0 0 0
car 0.0 0 0 65 55 82 61 0 0 0 0 0 0 0
car 0.0 0 0 44 63 62 71 0 0 0 0 0 0 0
car 0.0 0 0 156 3 173 9 0 0 0 0 0 0 0
car 0.0 0 0 163 126 179 133 0 0 0 0 0 0 0
car 0.0 0 0 209 101 217 113 0 0 0 0 0 0 0
car 0.0 0 0 67 202 82 210 0 0 0 0 0 0 0
car 0.0 0 0 102 26 117 33 0 0 0 0 0 0 0
car 0.0 0 0 98 5 115 12 0 0 0 0 0 0 0
car 0.0 0 0 180 83 192 89 0 0 0 0 0 0 0
car 0.0 0 0 68 279 74 292 0 0 0 0 0 0 0
car 1.0 0 0 0 268 0 276 0 0 0 0 0 0 0
car 0.0 0 0 181 133 197 139 0 0 0 0 0 0 0
car 0.0 0 0 203 4 215 20 0 0 0 0 0 0 0
car 0.0 0 0 206 52 217 67 0 0 0 0 0 0 0
car 0.0 0 0 134 308 153 318 0 0 0 0 0 0 0
car 0.0 0 0 51 100 64 106 0 0 0 0 0 0 0
car 0.0 0 0 52 203 66 211 0 0 0 0 0 0 0
car 0.0 0 0 127 155 141 163 0 0 0 0 0 0 0
car 0.0 0 0 124 112 138 120 0 0 0 0 0 0 0
car 0.0 0 0 99 12 115 19 0 0 0 0 0 0 0
car 0.0 0 0 117 4 133 11 0 0 0 0 0 0 0
car 0.0 0 0 95 266 112 274 0 0 0 0 0 0 0
car 0.0 0 0 180 119 194 125 0 0 0 0 0 0 0
car 0.0 0 0 213 171 222 185 0 0 0 0 0 0 0
car 0.0 0 0 55 312 75 319 0 0 0 0 0 0 0
car 0.0 0 0 11 191 21 207 0 0 0 0 0 0 0
car 0.0 0 0 53 158 70 164 0 0 0 0 0 0 0
car 0.0 0 0 127 127 142 135 0 0 0 0 0 0 0
car 0.0 0 0 107 105 124 113 0 0 0 0 0 0 0
car 0.0 0 0 120 62 137 68 0 0 0 0 0 0 0
car 0.0 0 0 178 90 194 96 0 0 0 0 0 0 0
car 0.0 0 0 63 267 74 274 0 0 0 0 0 0 0
car 0.0 0 0 214 186 223 199 0 0 0 0 0 0 0
car 0.571428571429 0 0 0 35 3 48 0 0 0 0 0 0 0
car 0.0 0 0 0 141 7 153 0 0 0 0 0 0 0
car 0.0 0 0 45 42 66 49 0 0 0 0 0 0 0
car 0.0 0 0 175 32 192 37 0 0 0 0 0 0 0
car 0.0 0 0 191 331 209 337 0 0 0 0 0 0 0
car 0.0 0 0 166 134 182 139 0 0 0 0 0 0 0
car 0.0 0 0 23 325 38 342 0 0 0 0 0 0 0
car 0.0 0 0 13 70 23 83 0 0 0 0 0 0 0
car 0.875 0 0 0 190 1 209 0 0 0 0 0 0 0
car 0.0 0 0 125 106 141 112 0 0 0 0 0 0 0
car 0.0 0 0 106 98 122 105 0 0 0 0 0 0 0
car 0.0 0 0 161 60 176 67 0 0 0 0 0 0 0
car 0.0 0 0 162 69 176 75 0 0 0 0 0 0 0
car 0.0 0 0 185 184 199 190 0 0 0 0 0 0 0
car 0.0 0 0 1 313 8 325 0 0 0 0 0 0 0
car 0.0 0 0 17 311 26 325 0 0 0 0 0 0 0
car 0.0 0 0 0 327 10 339 0 0 0 0 0 0 0
car 0.0 0 0 133 332 152 340 0 0 0 0 0 0 0
car 0.0 0 0 64 62 83 70 0 0 0 0 0 0 0
car 0.0 0 0 47 79 59 85 0 0 0 0 0 0 0
car 0.0 0 0 117 11 132 19 0 0 0 0 0 0 0
car 0.0 0 0 110 278 118 291 0 0 0 0 0 0 0
car 0.0 0 0 110 224 124 230 0 0 0 0 0 0 0
car 0.0 0 0 79 341 95 349 0 0 0 0 0 0 0
car 0.0 0 0 10 37 22 44 0 0 0 0 0 0 0
car 0.0 0 0 20 20 26 33 0 0 0 0 0 0 0
car 0.0 0 0 125 97 139 106 0 0 0 0 0 0 0
car 0.0 0 0 75 278 83 291 0 0 0 0 0 0 0
car 0.0 0 0 52 136 66 142 0 0 0 0 0 0 0
car 0.0 0 0 48 114 66 123 0 0 0 0 0 0 0
car 0.0 0 0 186 164 200 170 0 0 0 0 0 0 0
car 0.222222222222 0 0 0 281 7 294 0 0 0 0 0 0 0
car 0.0 0 0 15 281 24 292 0 0 0 0 0 0 0
car 0.0 0 0 136 339 152 347 0 0 0 0 0 0 0
car 0.0 0 0 172 309 189 317 0 0 0 0 0 0 0
car 1.0 0 0 0 23 0 36 0 0 0 0 0 0 0
car 0.0 0 0 5 70 12 83 0 0 0 0 0 0 0
car 0.0 0 0 62 13 74 20 0 0 0 0 0 0 0
car 0.0 0 0 65 77 81 84 0 0 0 0 0 0 0
car 0.0 0 0 52 106 68 113 0 0 0 0 0 0 0
car 0.0 0 0 68 136 81 142 0 0 0 0 0 0 0
car 0.0 0 0 71 165 86 171 0 0 0 0 0 0 0
car 0.0 0 0 123 68 141 76 0 0 0 0 0 0 0
car 0.0 0 0 120 26 132 32 0 0 0 0 0 0 0
car 0.0 0 0 177 61 192 68 0 0 0 0 0 0 0
car 0.0 0 0 103 277 108 289 0 0 0 0 0 0 0
car 0.0 0 0 65 70 83 77 0 0 0 0 0 0 0
car 0.0 0 0 58 229 65 243 0 0 0 0 0 0 0
car 0.0 0 0 204 20 214 37 0 0 0 0 0 0 0
car 0.0 0 0 115 340 134 347 0 0 0 0 0 0 0
car 0.0 0 0 18 141 25 152 0 0 0 0 0 0 0
car 0.0 0 0 106 113 121 120 0 0 0 0 0 0 0
car 0.0 0 0 178 69 192 75 0 0 0 0 0 0 0
car 0.0 0 0 191 344 209 352 0 0 0 0 0 0 0
car 0.0 0 0 46 71 62 79 0 0 0 0 0 0 0
car 0.0 0 0 181 104 196 112 0 0 0 0 0 0 0
car 0.0 0 0 181 147 198 153 0 0 0 0 0 0 0
car 0.0 0 0 206 36 214 52 0 0 0 0 0 0 0
car 0.0 0 0 27 310 35 326 0 0 0 0 0 0 0
car 0.0 0 0 8 327 19 339 0 0 0 0 0 0 0
car 0.0 0 0 73 305 92 312 0 0 0 0 0 0 0
car 0.0 0 0 75 320 91 327 0 0 0 0 0 0 0
car 0.0 0 0 51 194 71 200 0 0 0 0 0 0 0
car 0.0 0 0 118 32 135 39 0 0 0 0 0 0 0
car 0.0 0 0 181 178 199 184 0 0 0 0 0 0 0
car 0.0 0 0 209 83 217 97 0 0 0 0 0 0 0
car 0.888888888889 0 0 0 326 1 341 0 0 0 0 0 0 0
car 0.0 0 0 128 325 155 332 0 0 0 0 0 0 0
car 0.3 0 0 134 345 153 352 0 0 0 0 0 0 0
car 0.0 0 0 3 39 12 49 0 0 0 0 0 0 0
car 0.0 0 0 30 189 37 203 0 0 0 0 0 0 0
car 0.0 0 0 46 34 63 41 0 0 0 0 0 0 0
car 0.0 0 0 66 105 83 113 0 0 0 0 0 0 0
car 0.0 0 0 104 90 124 98 0 0 0 0 0 0 0
car 0.0 0 0 179 53 193 60 0 0 0 0 0 0 0
car 0.0 0 0 67 113 81 120 0 0 0 0 0 0 0
car 0.0 0 0 178 98 192 105 0 0 0 0 0 0 0
car 0.0 0 0 166 148 181 154 0 0 0 0 0 0 0
car 0.0 0 0 181 155 201 163 0 0 0 0 0 0 0
car 0.0 0 0 76 313 91 320 0 0 0 0 0 0 0
car 0.0 0 0 1 174 11 193 0 0 0 0 0 0 0
car 0.0 0 0 61 21 76 26 0 0 0 0 0 0 0
car 0.0 0 0 51 121 67 127 0 0 0 0 0 0 0
car 0.0 0 0 53 165 72 172 0 0 0 0 0 0 0
car 0.0 0 0 106 120 122 126 0 0 0 0 0 0 0
car 0.0 0 0 105 63 120 69 0 0 0 0 0 0 0
car 0.0 0 0 101 20 118 26 0 0 0 0 0 0 0
car 0.0 0 0 158 18 177 25 0 0 0 0 0 0 0
car 0.0 0 0 178 112 201 117 0 0 0 0 0 0 0
car 0.0 0 0 116 332 132 339 0 0 0 0 0 0 0
car 0.0 0 0 16 128 26 139 0 0 0 0 0 0 0
car 0.0 0 0 177 24 194 32 0 0 0 0 0 0 0
car 0.0 0 0 173 278 179 293 0 0 0 0 0 0 0
car 0.0 0 0 162 120 180 126 0 0 0 0 0 0 0
car 0.0 0 0 166 221 182 228 0 0 0 0 0 0 0
car 0.0 0 0 128 224 140 229 0 0 0 0 0 0 0
car 0.0 0 0 9 312 19 324 0 0 0 0 0 0 0
car 0.0 0 0 170 324 191 332 0 0 0 0 0 0 0
car 0.0 0 0 61 6 77 13 0 0 0 0 0 0 0
car 0.0 0 0 64 41 82 49 0 0 0 0 0 0 0
car 0.0 0 0 69 186 86 194 0 0 0 0 0 0 0
car 0.0 0 0 103 33 119 39 0 0 0 0 0 0 0
car 0.0 0 0 125 142 140 148 0 0 0 0 0 0 0
car 0.0 0 0 128 276 135 287 0 0 0 0 0 0 0
car 0.0 0 0 37 314 41 321 0 0 0 0 0 0 0
car 0.0 0 0 208 68 215 83 0 0 0 0 0 0 0
car 0.0 0 0 59 335 76 342 0 0 0 0 0 0 0
car 0.0 0 0 2 192 10 209 0 0 0 0 0 0 0
car 0.0 0 0 9 174 17 191 0 0 0 0 0 0 0
car 0.0 0 0 65 49 81 54 0 0 0 0 0 0 0
car 0.0 0 0 105 142 124 150 0 0 0 0 0 0 0
car 0.0 0 0 103 76 121 83 0 0 0 0 0 0 0
car 0.0 0 0 158 39 175 46 0 0 0 0 0 0 0
car 0.0 0 0 180 275 187 292 0 0 0 0 0 0 0
car 0.571428571429 0 0 0 69 3 83 0 0 0 0 0 0 0
car 0.0 0 0 42 56 65 63 0 0 0 0 0 0 0
car 0.0 0 0 106 136 123 142 0 0 0 0 0 0 0
car 0.0 0 0 158 10 174 17 0 0 0 0 0 0 0
car 0.0 0 0 164 113 177 119 0 0 0 0 0 0 0
car 0.0 0 0 190 323 209 330 0 0 0 0 0 0 0
car 0.0 0 0 66 228 75 241 0 0 0 0 0 0 0
car 0.0 0 0 26 142 33 152 0 0 0 0 0 0 0
car 0.0 0 0 42 28 59 34 0 0 0 0 0 0 0
car 0.0 0 0 63 27 79 33 0 0 0 0 0 0 0
car 0.0 0 0 54 150 70 157 0 0 0 0 0 0 0
car 0.0 0 0 53 172 72 179 0 0 0 0 0 0 0
car 0.0 0 0 105 69 123 77 0 0 0 0 0 0 0
car 0.0 0 0 192 338 209 343 0 0 0 0 0 0 0
car 0.0 0 0 191 316 209 324 0 0 0 0 0 0 0
car 0.0 0 0 4 278 16 294 0 0 0 0 0 0 0
car 0.5 0 0 57 348 80 352 0 0 0 0 0 0 0
car 0.444444444444 0 0 117 347 137 352 0 0 0 0 0 0 0
car 0.0 0 0 174 332 191 338 0 0 0 0 0 0 0
car 0.0 0 0 47 130 69 137 0 0 0 0 0 0 0
car 0.0 0 0 119 76 139 83 0 0 0 0 0 0 0
car 0.0 0 0 119 18 134 25 0 0 0 0 0 0 0
car 0.0 0 0 182 140 198 148 0 0 0 0 0 0 0
car 0.777777777778 0 0 0 176 2 192 0 0 0 0 0 0 0
car 0.0 0 0 46 14 61 20 0 0 0 0 0 0 0
car 0.0 0 0 46 22 60 28 0 0 0 0 0 0 0
car 0.0 0 0 105 83 125 90 0 0 0 0 0 0 0
car 0.0 0 0 177 17 194 23 0 0 0 0 0 0 0
car 0.0 0 0 177 45 193 52 0 0 0 0 0 0 0
car 0.0 0 0 163 53 176 59 0 0 0 0 0 0 0
car 0.0 0 0 166 177 182 184 0 0 0 0 0 0 0
car 0.0 0 0 283 216 292 227 0 0 0 0 0 0 0
car 0.0 0 0 57 328 78 334 0 0 0 0 0 0 0
car 0.0 0 0 74 334 99 341 0 0 0 0 0 0 0
car 0.0 0 0 118 326 133 332 0 0 0 0 0 0 0
car 0.0 0 0 65 33 81 39 0 0 0 0 0 0 0
car 0.0 0 0 67 92 83 98 0 0 0 0 0 0 0
car 0.0 0 0 68 144 83 150 0 0 0 0 0 0 0
car 0.0 0 0 53 143 68 150 0 0 0 0 0 0 0
car 0.0 0 0 68 150 83 156 0 0 0 0 0 0 0
car 0.0 0 0 128 202 148 210 0 0 0 0 0 0 0
car 0.0 0 0 109 148 124 154 0 0 0 0 0 0 0
car 0.0 0 0 105 127 123 134 0 0 0 0 0 0 0
car 0.0 0 0 119 53 137 62 0 0 0 0 0 0 0
car 0.0 0 0 176 39 193 45 0 0 0 0 0 0 0
car 0.0 0 0 60 277 66 290 0 0 0 0 0 0 0
car 0.0 0 0 212 148 220 163 0 0 0 0 0 0 0
car 0.0 0 0 214 200 223 215 0 0 0 0 0 0 0
car 0.0 0 0 132 318 152 324 0 0 0 0 0 0 0
car 0.285714285714 0 0 0 87 5 100 0 0 0 0 0 0 0
car 0.0 0 0 121 82 138 89 0 0 0 0 0 0 0
car 0.0 0 0 178 75 194 82 0 0 0 0 0 0 0
car 0.0 0 0 153 276 164 291 0 0 0 0 0 0 0
car 0.0 0 0 20 190 28 206 0 0 0 0 0 0 0
car 0.0 0 0 69 158 85 164 0 0 0 0 0 0 0
car 0.0 0 0 53 179 69 186 0 0 0 0 0 0 0
car 0.0 0 0 107 54 121 62 0 0 0 0 0 0 0
car 0.0 0 0 102 40 120 47 0 0 0 0 0 0 0
car 0.0 0 0 161 90 178 97 0 0 0 0 0 0 0
car 0.0 0 0 163 97 176 103 0 0 0 0 0 0 0
car 0.0 0 0 121 147 147 156 0 0 0 0 0 0 0
car 0.0 0 0 164 277 172 290 0 0 0 0 0 0 0
