car 0.282051282051 0 0 324 260 352 277 0 0 0 0 0 0 0
car 0.0 0 0 39 275 59 288 0 0 0 0 0 0 0
car 0.0 0 0 41 266 63 279 0 0 0 0 0 0 0
car 0.0 0 0 148 211 161 230 0 0 0 0 0 0 0
car 0.0 0 0 172 272 186 278 0 0 0 0 0 0 0
car 0.0 0 0 18 267 36 273 0 0 0 0 0 0 0
car 0.391304347826 0 0 0 269 14 277 0 0 0 0 0 0 0
car 0.947368421053 0 0 0 279 1 286 0 0 0 0 0 0 0
car 0.0 0 0 57 150 71 166 0 0 0 0 0 0 0
car 0.0 0 0 263 40 273 55 0 0 0 0 0 0 0
car 0.0 0 0 151 197 161 211 0 0 0 0 0 0 0
car 1.0 0 0 0 0 0 13 0 0 0 0 0 0 0
car 0.0 0 0 94 8 102 22 0 0 0 0 0 0 0
car 0.777777777778 0 0 0 61 2 75 0 0 0 0 0 0 0
car 0.0 0 0 57 98 66 112 0 0 0 0 0 0 0
car 0.0 0 0 49 99 56 110 0 0 0 0 0 0 0
car 0.0 0 0 98 202 103 212 0 0 0 0 0 0 0
car 0.0 0 0 11 216 20 234 0 0 0 0 0 0 0
car 0.916666666667 0 0 229 0 236 1 0 0 0 0 0 0 0
car 0.6875 0 0 251 0 263 5 0 0 0 0 0 0 0
car 0.0 0 0 213 40 222 55 0 0 0 0 0 0 0
car 0.0 0 0 300 38 308 52 0 0 0 0 0 0 0
car 0.0 0 0 162 94 175 109 0 0 0 0 0 0 0
car 0.0 0 0 259 91 268 103 0 0 0 0 0 0 0
car 0.0 0 0 277 91 286 104 0 0 0 0 0 0 0
car 0.0 0 0 314 158 323 171 0 0 0 0 0 0 0
car 0.0 0 0 323 157 329 171 0 0 0 0 0 0 0
car 0.0 0 0 333 189 344 206 0 0 0 0 0 0 0
car 0.222222222222 0 0 25 0 35 14 0 0 0 0 0 0 0
car 0.230769230769 0 0 47 0 56 10 0 0 0 0 0 0 0
car 0.75 0 0 0 204 2 217 0 0 0 0 0 0 0
car 0.0 0 0 186 7 195 21 0 0 0 0 0 0 0
car 0.0 0 0 142 43 152 56 0 0 0 0 0 0 0
car 0.0 0 0 143 55 153 71 0 0 0 0 0 0 0
car 0.0 0 0 178 55 188 70 0 0 0 0 0 0 0
car 0.0 0 0 208 93 217 107 0 0 0 0 0 0 0
car 0.0 0 0 248 108 260 121 0 0 0 0 0 0 0
car 0.0 0 0 184 162 192 175 0 0 0 0 0 0 0
car 0.0 0 0 235 159 247 175 0 0 0 0 0 0 0
car 0.0 0 0 17 11 27 28 0 0 0 0 0 0 0
car 0.0 0 0 46 63 55 75 0 0 0 0 0 0 0
car 0.764705882353 0 0 245 0 254 4 0 0 0 0 0 0 0
car 0.0 0 0 210 6 221 20 0 0 0 0 0 0 0
car 0.0 0 0 280 37 290 52 0 0 0 0 0 0 0
car 0.166666666667 0 0 0 13 10 27 0 0 0 0 0 0 0
car 0.0 0 0 49 10 58 27 0 0 0 0 0 0 0
car 0.0 0 0 9 45 18 61 0 0 0 0 0 0 0
car 0.0 0 0 84 152 94 165 0 0 0 0 0 0 0
car 0.0 0 0 77 213 89 229 0 0 0 0 0 0 0
car 0.375 0 0 150 0 159 10 0 0 0 0 0 0 0
car 0.0 0 0 238 6 246 19 0 0 0 0 0 0 0
car 0.0 0 0 345 36 351 50 0 0 0 0 0 0 0
car 0.0 0 0 285 91 293 102 0 0 0 0 0 0 0
car 0.0 0 0 338 103 349 118 0 0 0 0 0 0 0
car 0.0 0 0 174 161 186 176 0 0 0 0 0 0 0
car 0.0 0 0 193 161 204 174 0 0 0 0 0 0 0
car 0.0 0 0 47 112 58 127 0 0 0 0 0 0 0
car 0.538461538462 0 0 194 0 202 6 0 0 0 0 0 0 0
car 0.538461538462 0 0 201 0 212 6 0 0 0 0 0 0 0
car 0.0 0 0 177 7 187 19 0 0 0 0 0 0 0
car 0.0 0 0 342 2 351 15 0 0 0 0 0 0 0
car 0.0 0 0 227 158 237 175 0 0 0 0 0 0 0
car 0.0 0 0 24 341 41 349 0 0 0 0 0 0 0
car 0.0 0 0 3 62 11 77 0 0 0 0 0 0 0
car 0.454545454545 0 0 0 114 6 130 0 0 0 0 0 0 0
car 0.0 0 0 28 114 40 128 0 0 0 0 0 0 0
car 0.0 0 0 225 93 232 104 0 0 0 0 0 0 0
car 0.0 0 0 213 194 222 210 0 0 0 0 0 0 0
car 0.0 0 0 79 44 90 59 0 0 0 0 0 0 0
car 0.0 0 0 18 47 29 60 0 0 0 0 0 0 0
car 0.0 0 0 50 149 60 165 0 0 0 0 0 0 0
car 0.0 0 0 102 148 113 162 0 0 0 0 0 0 0
car 0.0 0 0 332 35 343 51 0 0 0 0 0 0 0
car 0.0 0 0 173 108 181 122 0 0 0 0 0 0 0
car 0.0 0 0 166 163 175 177 0 0 0 0 0 0 0
car 0.0 0 0 344 192 352 204 0 0 0 0 0 0 0
car 0.0 0 0 171 210 178 226 0 0 0 0 0 0 0
car 0.0 0 0 78 58 92 74 0 0 0 0 0 0 0
car 0.909090909091 0 0 0 48 1 63 0 0 0 0 0 0 0
car 0.0 0 0 65 110 76 127 0 0 0 0 0 0 0
car 0.0 0 0 82 113 92 124 0 0 0 0 0 0 0
car 0.0 0 0 114 198 124 213 0 0 0 0 0 0 0
car 0.866666666667 0 0 315 0 324 2 0 0 0 0 0 0 0
car 0.0 0 0 154 90 163 105 0 0 0 0 0 0 0
car 0.0 0 0 275 105 286 118 0 0 0 0 0 0 0
car 0.0 0 0 296 143 306 155 0 0 0 0 0 0 0
car 0.4 0 0 0 0 7 12 0 0 0 0 0 0 0
car 0.0 0 0 306 2 316 20 0 0 0 0 0 0 0
car 0.0 0 0 171 57 179 69 0 0 0 0 0 0 0
car 0.0 0 0 317 37 325 52 0 0 0 0 0 0 0
car 0.0 0 0 302 91 312 104 0 0 0 0 0 0 0
car 0.0 0 0 191 144 203 158 0 0 0 0 0 0 0
car 0.0 0 0 235 143 245 156 0 0 0 0 0 0 0
car 0.0 0 0 25 334 42 342 0 0 0 0 0 0 0
car 0.7 0 0 22 349 41 352 0 0 0 0 0 0 0
car 0.615384615385 0 0 115 347 124 352 0 0 0 0 0 0 0
car 0.0 0 0 162 211 170 226 0 0 0 0 0 0 0
car 0.4 0 0 82 0 94 9 0 0 0 0 0 0 0
car 0.0 0 0 110 110 120 126 0 0 0 0 0 0 0
car 0.846153846154 0 0 279 0 289 2 0 0 0 0 0 0 0
car 0.0 0 0 170 42 179 54 0 0 0 0 0 0 0
car 0.0 0 0 216 91 225 105 0 0 0 0 0 0 0
car 0.0 0 0 293 90 303 104 0 0 0 0 0 0 0
car 0.0 0 0 237 193 246 206 0 0 0 0 0 0 0
car 0.0 0 0 272 193 282 207 0 0 0 0 0 0 0
car 0.0 0 0 10 112 24 132 0 0 0 0 0 0 0
car 0.0 0 0 95 164 105 179 0 0 0 0 0 0 0
car 0.0 0 0 307 35 319 53 0 0 0 0 0 0 0
car 0.0 0 0 321 105 329 119 0 0 0 0 0 0 0
car 0.0 0 0 305 143 313 155 0 0 0 0 0 0 0
car 0.0 0 0 325 190 334 207 0 0 0 0 0 0 0
car 0.0 0 0 308 209 316 224 0 0 0 0 0 0 0
car 0.125 0 0 10 345 25 352 0 0 0 0 0 0 0
car 0.0 0 0 59 344 76 352 0 0 0 0 0 0 0
car 0.0 0 0 104 5 112 22 0 0 0 0 0 0 0
car 0.0 0 0 107 61 116 74 0 0 0 0 0 0 0
car 0.0 0 0 1 47 10 60 0 0 0 0 0 0 0
car 0.555555555556 0 0 0 99 4 112 0 0 0 0 0 0 0
car 0.0 0 0 99 110 111 128 0 0 0 0 0 0 0
car 0.6 0 0 210 0 222 6 0 0 0 0 0 0 0
car 0.0 0 0 279 51 291 70 0 0 0 0 0 0 0
car 0.0 0 0 165 110 174 121 0 0 0 0 0 0 0
car 0.0 0 0 146 109 156 123 0 0 0 0 0 0 0
car 0.666666666667 0 0 349 156 352 170 0 0 0 0 0 0 0
car 0.0 0 0 2 97 13 113 0 0 0 0 0 0 0
car 0.0 0 0 88 199 98 213 0 0 0 0 0 0 0
car 0.533333333333 0 0 167 0 176 7 0 0 0 0 0 0 0
car 0.0 0 0 287 3 299 16 0 0 0 0 0 0 0
car 0.0 0 0 172 94 182 107 0 0 0 0 0 0 0
car 0.0 0 0 303 106 312 120 0 0 0 0 0 0 0
car 0.0 0 0 147 148 156 160 0 0 0 0 0 0 0
car 0.0 0 0 166 146 176 160 0 0 0 0 0 0 0
car 0.0 0 0 219 142 227 157 0 0 0 0 0 0 0
car 0.0 0 0 269 154 279 173 0 0 0 0 0 0 0
car 0.0 0 0 254 192 263 206 0 0 0 0 0 0 0
car 0.0 0 0 281 191 288 206 0 0 0 0 0 0 0
car 0.0 0 0 290 193 299 207 0 0 0 0 0 0 0
car 0.0 0 0 264 206 273 223 0 0 0 0 0 0 0
car 0.0 0 0 163 240 171 258 0 0 0 0 0 0 0
car 0.0 0 0 107 47 116 60 0 0 0 0 0 0 0
car 0.0 0 0 64 59 72 75 0 0 0 0 0 0 0
car 0.0 0 0 35 61 47 76 0 0 0 0 0 0 0
car 0.0 0 0 39 111 48 126 0 0 0 0 0 0 0
car 0.625 0 0 176 0 185 6 0 0 0 0 0 0 0
car 0.642857142857 0 0 236 0 245 5 0 0 0 0 0 0 0
car 0.666666666667 0 0 347 1 352 18 0 0 0 0 0 0 0
car 0.0 0 0 153 57 161 70 0 0 0 0 0 0 0
car 0.0 0 0 238 41 247 54 0 0 0 0 0 0 0
car 0.0 0 0 247 55 259 71 0 0 0 0 0 0 0
car 0.0 0 0 257 55 267 70 0 0 0 0 0 0 0
car 0.0 0 0 271 37 282 54 0 0 0 0 0 0 0
car 0.0 0 0 268 105 278 119 0 0 0 0 0 0 0
car 0.0 0 0 252 143 260 156 0 0 0 0 0 0 0
car 0.0 0 0 251 157 263 171 0 0 0 0 0 0 0
car 0.266666666667 0 0 56 0 65 11 0 0 0 0 0 0 0
car 0.0 0 0 76 10 86 24 0 0 0 0 0 0 0
car 0.0 0 0 63 43 71 57 0 0 0 0 0 0 0
car 0.0 0 0 29 48 37 62 0 0 0 0 0 0 0
car 0.0 0 0 78 165 86 179 0 0 0 0 0 0 0
car 0.846153846154 0 0 288 0 297 2 0 0 0 0 0 0 0
car 0.916666666667 0 0 325 0 332 1 0 0 0 0 0 0 0
car 0.928571428571 0 0 341 0 350 1 0 0 0 0 0 0 0
car 0.0 0 0 324 3 334 15 0 0 0 0 0 0 0
car 0.0 0 0 206 55 215 70 0 0 0 0 0 0 0
car 0.0 0 0 231 42 241 56 0 0 0 0 0 0 0
car 0.0 0 0 261 141 270 156 0 0 0 0 0 0 0
car 0.0 0 0 157 161 167 177 0 0 0 0 0 0 0
car 0.0 0 0 330 155 341 170 0 0 0 0 0 0 0
car 0.0 0 0 188 197 194 209 0 0 0 0 0 0 0
car 0.0 0 0 256 210 265 222 0 0 0 0 0 0 0
car 0.0 0 0 327 237 335 251 0 0 0 0 0 0 0
car 0.230769230769 0 0 16 0 26 10 0 0 0 0 0 0 0
car 0.0 0 0 39 9 48 25 0 0 0 0 0 0 0
car 0.0 0 0 110 163 124 181 0 0 0 0 0 0 0
car 0.0 0 0 180 91 192 107 0 0 0 0 0 0 0
car 0.3 0 0 345 89 352 104 0 0 0 0 0 0 0
car 0.0 0 0 245 144 253 157 0 0 0 0 0 0 0
car 0.0 0 0 322 140 331 156 0 0 0 0 0 0 0
car 0.0 0 0 218 160 228 175 0 0 0 0 0 0 0
car 0.0 0 0 288 158 297 172 0 0 0 0 0 0 0
car 0.0 0 0 97 60 106 74 0 0 0 0 0 0 0
car 1.0 0 0 297 0 305 0 0 0 0 0 0 0 0
car 0.0 0 0 168 7 177 20 0 0 0 0 0 0 0
car 0.0 0 0 325 36 335 53 0 0 0 0 0 0 0
car 0.111111111111 0 0 344 53 352 67 0 0 0 0 0 0 0
car 0.0 0 0 319 89 329 103 0 0 0 0 0 0 0
car 0.0 0 0 201 161 213 176 0 0 0 0 0 0 0
car 0.0 0 0 232 240 239 254 0 0 0 0 0 0 0
car 0.0 0 0 148 8 160 22 0 0 0 0 0 0 0
car 0.0 0 0 247 41 256 55 0 0 0 0 0 0 0
car 0.0 0 0 290 54 299 71 0 0 0 0 0 0 0
car 0.0 0 0 326 52 336 66 0 0 0 0 0 0 0
car 0.0 0 0 266 85 277 103 0 0 0 0 0 0 0
car 0.0 0 0 210 109 218 119 0 0 0 0 0 0 0
car 0.0 0 0 154 109 165 126 0 0 0 0 0 0 0
car 0.0 0 0 309 191 316 204 0 0 0 0 0 0 0
car 0.0 0 0 316 207 325 219 0 0 0 0 0 0 0
car 0.0 0 0 54 45 64 59 0 0 0 0 0 0 0
car 0.0 0 0 20 61 30 76 0 0 0 0 0 0 0
car 0.0 0 0 75 99 85 110 0 0 0 0 0 0 0
car 0.984375 0 0 351 0 352 2 0 0 0 0 0 0 0
car 0.0 0 0 203 8 210 19 0 0 0 0 0 0 0
car 0.0 0 0 332 3 343 15 0 0 0 0 0 0 0
car 0.0 0 0 195 38 205 55 0 0 0 0 0 0 0
car 0.555555555556 0 0 348 142 352 156 0 0 0 0 0 0 0
car 0.0 0 0 340 154 350 170 0 0 0 0 0 0 0
car 0.0 0 0 299 3 309 17 0 0 0 0 0 0 0
car 0.0 0 0 316 2 325 17 0 0 0 0 0 0 0
car 0.0 0 0 265 55 274 69 0 0 0 0 0 0 0
car 0.75 0 0 74 350 91 352 0 0 0 0 0 0 0
car 0.0 0 0 29 98 40 113 0 0 0 0 0 0 0
car 0.0 0 0 73 112 86 127 0 0 0 0 0 0 0
car 0.0 0 0 85 164 96 178 0 0 0 0 0 0 0
car 0.571428571429 0 0 185 0 194 6 0 0 0 0 0 0 0
car 0.0 0 0 140 11 150 20 0 0 0 0 0 0 0
car 0.0 0 0 227 2 237 19 0 0 0 0 0 0 0
car 0.0 0 0 187 41 195 55 0 0 0 0 0 0 0
car 0.0 0 0 232 57 240 70 0 0 0 0 0 0 0
car 0.0 0 0 289 210 299 223 0 0 0 0 0 0 0
car 0.0 0 0 59 333 76 343 0 0 0 0 0 0 0
car 0.0 0 0 75 342 91 350 0 0 0 0 0 0 0
car 0.0 0 0 67 9 76 25 0 0 0 0 0 0 0
car 0.0 0 0 97 46 106 58 0 0 0 0 0 0 0
car 0.0 0 0 71 60 82 78 0 0 0 0 0 0 0
car 0.0 0 0 56 112 68 127 0 0 0 0 0 0 0
car 0.0 0 0 159 8 170 21 0 0 0 0 0 0 0
car 0.0 0 0 262 4 272 18 0 0 0 0 0 0 0
car 0.0 0 0 204 40 213 55 0 0 0 0 0 0 0
car 0.0 0 0 214 56 222 70 0 0 0 0 0 0 0
car 0.0 0 0 146 95 154 108 0 0 0 0 0 0 0
car 0.0 0 0 337 90 346 104 0 0 0 0 0 0 0
car 0.0 0 0 329 103 339 119 0 0 0 0 0 0 0
car 0.0 0 0 150 163 158 176 0 0 0 0 0 0 0
car 0.0 0 0 203 194 213 211 0 0 0 0 0 0 0
car 0.2 0 0 6 0 17 12 0 0 0 0 0 0 0
car 0.0 0 0 90 99 100 111 0 0 0 0 0 0 0
car 0.0 0 0 111 146 121 160 0 0 0 0 0 0 0
car 1.0 0 0 333 0 343 0 0 0 0 0 0 0 0
car 0.0 0 0 220 2 228 14 0 0 0 0 0 0 0
car 0.0 0 0 317 192 325 204 0 0 0 0 0 0 0
car 0.0 0 0 6 336 25 343 0 0 0 0 0 0 0
car 0.0 0 0 13 278 32 286 0 0 0 0 0 0 0
car 0.0 0 0 172 241 180 258 0 0 0 0 0 0 0
car 0.0 0 0 344 239 351 251 0 0 0 0 0 0 0
car 0.0 0 0 90 61 99 74 0 0 0 0 0 0 0
car 0.0 0 0 65 94 74 110 0 0 0 0 0 0 0
car 0.3 0 0 0 153 7 166 0 0 0 0 0 0 0
car 0.611111111111 0 0 158 0 168 7 0 0 0 0 0 0 0
car 0.0 0 0 223 43 230 54 0 0 0 0 0 0 0
car 0.0 0 0 221 56 233 69 0 0 0 0 0 0 0
car 0.0 0 0 199 93 208 108 0 0 0 0 0 0 0
car 0.0 0 0 156 144 168 159 0 0 0 0 0 0 0
car 0.0 0 0 314 141 322 155 0 0 0 0 0 0 0
car 0.0 0 0 245 5 254 19 0 0 0 0 0 0 0
car 0.0 0 0 271 5 283 20 0 0 0 0 0 0 0
car 0.0 0 0 290 36 299 53 0 0 0 0 0 0 0
car 0.0 0 0 190 94 198 108 0 0 0 0 0 0 0
car 0.0 0 0 259 106 269 120 0 0 0 0 0 0 0
car 0.0 0 0 297 156 305 173 0 0 0 0 0 0 0
car 0.0 0 0 144 242 153 260 0 0 0 0 0 0 0
car 0.294117647059 0 0 39 0 47 12 0 0 0 0 0 0 0
car 0.411764705882 0 0 75 0 85 10 0 0 0 0 0 0 0
car 0.0 0 0 58 11 67 26 0 0 0 0 0 0 0
car 0.0 0 0 10 62 19 78 0 0 0 0 0 0 0
car 0.0 0 0 101 98 109 110 0 0 0 0 0 0 0
car 0.0 0 0 12 100 22 111 0 0 0 0 0 0 0
car 0.0 0 0 92 111 102 125 0 0 0 0 0 0 0
car 0.466666666667 0 0 140 0 151 8 0 0 0 0 0 0 0
car 0.0 0 0 152 44 162 55 0 0 0 0 0 0 0
car 0.0 0 0 241 93 250 105 0 0 0 0 0 0 0
car 0.0 0 0 309 89 320 104 0 0 0 0 0 0 0
car 0.0 0 0 329 88 336 102 0 0 0 0 0 0 0
car 0.0 0 0 270 142 280 155 0 0 0 0 0 0 0
car 0.0 0 0 179 197 187 211 0 0 0 0 0 0 0
car 0.888888888889 0 0 351 236 352 251 0 0 0 0 0 0 0
car 0.0 0 0 25 13 36 27 0 0 0 0 0 0 0
car 0.0 0 0 89 46 98 59 0 0 0 0 0 0 0
car 0.0 0 0 29 63 39 75 0 0 0 0 0 0 0
car 0.0 0 0 108 96 119 110 0 0 0 0 0 0 0
car 0.0 0 0 80 96 94 111 0 0 0 0 0 0 0
car 0.0 0 0 159 41 171 57 0 0 0 0 0 0 0
car 0.0 0 0 312 106 321 119 0 0 0 0 0 0 0
car 0.0 0 0 181 108 190 121 0 0 0 0 0 0 0
car 0.9 0 0 351 190 352 206 0 0 0 0 0 0 0
car 0.0 0 0 73 333 94 343 0 0 0 0 0 0 0
car 0.857142857143 0 0 217 0 230 2 0 0 0 0 0 0 0
car 0.0 0 0 279 4 289 18 0 0 0 0 0 0 0
car 0.0 0 0 225 108 236 122 0 0 0 0 0 0 0
car 0.0 0 0 132 244 143 259 0 0 0 0 0 0 0
car 0.166666666667 0 0 67 0 74 10 0 0 0 0 0 0 0
car 0.5 0 0 105 0 112 6 0 0 0 0 0 0 0
car 0.0 0 0 8 12 17 24 0 0 0 0 0 0 0
car 0.0 0 0 22 99 31 112 0 0 0 0 0 0 0
car 0.0 0 0 68 148 78 164 0 0 0 0 0 0 0
car 0.833333333333 0 0 269 0 281 2 0 0 0 0 0 0 0
car 0.909090909091 0 0 306 0 316 1 0 0 0 0 0 0 0
car 0.0 0 0 194 6 203 19 0 0 0 0 0 0 0
car 0.0 0 0 300 53 308 66 0 0 0 0 0 0 0
car 0.0 0 0 318 52 327 66 0 0 0 0 0 0 0
car 0.0 0 0 234 93 242 104 0 0 0 0 0 0 0
car 0.0 0 0 248 92 259 104 0 0 0 0 0 0 0
car 0.0 0 0 200 107 210 123 0 0 0 0 0 0 0
car 0.0 0 0 72 44 80 58 0 0 0 0 0 0 0
car 0.0 0 0 52 60 64 77 0 0 0 0 0 0 0
car 0.785714285714 0 0 262 0 271 3 0 0 0 0 0 0 0
car 0.0 0 0 196 55 207 70 0 0 0 0 0 0 0
car 0.0 0 0 255 39 264 54 0 0 0 0 0 0 0
car 0.0 0 0 340 142 348 155 0 0 0 0 0 0 0
car 0.0 0 0 305 157 314 170 0 0 0 0 0 0 0
car 0.0 0 0 180 211 187 226 0 0 0 0 0 0 0
car 0.5 0 0 96 0 104 7 0 0 0 0 0 0 0
car 0.0 0 0 6 151 17 166 0 0 0 0 0 0 0
car 0.0 0 0 93 150 104 163 0 0 0 0 0 0 0
car 0.0 0 0 187 55 197 71 0 0 0 0 0 0 0
car 0.0 0 0 294 106 303 119 0 0 0 0 0 0 0
car 0.0 0 0 234 107 242 120 0 0 0 0 0 0 0
car 0.0 0 0 333 206 342 220 0 0 0 0 0 0 0
