car 0.0 0 0 25 223 33 242 0 0 0 0 0 0 0
car 0.0 0 0 296 52 313 59 0 0 0 0 0 0 0
car 0.5625 0 0 345 172 352 179 0 0 0 0 0 0 0
car 0.0 0 0 285 210 307 218 0 0 0 0 0 0 0
car 0.0 0 0 240 190 257 197 0 0 0 0 0 0 0
car 0.0 0 0 26 42 37 62 0 0 0 0 0 0 0
car 0.0 0 0 331 50 348 62 0 0 0 0 0 0 0
car 0.0 0 0 299 147 316 155 0 0 0 0 0 0 0
car 0.0 0 0 338 121 352 128 0 0 0 0 0 0 0
car 0.25 0 0 340 208 352 218 0 0 0 0 0 0 0
car 0.0 0 0 244 268 260 276 0 0 0 0 0 0 0
car 0.0 0 0 111 318 121 332 0 0 0 0 0 0 0
car 0.0 0 0 297 82 316 92 0 0 0 0 0 0 0
car 0.0 0 0 282 127 299 134 0 0 0 0 0 0 0
car 0.0 0 0 285 134 299 141 0 0 0 0 0 0 0
car 0.0 0 0 302 161 320 168 0 0 0 0 0 0 0
car 0.0 0 0 334 106 351 113 0 0 0 0 0 0 0
car 0.0 0 0 303 247 319 255 0 0 0 0 0 0 0
car 0.0 0 0 235 72 249 79 0 0 0 0 0 0 0
car 0.0 0 0 265 156 274 169 0 0 0 0 0 0 0
car 0.0 0 0 211 314 222 329 0 0 0 0 0 0 0
car 0.0 0 0 333 67 350 74 0 0 0 0 0 0 0
car 0.0 0 0 279 72 298 80 0 0 0 0 0 0 0
car 0.0 0 0 233 119 252 127 0 0 0 0 0 0 0
car 0.0 0 0 334 28 350 35 0 0 0 0 0 0 0
car 0.4 0 0 343 234 352 242 0 0 0 0 0 0 0
car 0.3125 0 0 341 248 352 257 0 0 0 0 0 0 0
car 0.0 0 0 239 166 256 174 0 0 0 0 0 0 0
car 0.0 0 0 244 262 262 269 0 0 0 0 0 0 0
car 0.0 0 0 261 123 273 137 0 0 0 0 0 0 0
car 0.0 0 0 264 142 274 155 0 0 0 0 0 0 0
car 0.764705882353 0 0 348 17 352 25 0 0 0 0 0 0 0
car 0.777777777778 0 0 348 51 352 59 0 0 0 0 0 0 0
car 0.0 0 0 282 89 298 98 0 0 0 0 0 0 0
car 0.0 0 0 282 157 301 164 0 0 0 0 0 0 0
car 0.0 0 0 235 79 250 89 0 0 0 0 0 0 0
car 0.0 0 0 91 320 101 334 0 0 0 0 0 0 0
car 0.842105263158 0 0 349 44 352 51 0 0 0 0 0 0 0
car 0.0 0 0 282 98 298 105 0 0 0 0 0 0 0
car 0.0 0 0 296 124 316 132 0 0 0 0 0 0 0
car 0.0 0 0 335 74 352 81 0 0 0 0 0 0 0
car 0.944444444444 0 0 351 98 352 104 0 0 0 0 0 0 0
car 0.0 0 0 289 192 307 200 0 0 0 0 0 0 0
car 0.0 0 0 236 89 249 97 0 0 0 0 0 0 0
car 0.266666666667 0 0 341 200 352 208 0 0 0 0 0 0 0
car 0.0 0 0 265 245 278 260 0 0 0 0 0 0 0
car 0.1 0 0 334 127 352 136 0 0 0 0 0 0 0
car 0.294117647059 0 0 340 180 352 188 0 0 0 0 0 0 0
car 0.0 0 0 307 184 325 193 0 0 0 0 0 0 0
car 0.0 0 0 302 218 320 225 0 0 0 0 0 0 0
car 0.823529411765 0 0 349 10 352 18 0 0 0 0 0 0 0
car 0.684210526316 0 0 346 25 352 35 0 0 0 0 0 0 0
car 0.0 0 0 242 211 259 219 0 0 0 0 0 0 0
car 0.0 0 0 299 92 315 101 0 0 0 0 0 0 0
car 0.0 0 0 283 106 299 113 0 0 0 0 0 0 0
car 0.352941176471 0 0 341 219 352 225 0 0 0 0 0 0 0
car 0.0 0 0 302 232 321 242 0 0 0 0 0 0 0
car 0.0 0 0 334 21 349 29 0 0 0 0 0 0 0
car 0.0 0 0 298 111 314 117 0 0 0 0 0 0 0
car 0.3125 0 0 341 151 352 159 0 0 0 0 0 0 0
car 0.428571428571 0 0 344 159 352 166 0 0 0 0 0 0 0
car 0.0 0 0 304 199 324 209 0 0 0 0 0 0 0
car 0.0 0 0 302 241 319 248 0 0 0 0 0 0 0
car 0.0 0 0 241 204 258 212 0 0 0 0 0 0 0
car 0.0 0 0 337 80 352 91 0 0 0 0 0 0 0
car 0.0 0 0 287 240 301 246 0 0 0 0 0 0 0
car 0.0 0 0 268 215 279 230 0 0 0 0 0 0 0
car 0.8 0 0 349 35 352 42 0 0 0 0 0 0 0
car 0.0 0 0 299 116 318 125 0 0 0 0 0 0 0
car 0.352941176471 0 0 341 242 352 249 0 0 0 0 0 0 0
car 0.166666666667 0 0 337 136 352 144 0 0 0 0 0 0 0
car 0.0 0 0 284 223 303 231 0 0 0 0 0 0 0
car 0.0 0 0 268 230 279 244 0 0 0 0 0 0 0
car 0.0 0 0 300 140 318 148 0 0 0 0 0 0 0
car 0.0 0 0 283 164 301 172 0 0 0 0 0 0 0
car 0.0 0 0 233 104 251 113 0 0 0 0 0 0 0
car 0.0 0 0 235 133 253 142 0 0 0 0 0 0 0
car 0.0 0 0 308 175 323 182 0 0 0 0 0 0 0
car 0.0 0 0 234 149 255 159 0 0 0 0 0 0 0
car 0.0 0 0 242 228 260 234 0 0 0 0 0 0 0
car 0.0 0 0 79 319 87 331 0 0 0 0 0 0 0
car 0.0 0 0 294 18 313 26 0 0 0 0 0 0 0
car 0.0 0 0 333 60 350 67 0 0 0 0 0 0 0
car 0.0 0 0 298 74 316 83 0 0 0 0 0 0 0
car 0.0 0 0 303 225 320 232 0 0 0 0 0 0 0
car 0.0 0 0 235 142 255 149 0 0 0 0 0 0 0
car 0.0 0 0 235 159 258 167 0 0 0 0 0 0 0
car 0.0 0 0 239 173 255 181 0 0 0 0 0 0 0
car 0.0 0 0 254 70 273 79 0 0 0 0 0 0 0
car 0.0 0 0 266 187 277 199 0 0 0 0 0 0 0
car 0.375 0 0 342 166 352 173 0 0 0 0 0 0 0
car 0.0 0 0 239 197 256 203 0 0 0 0 0 0 0
car 0.0 0 0 245 253 262 262 0 0 0 0 0 0 0
car 0.0 0 0 300 132 317 140 0 0 0 0 0 0 0
car 0.0 0 0 304 208 322 217 0 0 0 0 0 0 0
car 0.0 0 0 287 217 304 226 0 0 0 0 0 0 0
car 0.0 0 0 242 247 262 255 0 0 0 0 0 0 0
car 0.0 0 0 260 95 270 109 0 0 0 0 0 0 0
car 0.35 0 0 339 187 352 195 0 0 0 0 0 0 0
car 0.0 0 0 288 200 306 209 0 0 0 0 0 0 0
car 0.0 0 0 242 218 260 227 0 0 0 0 0 0 0
car 0.0 0 0 332 43 350 52 0 0 0 0 0 0 0
car 0.0 0 0 282 113 298 119 0 0 0 0 0 0 0
car 0.235294117647 0 0 339 144 352 152 0 0 0 0 0 0 0
car 0.470588235294 0 0 343 225 352 234 0 0 0 0 0 0 0
car 0.0 0 0 309 193 326 200 0 0 0 0 0 0 0
car 0.0 0 0 240 182 257 189 0 0 0 0 0 0 0
car 0.0 0 0 242 234 258 243 0 0 0 0 0 0 0
car 0.0 0 0 266 200 278 213 0 0 0 0 0 0 0
car 0.0 0 0 294 12 314 19 0 0 0 0 0 0 0
car 0.0 0 0 296 44 316 51 0 0 0 0 0 0 0
car 0.0 0 0 336 112 352 120 0 0 0 0 0 0 0
car 0.0 0 0 286 232 303 240 0 0 0 0 0 0 0
car 0.0 0 0 233 128 252 135 0 0 0 0 0 0 0
car 0.0 0 0 243 241 258 248 0 0 0 0 0 0 0
car 0.0 0 0 196 315 203 328 0 0 0 0 0 0 0
car 0.0 0 0 330 12 349 19 0 0 0 0 0 0 0
car 0.0 0 0 279 79 300 90 0 0 0 0 0 0 0
car 0.0 0 0 281 141 302 149 0 0 0 0 0 0 0
car 0.0 0 0 234 112 251 119 0 0 0 0 0 0 0
car 0.0 0 0 298 36 315 44 0 0 0 0 0 0 0
car 0.0 0 0 286 174 304 184 0 0 0 0 0 0 0
car 0.0 0 0 301 254 322 260 0 0 0 0 0 0 0
car 0.0 0 0 203 315 214 327 0 0 0 0 0 0 0
car 0.0 0 0 297 59 314 66 0 0 0 0 0 0 0
car 0.0 0 0 266 169 276 182 0 0 0 0 0 0 0
car 0.0 0 0 284 119 298 126 0 0 0 0 0 0 0
car 0.0 0 0 282 148 298 157 0 0 0 0 0 0 0
car 0.411764705882 0 0 342 194 352 201 0 0 0 0 0 0 0
car 0.0 0 0 285 246 303 254 0 0 0 0 0 0 0
car 0.0 0 0 119 317 131 332 0 0 0 0 0 0 0
car 0.0 0 0 195 345 210 350 0 0 0 0 0 0 0
car 0.0 0 0 296 25 313 33 0 0 0 0 0 0 0
car 0.944444444444 0 0 351 105 352 112 0 0 0 0 0 0 0
car 0.894736842105 0 0 350 66 352 75 0 0 0 0 0 0 0
car 0.0 0 0 304 153 317 162 0 0 0 0 0 0 0
car 0.0 0 0 335 99 351 106 0 0 0 0 0 0 0
car 0.0 0 0 287 184 306 193 0 0 0 0 0 0 0
car 0.0 0 0 261 114 271 123 0 0 0 0 0 0 0
car 0.85 0 0 349 59 352 66 0 0 0 0 0 0 0
car 0.0 0 0 334 90 351 98 0 0 0 0 0 0 0
car 0.0 0 0 101 318 112 336 0 0 0 0 0 0 0
car 0.0 0 0 230 312 239 327 0 0 0 0 0 0 0
car 0.0 0 0 56 1 80 14 0 0 0 0 0 0 0
car 0.0 0 0 306 168 323 175 0 0 0 0 0 0 0
car 0.0 0 0 288 254 301 261 0 0 0 0 0 0 0
car 0.0 0 0 221 314 230 331 0 0 0 0 0 0 0
car 0.0 0 0 299 65 315 74 0 0 0 0 0 0 0
car 0.0 0 0 335 36 349 44 0 0 0 0 0 0 0
car 0.0 0 0 301 100 316 110 0 0 0 0 0 0 0
car 0.0 0 0 186 315 196 328 0 0 0 0 0 0 0
