car 0.96875 0 0 0 192 1 201 0 0 0 0 0 0 0
car 0.0 0 0 3 202 19 209 0 0 0 0 0 0 0
car 0.0 0 0 43 219 63 226 0 0 0 0 0 0 0
car 0.0 0 0 31 228 50 236 0 0 0 0 0 0 0
car 0.0 0 0 46 238 63 246 0 0 0 0 0 0 0
car 1.0 0 0 0 229 0 237 0 0 0 0 0 0 0
car 0.0 0 0 4 238 24 246 0 0 0 0 0 0 0
car 0.4444444444444444 0 0 0 222 10 229 0 0 0 0 0 0 0
car 0.0 0 0 77 235 96 243 0 0 0 0 0 0 0
car 0.0 0 0 211 223 231 231 0 0 0 0 0 0 0
car 0.0 0 0 129 218 147 225 0 0 0 0 0 0 0
car 0.0 0 0 125 234 152 245 0 0 0 0 0 0 0
car 0.0 0 0 116 227 130 233 0 0 0 0 0 0 0
car 0.0 0 0 114 177 175 189 0 0 0 0 0 0 0
car 0.0 0 0 131 199 148 206 0 0 0 0 0 0 0
car 0.0 0 0 241 195 258 202 0 0 0 0 0 0 0
car 0.0 0 0 278 212 295 220 0 0 0 0 0 0 0
car 0.16000000000000003 0 0 331 171 352 180 0 0 0 0 0 0 0
car 0.0 0 0 271 237 289 246 0 0 0 0 0 0 0
car 0.0 0 0 213 232 231 240 0 0 0 0 0 0 0
car 0.0 0 0 325 183 343 191 0 0 0 0 0 0 0
car 0.0 0 0 333 210 352 217 0 0 0 0 0 0 0
car 0.0 0 0 311 218 331 226 0 0 0 0 0 0 0
car 0.0 0 0 292 226 351 239 0 0 0 0 0 0 0
car 0.0 0 0 295 333 312 344 0 0 0 0 0 0 0
car 0.8947368421052632 0 0 350 323 352 332 0 0 0 0 0 0 0
car 0.0 0 0 313 337 332 344 0 0 0 0 0 0 0
car 0.0 0 0 188 214 213 224 0 0 0 0 0 0 0
car 0.0 0 0 210 183 233 195 0 0 0 0 0 0 0
