car 0.0 0 0 19 183 36 190 0 0 0 0 0 0 0
car 0.2222222222222222 0 0 0 189 21 199 0 0 0 0 0 0 0
car 0.0 0 0 13 152 38 161 0 0 0 0 0 0 0
car 0.0 0 0 85 154 101 162 0 0 0 0 0 0 0
car 0.0 0 0 153 160 170 166 0 0 0 0 0 0 0
car 0.0 0 0 110 149 126 155 0 0 0 0 0 0 0
car 0.0 0 0 101 187 118 194 0 0 0 0 0 0 0
car 0.0 0 0 112 205 131 213 0 0 0 0 0 0 0
car 0.0 0 0 179 199 196 207 0 0 0 0 0 0 0
car 0.0 0 0 216 190 231 197 0 0 0 0 0 0 0
car 0.0 0 0 218 208 234 216 0 0 0 0 0 0 0
car 0.0 0 0 316 163 340 175 0 0 0 0 0 0 0
car 0.0 0 0 243 191 282 209 0 0 0 0 0 0 0
