car 0.0 0 0 136 324 144 335 0 0 0 0 0 0 0
car 0.0 0 0 213 338 229 348 0 0 0 0 0 0 0
car 0.0 0 0 214 3 240 16 0 0 0 0 0 0 0
car 0.0 0 0 196 35 234 49 0 0 0 0 0 0 0
car 0.0 0 0 133 3 158 14 0 0 0 0 0 0 0
car 0.0 0 0 101 60 127 72 0 0 0 0 0 0 0
car 0.0 0 0 92 96 118 107 0 0 0 0 0 0 0
car 0.0 0 0 94 84 116 95 0 0 0 0 0 0 0
car 0.0 0 0 82 119 108 131 0 0 0 0 0 0 0
car 0.0 0 0 73 138 94 148 0 0 0 0 0 0 0
car 0.0 0 0 133 125 142 135 0 0 0 0 0 0 0
car 0.0 0 0 184 66 199 72 0 0 0 0 0 0 0
car 0.0 0 0 89 104 113 114 0 0 0 0 0 0 0
car 0.0 0 0 241 183 259 192 0 0 0 0 0 0 0
car 0.16666666666666663 0 0 337 204 352 215 0 0 0 0 0 0 0
car 0.75 0 0 349 57 352 69 0 0 0 0 0 0 0
car 0.0 0 0 339 51 352 64 0 0 0 0 0 0 0
car 0.0 0 0 323 48 333 61 0 0 0 0 0 0 0
