car 0.0 0 0 325 94 341 102 0 0 0 0 0 0 0
car 0.0 0 0 289 86 306 97 0 0 0 0 0 0 0
car 0.0 0 0 266 82 284 89 0 0 0 0 0 0 0
car 0.0 0 0 241 76 261 86 0 0 0 0 0 0 0
car 0.0 0 0 217 72 234 80 0 0 0 0 0 0 0
car 0.0 0 0 201 60 216 68 0 0 0 0 0 0 0
car 0.0 0 0 204 54 220 64 0 0 0 0 0 0 0
car 0.0 0 0 206 48 227 58 0 0 0 0 0 0 0
car 0.0 0 0 213 44 229 52 0 0 0 0 0 0 0
car 0.0 0 0 218 38 235 46 0 0 0 0 0 0 0
car 0.0 0 0 169 37 184 47 0 0 0 0 0 0 0
car 0.0 0 0 228 6 245 17 0 0 0 0 0 0 0
car 0.052631578947368474 0 0 0 28 18 38 0 0 0 0 0 0 0
car 0.0 0 0 136 59 151 67 0 0 0 0 0 0 0
car 0.0 0 0 117 67 132 74 0 0 0 0 0 0 0
car 0.0 0 0 81 79 103 94 0 0 0 0 0 0 0
car 0.0 0 0 71 104 103 121 0 0 0 0 0 0 0
car 0.0 0 0 64 93 80 102 0 0 0 0 0 0 0
car 0.0 0 0 40 103 59 115 0 0 0 0 0 0 0
car 0.0 0 0 71 167 98 180 0 0 0 0 0 0 0
car 0.0 0 0 38 132 54 142 0 0 0 0 0 0 0
car 0.0 0 0 74 331 84 346 0 0 0 0 0 0 0
car 0.0 0 0 85 332 95 346 0 0 0 0 0 0 0
car 0.0 0 0 104 341 114 352 0 0 0 0 0 0 0
car 0.30000000000000004 0 0 127 345 136 352 0 0 0 0 0 0 0
car 0.8333333333333334 0 0 154 350 164 352 0 0 0 0 0 0 0
car 0.0 0 0 181 328 191 344 0 0 0 0 0 0 0
car 0.736842105263158 0 0 30 347 74 352 0 0 0 0 0 0 0
car 0.0 0 0 211 18 226 26 0 0 0 0 0 0 0
car 0.0 0 0 195 23 211 32 0 0 0 0 0 0 0
car 0.5 0 0 297 0 313 6 0 0 0 0 0 0 0
