car 0.0 0 0 229 332 236 345 0 0 0 0 0 0 0
car 0.0 0 0 211 269 218 283 0 0 0 0 0 0 0
car 0.0 0 0 215 224 224 237 0 0 0 0 0 0 0
car 0.0 0 0 233 266 242 280 0 0 0 0 0 0 0
car 0.0 0 0 234 282 242 295 0 0 0 0 0 0 0
car 0.0 0 0 229 201 239 218 0 0 0 0 0 0 0
car 0.0 0 0 241 194 254 214 0 0 0 0 0 0 0
car 0.0 0 0 265 205 273 217 0 0 0 0 0 0 0
car 0.0 0 0 232 146 241 159 0 0 0 0 0 0 0
car 0.0 0 0 175 150 185 166 0 0 0 0 0 0 0
car 0.0 0 0 256 96 266 109 0 0 0 0 0 0 0
car 0.0 0 0 263 58 274 71 0 0 0 0 0 0 0
car 0.5263157894736843 0 0 269 0 285 9 0 0 0 0 0 0 0
car 0.0 0 0 65 155 79 177 0 0 0 0 0 0 0
car 0.0 0 0 47 99 63 113 0 0 0 0 0 0 0
car 0.0 0 0 44 115 58 125 0 0 0 0 0 0 0
car 0.0 0 0 55 227 81 249 0 0 0 0 0 0 0
car 0.0 0 0 71 269 86 287 0 0 0 0 0 0 0
car 0.0 0 0 71 255 82 267 0 0 0 0 0 0 0
car 0.0 0 0 74 301 82 313 0 0 0 0 0 0 0
car 0.0 0 0 60 16 68 30 0 0 0 0 0 0 0
car 0.0 0 0 59 1 68 11 0 0 0 0 0 0 0
car 0.0 0 0 308 68 323 74 0 0 0 0 0 0 0
