car 0.0 0 0 97 279 107 293 0 0 0 0 0 0 0
car 0.0 0 0 67 268 76 281 0 0 0 0 0 0 0
car 0.0 0 0 65 240 78 255 0 0 0 0 0 0 0
car 0.0 0 0 48 255 58 268 0 0 0 0 0 0 0
car 0.0 0 0 45 269 54 280 0 0 0 0 0 0 0
car 0.0 0 0 86 210 97 226 0 0 0 0 0 0 0
car 0.0 0 0 143 191 154 205 0 0 0 0 0 0 0
car 0.0 0 0 66 146 83 157 0 0 0 0 0 0 0
car 0.0 0 0 70 151 89 165 0 0 0 0 0 0 0
car 0.0 0 0 93 103 109 111 0 0 0 0 0 0 0
car 0.0 0 0 212 56 229 64 0 0 0 0 0 0 0
car 0.0 0 0 164 113 178 130 0 0 0 0 0 0 0
car 0.0 0 0 126 51 139 70 0 0 0 0 0 0 0
car 0.0 0 0 126 87 140 107 0 0 0 0 0 0 0
car 0.0 0 0 122 26 133 38 0 0 0 0 0 0 0
car 0.0 0 0 131 4 142 19 0 0 0 0 0 0 0
car 0.0 0 0 153 7 165 23 0 0 0 0 0 0 0
car 0.0 0 0 277 109 304 135 0 0 0 0 0 0 0
car 0.0 0 0 290 112 314 136 0 0 0 0 0 0 0
car 0.0 0 0 104 123 116 138 0 0 0 0 0 0 0
car 0.0 0 0 275 335 301 343 0 0 0 0 0 0 0
car 0.0 0 0 218 336 242 345 0 0 0 0 0 0 0
car 0.0 0 0 247 334 266 342 0 0 0 0 0 0 0
car 0.0 0 0 107 154 115 164 0 0 0 0 0 0 0
car 0.0 0 0 85 169 95 183 0 0 0 0 0 0 0
