car 0.9 0 0 0 187 2 196 0 0 0 0 0 0 0
car 0.7931034482758621 0 0 0 196 6 206 0 0 0 0 0 0 0
car 0.7083333333333333 0 0 0 204 7 213 0 0 0 0 0 0 0
car 0.6111111111111112 0 0 0 213 7 222 0 0 0 0 0 0 0
car 0.0 0 0 2 246 23 255 0 0 0 0 0 0 0
car 0.0 0 0 42 189 54 205 0 0 0 0 0 0 0
car 0.0 0 0 37 208 46 223 0 0 0 0 0 0 0
car 0.0 0 0 36 225 44 236 0 0 0 0 0 0 0
car 0.0 0 0 47 225 56 236 0 0 0 0 0 0 0
car 0.0 0 0 58 225 65 236 0 0 0 0 0 0 0
car 0.0 0 0 68 225 75 236 0 0 0 0 0 0 0
car 0.0 0 0 84 225 95 237 0 0 0 0 0 0 0
car 0.0 0 0 78 224 86 236 0 0 0 0 0 0 0
car 0.0 0 0 96 224 107 239 0 0 0 0 0 0 0
car 0.0 0 0 105 226 115 240 0 0 0 0 0 0 0
car 0.0 0 0 122 226 143 243 0 0 0 0 0 0 0
car 0.0 0 0 60 266 78 274 0 0 0 0 0 0 0
car 0.0 0 0 112 260 128 274 0 0 0 0 0 0 0
car 0.0 0 0 138 258 154 270 0 0 0 0 0 0 0
car 0.0 0 0 270 239 281 255 0 0 0 0 0 0 0
car 0.0 0 0 204 255 217 267 0 0 0 0 0 0 0
car 0.0 0 0 219 254 232 265 0 0 0 0 0 0 0
car 0.0 0 0 252 252 267 265 0 0 0 0 0 0 0
car 0.0 0 0 243 253 254 264 0 0 0 0 0 0 0
car 0.0 0 0 177 253 190 265 0 0 0 0 0 0 0
car 0.0 0 0 303 179 322 188 0 0 0 0 0 0 0
car 0.0 0 0 286 173 302 184 0 0 0 0 0 0 0
car 0.0 0 0 269 201 277 214 0 0 0 0 0 0 0
car 0.0 0 0 293 209 300 224 0 0 0 0 0 0 0
car 0.0 0 0 293 226 300 238 0 0 0 0 0 0 0
car 0.0 0 0 294 238 301 251 0 0 0 0 0 0 0
car 0.0 0 0 313 266 333 274 0 0 0 0 0 0 0
car 0.0 0 0 45 149 63 168 0 0 0 0 0 0 0
car 0.0 0 0 123 137 139 148 0 0 0 0 0 0 0
car 0.0 0 0 139 141 155 149 0 0 0 0 0 0 0
car 0.0 0 0 146 157 170 170 0 0 0 0 0 0 0
car 0.0 0 0 156 149 178 163 0 0 0 0 0 0 0
car 0.0 0 0 155 143 172 151 0 0 0 0 0 0 0
car 0.0 0 0 240 126 250 139 0 0 0 0 0 0 0
car 0.0 0 0 242 140 250 149 0 0 0 0 0 0 0
car 0.0 0 0 242 155 249 165 0 0 0 0 0 0 0
car 0.0 0 0 265 171 283 188 0 0 0 0 0 0 0
car 0.0 0 0 269 152 278 166 0 0 0 0 0 0 0
car 0.0 0 0 244 174 263 186 0 0 0 0 0 0 0
car 0.0 0 0 233 181 257 194 0 0 0 0 0 0 0
car 0.0 0 0 261 199 269 214 0 0 0 0 0 0 0
car 0.0 0 0 253 197 262 211 0 0 0 0 0 0 0
car 0.0 0 0 233 190 243 206 0 0 0 0 0 0 0
car 0.0 0 0 225 189 233 203 0 0 0 0 0 0 0
car 0.0 0 0 215 187 226 201 0 0 0 0 0 0 0
car 0.0 0 0 205 184 216 199 0 0 0 0 0 0 0
car 0.0 0 0 196 181 208 196 0 0 0 0 0 0 0
car 0.0 0 0 187 179 197 194 0 0 0 0 0 0 0
car 0.0 0 0 177 177 188 192 0 0 0 0 0 0 0
car 0.0 0 0 169 177 178 189 0 0 0 0 0 0 0
car 0.0 0 0 122 167 132 177 0 0 0 0 0 0 0
car 0.0 0 0 134 169 145 180 0 0 0 0 0 0 0
car 0.0 0 0 112 243 136 256 0 0 0 0 0 0 0
car 0.0 0 0 76 265 93 278 0 0 0 0 0 0 0
car 0.0 0 0 88 263 104 275 0 0 0 0 0 0 0
car 0.0 0 0 102 262 118 276 0 0 0 0 0 0 0
car 0.0 0 0 127 260 141 272 0 0 0 0 0 0 0
car 0.0 0 0 214 289 235 297 0 0 0 0 0 0 0
car 0.0 0 0 239 298 257 305 0 0 0 0 0 0 0
car 0.0 0 0 263 296 274 309 0 0 0 0 0 0 0
car 0.0 0 0 233 271 249 278 0 0 0 0 0 0 0
car 0.0 0 0 59 293 76 302 0 0 0 0 0 0 0
car 0.0 0 0 82 291 107 302 0 0 0 0 0 0 0
car 0.0 0 0 314 290 329 297 0 0 0 0 0 0 0
car 0.0 0 0 295 290 312 298 0 0 0 0 0 0 0
car 0.0 0 0 31 294 54 302 0 0 0 0 0 0 0
car 0.0 0 0 141 292 159 300 0 0 0 0 0 0 0
car 0.0 0 0 118 294 134 300 0 0 0 0 0 0 0
car 0.7692307692307692 0 0 101 349 107 352 0 0 0 0 0 0 0
car 0.0 0 0 186 291 203 299 0 0 0 0 0 0 0
car 0.0 0 0 270 321 279 332 0 0 0 0 0 0 0
car 0.0 0 0 260 327 267 341 0 0 0 0 0 0 0
car 0.7058823529411764 0 0 260 347 267 352 0 0 0 0 0 0 0
car 0.0 0 0 140 284 155 289 0 0 0 0 0 0 0
car 0.0 0 0 203 280 224 288 0 0 0 0 0 0 0
car 0.0 0 0 121 284 134 289 0 0 0 0 0 0 0
car 0.0 0 0 47 120 67 129 0 0 0 0 0 0 0
car 0.11111111111111116 0 0 0 121 16 130 0 0 0 0 0 0 0
car 0.0 0 0 6 140 20 148 0 0 0 0 0 0 0
car 0.0 0 0 90 249 107 258 0 0 0 0 0 0 0
car 0.0 0 0 7 177 27 187 0 0 0 0 0 0 0
car 0.0 0 0 10 186 23 195 0 0 0 0 0 0 0
car 0.0 0 0 9 215 25 223 0 0 0 0 0 0 0
car 0.0 0 0 9 233 26 240 0 0 0 0 0 0 0
car 0.0 0 0 248 30 257 47 0 0 0 0 0 0 0
car 0.0625 0 0 0 132 15 141 0 0 0 0 0 0 0
car 0.0 0 0 202 153 233 170 0 0 0 0 0 0 0
car 0.0 0 0 39 170 58 191 0 0 0 0 0 0 0
