car 0.8125 0 0 0 194 3 201 0 0 0 0 0 0 0
car 0.0 0 0 30 186 53 197 0 0 0 0 0 0 0
car 0.0 0 0 59 189 78 197 0 0 0 0 0 0 0
car 0.0 0 0 84 190 103 196 0 0 0 0 0 0 0
car 0.0 0 0 168 187 187 193 0 0 0 0 0 0 0
car 0.0 0 0 180 201 197 208 0 0 0 0 0 0 0
car 0.0 0 0 173 193 199 203 0 0 0 0 0 0 0
car 0.0 0 0 203 201 220 209 0 0 0 0 0 0 0
car 0.0 0 0 229 182 253 194 0 0 0 0 0 0 0
car 0.0 0 0 199 192 225 203 0 0 0 0 0 0 0
car 0.0 0 0 244 194 261 200 0 0 0 0 0 0 0
car 0.0 0 0 258 183 273 192 0 0 0 0 0 0 0
car 0.0 0 0 273 183 291 191 0 0 0 0 0 0 0
car 0.0 0 0 304 182 321 191 0 0 0 0 0 0 0
car 0.0 0 0 318 246 345 258 0 0 0 0 0 0 0
car 0.0 0 0 169 220 179 233 0 0 0 0 0 0 0
car 0.0 0 0 141 219 151 233 0 0 0 0 0 0 0
car 0.0 0 0 198 218 208 230 0 0 0 0 0 0 0
car 0.0 0 0 220 217 229 228 0 0 0 0 0 0 0
car 0.0 0 0 184 226 249 244 0 0 0 0 0 0 0
car 0.0 0 0 306 219 323 227 0 0 0 0 0 0 0
car 0.0 0 0 239 213 249 226 0 0 0 0 0 0 0
car 0.0 0 0 249 213 261 224 0 0 0 0 0 0 0
car 0.0 0 0 265 210 277 222 0 0 0 0 0 0 0
car 0.0 0 0 275 209 287 220 0 0 0 0 0 0 0
car 0.0 0 0 228 257 256 270 0 0 0 0 0 0 0
car 0.0 0 0 178 261 216 274 0 0 0 0 0 0 0
car 0.0 0 0 319 274 327 286 0 0 0 0 0 0 0
car 0.0 0 0 251 283 261 294 0 0 0 0 0 0 0
car 0.0 0 0 202 288 211 301 0 0 0 0 0 0 0
car 0.0 0 0 211 288 219 300 0 0 0 0 0 0 0
car 0.0 0 0 171 298 180 311 0 0 0 0 0 0 0
car 0.0 0 0 219 287 228 300 0 0 0 0 0 0 0
car 0.0 0 0 271 282 279 293 0 0 0 0 0 0 0
car 0.0 0 0 279 280 288 292 0 0 0 0 0 0 0
car 0.0 0 0 289 279 298 291 0 0 0 0 0 0 0
car 0.0 0 0 298 278 307 290 0 0 0 0 0 0 0
car 0.0 0 0 299 290 309 301 0 0 0 0 0 0 0
car 0.0 0 0 256 223 286 235 0 0 0 0 0 0 0
car 0.0 0 0 294 210 304 219 0 0 0 0 0 0 0
car 0.0 0 0 309 206 317 217 0 0 0 0 0 0 0
car 0.0 0 0 327 205 337 214 0 0 0 0 0 0 0
car 0.0 0 0 338 205 345 213 0 0 0 0 0 0 0
car 0.0 0 0 227 193 242 200 0 0 0 0 0 0 0
car 0.0 0 0 192 187 206 193 0 0 0 0 0 0 0
car 0.0 0 0 208 187 220 192 0 0 0 0 0 0 0
car 0.0 0 0 268 191 287 199 0 0 0 0 0 0 0
car 0.0 0 0 290 190 306 199 0 0 0 0 0 0 0
car 0.0 0 0 311 191 327 200 0 0 0 0 0 0 0
car 0.0 0 0 325 182 341 191 0 0 0 0 0 0 0
car 0.0 0 0 275 64 283 78 0 0 0 0 0 0 0
car 1.0 0 0 290 0 302 0 0 0 0 0 0 0 0
car 0.0 0 0 295 16 311 48 0 0 0 0 0 0 0
