car 0.0 0 0 13 204 31 215 0 0 0 0 0 0 0
car 0.0 0 0 33 210 52 218 0 0 0 0 0 0 0
car 0.0 0 0 106 230 120 236 0 0 0 0 0 0 0
car 0.0 0 0 74 7 84 22 0 0 0 0 0 0 0
car 0.0 0 0 85 8 95 22 0 0 0 0 0 0 0
car 0.0 0 0 104 17 114 28 0 0 0 0 0 0 0
car 0.0 0 0 127 21 136 31 0 0 0 0 0 0 0
car 0.0 0 0 154 26 164 38 0 0 0 0 0 0 0
car 0.0 0 0 181 4 191 20 0 0 0 0 0 0 0
car 0.0 0 0 30 23 74 42 0 0 0 0 0 0 0
car 0.0 0 0 62 39 127 61 0 0 0 0 0 0 0
car 0.0 0 0 135 43 180 59 0 0 0 0 0 0 0
car 0.0 0 0 139 56 176 70 0 0 0 0 0 0 0
car 0.0 0 0 208 37 220 50 0 0 0 0 0 0 0
car 0.0 0 0 229 40 240 53 0 0 0 0 0 0 0
car 0.0 0 0 247 44 257 58 0 0 0 0 0 0 0
car 0.0 0 0 255 46 268 61 0 0 0 0 0 0 0
car 0.0 0 0 268 49 278 62 0 0 0 0 0 0 0
car 0.0 0 0 284 55 294 67 0 0 0 0 0 0 0
car 0.0 0 0 307 61 318 72 0 0 0 0 0 0 0
car 0.0 0 0 316 61 326 74 0 0 0 0 0 0 0
car 0.0 0 0 326 62 334 76 0 0 0 0 0 0 0
car 0.0 0 0 339 67 347 78 0 0 0 0 0 0 0
car 0.0 0 0 309 116 319 130 0 0 0 0 0 0 0
car 0.0 0 0 326 122 335 135 0 0 0 0 0 0 0
car 0.0 0 0 285 109 295 124 0 0 0 0 0 0 0
car 0.0 0 0 275 110 284 123 0 0 0 0 0 0 0
car 0.0 0 0 254 105 263 117 0 0 0 0 0 0 0
car 0.0 0 0 245 103 255 116 0 0 0 0 0 0 0
car 0.0 0 0 235 100 246 112 0 0 0 0 0 0 0
car 0.0 0 0 226 98 235 112 0 0 0 0 0 0 0
car 0.0 0 0 241 133 259 140 0 0 0 0 0 0 0
car 0.0 0 0 218 133 235 140 0 0 0 0 0 0 0
car 0.0 0 0 90 92 116 104 0 0 0 0 0 0 0
car 0.0 0 0 143 77 151 90 0 0 0 0 0 0 0
car 0.0 0 0 102 71 110 83 0 0 0 0 0 0 0
car 0.0 0 0 91 69 100 80 0 0 0 0 0 0 0
car 0.0 0 0 79 65 90 80 0 0 0 0 0 0 0
car 0.0 0 0 70 64 80 78 0 0 0 0 0 0 0
car 0.0 0 0 62 59 75 75 0 0 0 0 0 0 0
car 0.0 0 0 54 59 65 74 0 0 0 0 0 0 0
car 0.0 0 0 44 57 55 71 0 0 0 0 0 0 0
car 0.0 0 0 35 57 44 71 0 0 0 0 0 0 0
car 0.0 0 0 25 57 37 69 0 0 0 0 0 0 0
car 0.0 0 0 15 51 28 64 0 0 0 0 0 0 0
car 0.09999999999999998 0 0 0 48 9 61 0 0 0 0 0 0 0
car 0.0 0 0 316 96 347 111 0 0 0 0 0 0 0
car 0.0 0 0 266 75 305 90 0 0 0 0 0 0 0
car 0.0 0 0 241 70 258 77 0 0 0 0 0 0 0
car 0.0 0 0 235 77 273 91 0 0 0 0 0 0 0
