car 1.0 0 0 27 0 44 0 0 0 0 0 0 0 0
car 1.0 0 0 6 0 24 0 0 0 0 0 0 0 0
car 0.0 0 0 103 99 110 112 0 0 0 0 0 0 0
car 0.0 0 0 95 97 103 147 0 0 0 0 0 0 0
car 0.0 0 0 95 46 105 64 0 0 0 0 0 0 0
car 0.0 0 0 110 45 116 58 0 0 0 0 0 0 0
car 0.0 0 0 271 34 282 50 0 0 0 0 0 0 0
car 0.0 0 0 274 105 286 119 0 0 0 0 0 0 0
car 0.0 0 0 279 194 286 207 0 0 0 0 0 0 0
car 0.0 0 0 288 244 296 256 0 0 0 0 0 0 0
car 0.0 0 0 124 326 134 339 0 0 0 0 0 0 0
car 0.0 0 0 125 301 134 314 0 0 0 0 0 0 0
car 0.0 0 0 122 273 133 288 0 0 0 0 0 0 0
car 0.85 0 0 129 349 141 352 0 0 0 0 0 0 0
car 0.0 0 0 103 262 111 275 0 0 0 0 0 0 0
car 0.0 0 0 259 142 267 159 0 0 0 0 0 0 0
car 0.0 0 0 123 233 133 247 0 0 0 0 0 0 0
car 0.0 0 0 289 309 299 324 0 0 0 0 0 0 0
