car 0.0 0 0 36 33 47 49 0 0 0 0 0 0 0
car 0.6666666666666667 0 0 0 252 3 267 0 0 0 0 0 0 0
car 0.8333333333333334 0 0 0 168 2 182 0 0 0 0 0 0 0
car 0.0 0 0 0 99 12 112 0 0 0 0 0 0 0
car 0.0 0 0 19 86 31 101 0 0 0 0 0 0 0
car 0.0 0 0 75 250 88 261 0 0 0 0 0 0 0
car 0.0 0 0 80 192 90 207 0 0 0 0 0 0 0
car 0.0 0 0 89 188 100 204 0 0 0 0 0 0 0
car 0.0 0 0 275 11 301 19 0 0 0 0 0 0 0
car 0.0 0 0 104 31 122 41 0 0 0 0 0 0 0
car 0.0 0 0 218 12 242 21 0 0 0 0 0 0 0
car 0.0 0 0 247 10 266 18 0 0 0 0 0 0 0
car 0.6666666666666667 0 0 348 84 352 97 0 0 0 0 0 0 0
car 0.0 0 0 235 77 245 90 0 0 0 0 0 0 0
car 0.0 0 0 124 32 147 41 0 0 0 0 0 0 0
