car 0.1428571428571429 0 0 161 0 173 12 0 0 0 0 0 0 0
car 0.0 0 0 155 20 164 34 0 0 0 0 0 0 0
car 0.0 0 0 193 67 209 82 0 0 0 0 0 0 0
car 0.0 0 0 201 82 218 102 0 0 0 0 0 0 0
car 0.0 0 0 214 106 228 123 0 0 0 0 0 0 0
car 0.0 0 0 213 246 230 253 0 0 0 0 0 0 0
car 0.0 0 0 274 229 284 244 0 0 0 0 0 0 0
car 0.0 0 0 266 217 276 227 0 0 0 0 0 0 0
car 0.0 0 0 280 246 288 258 0 0 0 0 0 0 0
car 0.0 0 0 286 257 294 267 0 0 0 0 0 0 0
car 0.0 0 0 24 84 36 97 0 0 0 0 0 0 0
car 0.0 0 0 54 187 64 201 0 0 0 0 0 0 0
car 0.0 0 0 50 38 63 57 0 0 0 0 0 0 0
