car 0.0 0 0 269 314 285 333 0 0 0 0 0 0 0
car 0.0 0 0 318 252 327 267 0 0 0 0 0 0 0
car 0.0 0 0 300 202 314 219 0 0 0 0 0 0 0
car 0.0 0 0 176 216 195 226 0 0 0 0 0 0 0
car 0.0 0 0 209 221 229 229 0 0 0 0 0 0 0
car 0.0 0 0 314 168 326 182 0 0 0 0 0 0 0
car 0.0 0 0 271 175 290 186 0 0 0 0 0 0 0
car 0.0 0 0 279 152 298 164 0 0 0 0 0 0 0
car 0.0 0 0 286 138 304 147 0 0 0 0 0 0 0
car 0.0 0 0 291 129 306 138 0 0 0 0 0 0 0
car 0.0 0 0 295 120 312 131 0 0 0 0 0 0 0
car 0.0 0 0 297 113 313 123 0 0 0 0 0 0 0
car 0.0 0 0 324 99 336 112 0 0 0 0 0 0 0
car 0.25 0 0 343 86 352 101 0 0 0 0 0 0 0
car 0.0 0 0 305 80 316 94 0 0 0 0 0 0 0
car 0.0 0 0 293 76 306 92 0 0 0 0 0 0 0
car 0.0 0 0 153 208 170 219 0 0 0 0 0 0 0
car 0.0 0 0 2 144 14 158 0 0 0 0 0 0 0
car 0.0 0 0 12 146 26 160 0 0 0 0 0 0 0
car 0.0 0 0 0 193 13 208 0 0 0 0 0 0 0
car 0.0 0 0 9 197 20 211 0 0 0 0 0 0 0
car 0.0 0 0 29 200 40 216 0 0 0 0 0 0 0
car 0.0 0 0 39 203 48 218 0 0 0 0 0 0 0
car 0.0 0 0 48 203 61 222 0 0 0 0 0 0 0
car 0.0 0 0 5 219 18 234 0 0 0 0 0 0 0
car 0.0 0 0 15 220 27 235 0 0 0 0 0 0 0
car 0.0 0 0 24 223 37 237 0 0 0 0 0 0 0
car 0.0 0 0 33 224 45 237 0 0 0 0 0 0 0
car 0.0 0 0 45 226 57 240 0 0 0 0 0 0 0
car 0.0 0 0 56 229 67 243 0 0 0 0 0 0 0
car 0.0 0 0 65 231 77 242 0 0 0 0 0 0 0
car 0.0 0 0 61 246 84 258 0 0 0 0 0 0 0
car 0.0 0 0 67 209 79 225 0 0 0 0 0 0 0
car 0.1428571428571429 0 0 60 340 68 352 0 0 0 0 0 0 0
car 0.0 0 0 59 325 68 335 0 0 0 0 0 0 0
car 0.0 0 0 60 306 70 320 0 0 0 0 0 0 0
car 0.0 0 0 200 305 212 317 0 0 0 0 0 0 0
car 0.0 0 0 6 254 19 260 0 0 0 0 0 0 0
