car 0.0 0 0 323 28 342 38 0 0 0 0 0 0 0
car 0.0 0 0 301 140 316 149 0 0 0 0 0 0 0
car 0.0 0 0 291 159 303 166 0 0 0 0 0 0 0
car 0.0 0 0 281 150 297 160 0 0 0 0 0 0 0
car 0.0 0 0 280 175 293 183 0 0 0 0 0 0 0
car 0.0 0 0 243 169 257 178 0 0 0 0 0 0 0
car 0.0 0 0 260 183 278 192 0 0 0 0 0 0 0
car 0.0 0 0 241 185 258 198 0 0 0 0 0 0 0
car 0.0 0 0 210 203 226 215 0 0 0 0 0 0 0
car 0.0 0 0 203 218 213 231 0 0 0 0 0 0 0
car 0.0 0 0 187 241 200 256 0 0 0 0 0 0 0
car 0.0 0 0 172 269 196 279 0 0 0 0 0 0 0
car 0.0 0 0 209 309 248 321 0 0 0 0 0 0 0
car 0.0 0 0 160 283 184 294 0 0 0 0 0 0 0
car 0.0 0 0 150 306 174 317 0 0 0 0 0 0 0
car 0.0 0 0 214 327 240 340 0 0 0 0 0 0 0
car 0.0 0 0 133 327 158 338 0 0 0 0 0 0 0
