car 0.0 0 0 19 183 36 191 0 0 0 0 0 0 0
car 0.0 0 0 34 182 54 190 0 0 0 0 0 0 0
car 0.0 0 0 54 183 70 190 0 0 0 0 0 0 0
car 0.0 0 0 69 182 87 190 0 0 0 0 0 0 0
car 0.0 0 0 88 182 106 190 0 0 0 0 0 0 0
car 0.0 0 0 79 220 99 228 0 0 0 0 0 0 0
car 0.0 0 0 77 235 93 243 0 0 0 0 0 0 0
car 0.0 0 0 127 199 146 218 0 0 0 0 0 0 0
car 0.0 0 0 122 227 135 241 0 0 0 0 0 0 0
car 0.0 0 0 133 235 153 243 0 0 0 0 0 0 0
car 0.0 0 0 132 242 142 257 0 0 0 0 0 0 0
car 0.0 0 0 145 242 155 259 0 0 0 0 0 0 0
car 0.0 0 0 157 242 169 258 0 0 0 0 0 0 0
car 0.0 0 0 171 240 182 255 0 0 0 0 0 0 0
car 0.0 0 0 180 242 190 255 0 0 0 0 0 0 0
car 0.0 0 0 193 237 204 257 0 0 0 0 0 0 0
car 0.0 0 0 160 205 175 212 0 0 0 0 0 0 0
car 0.0 0 0 178 204 197 211 0 0 0 0 0 0 0
car 0.0 0 0 201 204 217 210 0 0 0 0 0 0 0
car 0.0 0 0 196 181 212 189 0 0 0 0 0 0 0
car 0.0 0 0 216 181 232 188 0 0 0 0 0 0 0
car 0.0 0 0 238 180 253 188 0 0 0 0 0 0 0
car 0.0 0 0 253 180 270 188 0 0 0 0 0 0 0
car 0.0 0 0 234 189 251 197 0 0 0 0 0 0 0
car 0.0 0 0 221 203 237 209 0 0 0 0 0 0 0
car 0.0 0 0 239 201 254 208 0 0 0 0 0 0 0
car 0.0 0 0 278 201 294 208 0 0 0 0 0 0 0
car 0.0 0 0 260 201 276 208 0 0 0 0 0 0 0
car 0.0 0 0 303 230 318 245 0 0 0 0 0 0 0
car 0.0 0 0 314 233 324 247 0 0 0 0 0 0 0
car 0.0 0 0 325 233 334 249 0 0 0 0 0 0 0
car 0.0 0 0 337 236 346 251 0 0 0 0 0 0 0
car 0.4545454545454546 0 0 346 236 352 249 0 0 0 0 0 0 0
car 0.0 0 0 330 208 341 223 0 0 0 0 0 0 0
car 0.11764705882352944 0 0 337 182 352 191 0 0 0 0 0 0 0
car 0.33333333333333337 0 0 340 200 352 208 0 0 0 0 0 0 0
car 0.6 0 0 348 210 352 225 0 0 0 0 0 0 0
car 0.0 0 0 124 2 134 15 0 0 0 0 0 0 0
car 0.0 0 0 129 25 141 45 0 0 0 0 0 0 0
car 0.0 0 0 291 102 302 118 0 0 0 0 0 0 0
car 1.0 0 0 289 0 299 0 0 0 0 0 0 0 0
car 0.0 0 0 196 217 217 227 0 0 0 0 0 0 0
