car 0.0 0 0 21 292 36 300 0 0 0 0 0 0 0
car 0.0 0 0 27 317 44 324 0 0 0 0 0 0 0
car 0.0 0 0 6 317 24 324 0 0 0 0 0 0 0
car 0.0 0 0 103 275 116 290 0 0 0 0 0 0 0
car 0.0 0 0 84 250 97 266 0 0 0 0 0 0 0
car 0.0 0 0 131 291 145 299 0 0 0 0 0 0 0
car 0.0 0 0 171 289 187 297 0 0 0 0 0 0 0
car 0.0 0 0 193 289 211 297 0 0 0 0 0 0 0
car 0.0 0 0 118 315 138 321 0 0 0 0 0 0 0
car 0.0 0 0 139 315 155 321 0 0 0 0 0 0 0
car 0.0 0 0 232 311 250 319 0 0 0 0 0 0 0
car 0.0 0 0 250 311 266 319 0 0 0 0 0 0 0
car 0.0 0 0 266 311 285 319 0 0 0 0 0 0 0
car 0.0 0 0 313 310 329 315 0 0 0 0 0 0 0
car 0.0 0 0 332 309 349 317 0 0 0 0 0 0 0
car 0.9411764705882353 0 0 351 308 352 315 0 0 0 0 0 0 0
car 0.0 0 0 80 221 104 234 0 0 0 0 0 0 0
car 0.0 0 0 58 212 79 225 0 0 0 0 0 0 0
car 0.0 0 0 118 232 137 244 0 0 0 0 0 0 0
car 0.0 0 0 113 246 123 260 0 0 0 0 0 0 0
car 0.0 0 0 105 234 116 250 0 0 0 0 0 0 0
car 0.0 0 0 105 194 117 209 0 0 0 0 0 0 0
car 0.0 0 0 125 211 136 225 0 0 0 0 0 0 0
car 0.0 0 0 131 198 141 210 0 0 0 0 0 0 0
car 0.0 0 0 136 183 148 197 0 0 0 0 0 0 0
car 0.0 0 0 150 143 162 158 0 0 0 0 0 0 0
car 0.0 0 0 131 118 144 139 0 0 0 0 0 0 0
car 0.0 0 0 67 3 76 16 0 0 0 0 0 0 0
car 0.0 0 0 76 5 86 17 0 0 0 0 0 0 0
car 0.0 0 0 86 8 95 22 0 0 0 0 0 0 0
car 0.0 0 0 96 10 106 25 0 0 0 0 0 0 0
car 0.0 0 0 104 10 113 25 0 0 0 0 0 0 0
car 0.0 0 0 110 11 122 28 0 0 0 0 0 0 0
car 0.0 0 0 121 16 132 29 0 0 0 0 0 0 0
car 0.0 0 0 112 72 122 83 0 0 0 0 0 0 0
car 0.0 0 0 56 87 73 96 0 0 0 0 0 0 0
car 0.0 0 0 76 66 87 80 0 0 0 0 0 0 0
car 0.0 0 0 166 30 180 48 0 0 0 0 0 0 0
car 0.0 0 0 156 0 177 5 0 0 0 0 0 0 0
car 0.0 0 0 194 53 208 68 0 0 0 0 0 0 0
car 0.0 0 0 64 63 76 77 0 0 0 0 0 0 0
car 0.0 0 0 20 54 29 66 0 0 0 0 0 0 0
car 0.0 0 0 172 93 183 106 0 0 0 0 0 0 0
car 0.0 0 0 140 73 149 86 0 0 0 0 0 0 0
car 0.0 0 0 152 75 163 90 0 0 0 0 0 0 0
car 0.0 0 0 142 42 166 73 0 0 0 0 0 0 0
car 0.0 0 0 179 73 197 89 0 0 0 0 0 0 0
car 0.7692307692307692 0 0 349 284 352 291 0 0 0 0 0 0 0
car 0.0 0 0 331 285 346 290 0 0 0 0 0 0 0
car 0.0 0 0 49 23 71 36 0 0 0 0 0 0 0
car 0.0 0 0 75 26 96 41 0 0 0 0 0 0 0
