car 0.0 0 0 318 283 335 292 0 0 0 0 0 0 0
car 0.0 0 0 287 301 301 309 0 0 0 0 0 0 0
car 0.0 0 0 228 330 245 341 0 0 0 0 0 0 0
car 0.0 0 0 191 311 207 320 0 0 0 0 0 0 0
car 0.0 0 0 211 342 226 350 0 0 0 0 0 0 0
car 0.4444444444444444 0 0 195 347 211 352 0 0 0 0 0 0 0
car 0.0 0 0 300 115 315 126 0 0 0 0 0 0 0
car 0.0 0 0 295 120 310 129 0 0 0 0 0 0 0
car 0.0 0 0 285 122 302 134 0 0 0 0 0 0 0
car 0.0 0 0 243 111 255 122 0 0 0 0 0 0 0
car 0.0 0 0 258 91 273 102 0 0 0 0 0 0 0
car 0.0 0 0 260 71 272 82 0 0 0 0 0 0 0
car 0.0 0 0 245 80 261 91 0 0 0 0 0 0 0
car 0.0 0 0 232 88 247 101 0 0 0 0 0 0 0
car 0.0 0 0 200 74 216 85 0 0 0 0 0 0 0
car 0.0 0 0 188 45 203 58 0 0 0 0 0 0 0
car 0.0 0 0 180 51 195 61 0 0 0 0 0 0 0
car 0.0 0 0 173 56 189 68 0 0 0 0 0 0 0
car 0.0 0 0 182 22 195 31 0 0 0 0 0 0 0
car 0.0 0 0 173 18 188 26 0 0 0 0 0 0 0
car 0.0 0 0 149 18 164 29 0 0 0 0 0 0 0
car 0.0 0 0 297 318 313 330 0 0 0 0 0 0 0
