car 0.0 0 0 332 239 346 250 0 0 0 0 0 0 0
car 0.0 0 0 260 259 266 274 0 0 0 0 0 0 0
car 0.0 0 0 218 268 227 284 0 0 0 0 0 0 0
car 0.0 0 0 205 269 214 282 0 0 0 0 0 0 0
car 0.0 0 0 193 256 205 266 0 0 0 0 0 0 0
car 0.0 0 0 120 318 129 333 0 0 0 0 0 0 0
car 0.0 0 0 36 262 51 271 0 0 0 0 0 0 0
car 0.0 0 0 16 265 33 271 0 0 0 0 0 0 0
car 0.111111111111 0 0 0 267 16 276 0 0 0 0 0 0 0
car 0.0 0 0 58 256 74 265 0 0 0 0 0 0 0
car 0.0 0 0 36 302 46 315 0 0 0 0 0 0 0
car 0.0 0 0 3 291 17 299 0 0 0 0 0 0 0
car 0.0 0 0 21 300 30 319 0 0 0 0 0 0 0
car 0.0 0 0 69 283 83 292 0 0 0 0 0 0 0
