car 0.916666666667 0 0 0 102 1 118 0 0 0 0 0 0 0
car 0.0 0 0 70 246 79 265 0 0 0 0 0 0 0
car 0.0 0 0 3 177 22 190 0 0 0 0 0 0 0
car 1.0 0 0 220 0 238 0 0 0 0 0 0 0 0
car 0.0 0 0 225 3 241 14 0 0 0 0 0 0 0
car 0.125 0 0 186 0 197 7 0 0 0 0 0 0 0
car 0.0 0 0 155 19 166 33 0 0 0 0 0 0 0
car 0.0 0 0 229 48 241 59 0 0 0 0 0 0 0
car 0.0 0 0 179 57 193 66 0 0 0 0 0 0 0
car 0.0 0 0 182 65 200 72 0 0 0 0 0 0 0
car 0.0 0 0 187 74 200 80 0 0 0 0 0 0 0
car 0.0 0 0 205 91 214 106 0 0 0 0 0 0 0
car 0.0 0 0 187 104 193 114 0 0 0 0 0 0 0
car 0.0 0 0 317 306 331 317 0 0 0 0 0 0 0
car 0.0 0 0 313 339 322 345 0 0 0 0 0 0 0
car 0.0 0 0 298 341 308 347 0 0 0 0 0 0 0
car 0.0 0 0 285 344 294 349 0 0 0 0 0 0 0
car 0.0666666666667 0 0 110 338 117 352 0 0 0 0 0 0 0
car 0.142857142857 0 0 102 340 109 352 0 0 0 0 0 0 0
car 1.0 0 0 0 238 0 246 0 0 0 0 0 0 0
car 0.0 0 0 17 264 27 279 0 0 0 0 0 0 0
car 0.0 0 0 323 249 330 260 0 0 0 0 0 0 0
car 0.888888888889 0 0 351 299 352 311 0 0 0 0 0 0 0
car 0.1875 0 0 339 332 352 341 0 0 0 0 0 0 0
car 0.0 0 0 205 321 214 336 0 0 0 0 0 0 0
car 0.0 0 0 169 331 185 344 0 0 0 0 0 0 0
car 0.0 0 0 139 333 149 345 0 0 0 0 0 0 0
