car 0.0 0 0 328 315 338 331 0 0 0 0 0 0 0
car 0.0 0 0 232 265 242 278 0 0 0 0 0 0 0
car 0.0 0 0 232 248 241 263 0 0 0 0 0 0 0
car 0.0 0 0 207 119 216 134 0 0 0 0 0 0 0
car 0.625 0 0 196 0 203 6 0 0 0 0 0 0 0
car 0.0 0 0 13 64 23 80 0 0 0 0 0 0 0
car 0.0 0 0 217 121 224 131 0 0 0 0 0 0 0
car 0.0 0 0 213 100 219 109 0 0 0 0 0 0 0
car 0.0 0 0 229 111 236 126 0 0 0 0 0 0 0
car 0.0 0 0 210 143 219 156 0 0 0 0 0 0 0
car 0.0 0 0 238 157 244 165 0 0 0 0 0 0 0
car 0.0 0 0 242 170 247 179 0 0 0 0 0 0 0
car 0.0 0 0 218 179 224 191 0 0 0 0 0 0 0
car 0.0 0 0 217 166 223 175 0 0 0 0 0 0 0
car 0.0 0 0 223 197 230 210 0 0 0 0 0 0 0
car 0.0 0 0 246 207 256 223 0 0 0 0 0 0 0
car 0.0 0 0 256 251 264 268 0 0 0 0 0 0 0
car 0.0 0 0 243 247 254 265 0 0 0 0 0 0 0
car 0.222222222222 0 0 0 69 7 83 0 0 0 0 0 0 0
car 0.0 0 0 15 8 31 17 0 0 0 0 0 0 0
car 0.0 0 0 233 200 240 212 0 0 0 0 0 0 0
car 0.0 0 0 228 226 234 238 0 0 0 0 0 0 0
