car 0.0 0 0 196 314 203 330 0 0 0 0 0 0 0
car 0.0 0 0 199 299 208 313 0 0 0 0 0 0 0
car 0.0 0 0 235 287 248 294 0 0 0 0 0 0 0
car 0.0 0 0 287 264 301 270 0 0 0 0 0 0 0
car 0.0 0 0 334 157 342 172 0 0 0 0 0 0 0
car 0.0 0 0 335 147 343 156 0 0 0 0 0 0 0
car 0.0 0 0 327 268 339 277 0 0 0 0 0 0 0
car 0.0 0 0 298 271 318 283 0 0 0 0 0 0 0
car 0.0 0 0 263 279 281 289 0 0 0 0 0 0 0
car 0.0 0 0 188 262 198 276 0 0 0 0 0 0 0
car 0.4 0 0 120 0 129 9 0 0 0 0 0 0 0
car 0.0 0 0 162 82 168 96 0 0 0 0 0 0 0
car 0.0 0 0 165 101 171 112 0 0 0 0 0 0 0
car 0.0 0 0 152 158 160 173 0 0 0 0 0 0 0
car 0.0 0 0 148 144 157 156 0 0 0 0 0 0 0
car 0.0 0 0 125 30 133 43 0 0 0 0 0 0 0
car 0.0 0 0 156 66 166 81 0 0 0 0 0 0 0
car 0.5 0 0 0 306 7 317 0 0 0 0 0 0 0
car 0.0 0 0 138 87 144 98 0 0 0 0 0 0 0
car 0.0 0 0 134 77 141 88 0 0 0 0 0 0 0
car 0.142857142857 0 0 0 249 6 260 0 0 0 0 0 0 0
car 0.0 0 0 55 291 68 306 0 0 0 0 0 0 0
car 0.0 0 0 27 299 36 311 0 0 0 0 0 0 0
car 0.0 0 0 15 332 31 341 0 0 0 0 0 0 0
