car 0.0 0 0 313 102 325 118 0 0 0 0 0 0 0
car 0.0 0 0 327 177 346 190 0 0 0 0 0 0 0
car 0.0 0 0 243 7 263 18 0 0 0 0 0 0 0
car 0.0 0 0 310 246 320 255 0 0 0 0 0 0 0
car 0.0 0 0 308 238 324 246 0 0 0 0 0 0 0
car 0.0 0 0 274 126 281 140 0 0 0 0 0 0 0
car 0.0 0 0 341 264 351 279 0 0 0 0 0 0 0
car 0.0 0 0 59 45 73 54 0 0 0 0 0 0 0
car 0.0 0 0 107 56 122 65 0 0 0 0 0 0 0
car 0.0 0 0 96 316 104 331 0 0 0 0 0 0 0
car 0.5 0 0 69 344 78 352 0 0 0 0 0 0 0
car 0.0 0 0 276 145 290 153 0 0 0 0 0 0 0
car 0.0 0 0 278 153 292 162 0 0 0 0 0 0 0
car 0.0 0 0 305 214 321 225 0 0 0 0 0 0 0
car 0.0 0 0 54 256 60 269 0 0 0 0 0 0 0
car 0.0 0 0 82 248 89 260 0 0 0 0 0 0 0
car 0.0 0 0 92 297 100 310 0 0 0 0 0 0 0
car 0.0 0 0 158 286 171 298 0 0 0 0 0 0 0
car 0.0 0 0 149 287 160 300 0 0 0 0 0 0 0
car 0.0 0 0 55 64 64 77 0 0 0 0 0 0 0
car 0.0 0 0 63 202 71 216 0 0 0 0 0 0 0
car 0.0 0 0 74 199 81 209 0 0 0 0 0 0 0
car 0.0 0 0 49 233 57 246 0 0 0 0 0 0 0
car 0.0 0 0 188 16 203 23 0 0 0 0 0 0 0
