car 0.0 0 0 333 281 342 297 0 0 0 0 0 0 0
car 0.0 0 0 326 248 337 267 0 0 0 0 0 0 0
car 0.0 0 0 331 218 342 233 0 0 0 0 0 0 0
car 0.0 0 0 336 241 347 259 0 0 0 0 0 0 0
car 0.0 0 0 311 235 321 248 0 0 0 0 0 0 0
car 0.0 0 0 316 208 324 224 0 0 0 0 0 0 0
car 0.0 0 0 305 202 313 218 0 0 0 0 0 0 0
car 0.0 0 0 302 183 309 197 0 0 0 0 0 0 0
car 0.0 0 0 320 161 330 180 0 0 0 0 0 0 0
car 0.0 0 0 298 167 305 179 0 0 0 0 0 0 0
car 0.0 0 0 309 221 317 229 0 0 0 0 0 0 0
car 0.0 0 0 316 146 326 162 0 0 0 0 0 0 0
car 0.0 0 0 321 86 335 95 0 0 0 0 0 0 0
car 0.0 0 0 324 78 340 88 0 0 0 0 0 0 0
car 0.0 0 0 315 125 323 139 0 0 0 0 0 0 0
car 0.0 0 0 332 69 348 80 0 0 0 0 0 0 0
car 0.0 0 0 172 196 180 209 0 0 0 0 0 0 0
car 0.0 0 0 203 95 222 104 0 0 0 0 0 0 0
car 0.0 0 0 269 80 286 96 0 0 0 0 0 0 0
car 0.0 0 0 296 72 303 82 0 0 0 0 0 0 0
car 0.0 0 0 103 132 113 138 0 0 0 0 0 0 0
car 0.0 0 0 297 143 304 152 0 0 0 0 0 0 0
car 0.0 0 0 299 127 305 135 0 0 0 0 0 0 0
car 0.0 0 0 215 127 225 137 0 0 0 0 0 0 0
car 0.0 0 0 234 120 242 133 0 0 0 0 0 0 0
car 0.0 0 0 242 120 249 130 0 0 0 0 0 0 0
car 0.0 0 0 124 89 130 101 0 0 0 0 0 0 0
car 0.0 0 0 137 85 148 92 0 0 0 0 0 0 0
car 0.0 0 0 142 90 154 97 0 0 0 0 0 0 0
car 0.0 0 0 118 42 130 56 0 0 0 0 0 0 0
car 0.0 0 0 175 134 181 147 0 0 0 0 0 0 0
car 0.0 0 0 320 268 328 278 0 0 0 0 0 0 0
car 0.0 0 0 38 126 55 132 0 0 0 0 0 0 0
car 0.428571428571 0 0 0 164 4 175 0 0 0 0 0 0 0
car 0.0 0 0 38 156 46 168 0 0 0 0 0 0 0
car 0.0 0 0 49 158 54 168 0 0 0 0 0 0 0
car 0.0 0 0 77 153 86 162 0 0 0 0 0 0 0
car 0.0 0 0 104 149 110 157 0 0 0 0 0 0 0
car 0.0 0 0 93 150 99 157 0 0 0 0 0 0 0
car 0.0 0 0 120 131 130 137 0 0 0 0 0 0 0
car 0.0 0 0 139 107 153 114 0 0 0 0 0 0 0
car 0.384615384615 0 0 0 128 8 136 0 0 0 0 0 0 0
car 0.0 0 0 26 159 37 173 0 0 0 0 0 0 0
car 0.0 0 0 11 163 17 174 0 0 0 0 0 0 0
car 0.0 0 0 337 308 345 321 0 0 0 0 0 0 0
car nan 0 0 188 104 188 104 0 0 0 0 0 0 0
