car 0.0 0 0 341 97 352 117 0 0 0 0 0 0 0
car 0.0 0 0 147 9 153 25 0 0 0 0 0 0 0
car 0.0 0 0 175 153 186 161 0 0 0 0 0 0 0
car 0.0 0 0 159 110 169 128 0 0 0 0 0 0 0
car 0.0 0 0 167 323 177 343 0 0 0 0 0 0 0
car 0.428571428571 0 0 30 0 39 8 0 0 0 0 0 0 0
car 0.0 0 0 35 12 43 26 0 0 0 0 0 0 0
car 0.0 0 0 108 59 118 80 0 0 0 0 0 0 0
car 0.0 0 0 115 108 126 128 0 0 0 0 0 0 0
car 0.0 0 0 129 123 137 139 0 0 0 0 0 0 0
car 0.0 0 0 120 166 135 179 0 0 0 0 0 0 0
car 0.0 0 0 83 194 101 204 0 0 0 0 0 0 0
car 0.0 0 0 55 199 70 209 0 0 0 0 0 0 0
car 0.0 0 0 111 211 121 229 0 0 0 0 0 0 0
car 0.0 0 0 153 192 159 209 0 0 0 0 0 0 0
car 0.0 0 0 25 203 45 213 0 0 0 0 0 0 0
