car 0.0 0 0 82 89 92 104 0 0 0 0 0 0 0
car 0.0 0 0 17 97 28 117 0 0 0 0 0 0 0
car 0.0 0 0 33 110 45 120 0 0 0 0 0 0 0
car 0.0 0 0 29 94 36 109 0 0 0 0 0 0 0
car 0.0 0 0 70 134 85 143 0 0 0 0 0 0 0
car 0.0 0 0 332 93 344 98 0 0 0 0 0 0 0
car 0.0 0 0 312 95 322 101 0 0 0 0 0 0 0
car 0.0 0 0 266 101 283 107 0 0 0 0 0 0 0
car 0.0 0 0 249 73 265 82 0 0 0 0 0 0 0
car 0.0 0 0 287 99 303 106 0 0 0 0 0 0 0
car 0.0 0 0 179 86 187 101 0 0 0 0 0 0 0
car 0.0 0 0 191 260 207 267 0 0 0 0 0 0 0
car 0.0 0 0 236 318 242 329 0 0 0 0 0 0 0
car 0.0 0 0 199 183 206 193 0 0 0 0 0 0 0
car 0.0 0 0 134 91 149 107 0 0 0 0 0 0 0
car 0.0 0 0 119 84 126 95 0 0 0 0 0 0 0
car 0.0 0 0 111 84 118 95 0 0 0 0 0 0 0
car 0.0 0 0 94 132 111 139 0 0 0 0 0 0 0
car 0.0 0 0 159 86 168 99 0 0 0 0 0 0 0
car 0.0 0 0 72 213 80 227 0 0 0 0 0 0 0
