car 0.0 0 0 59 87 71 101 0 0 0 0 0 0 0
car 0.0 0 0 286 308 296 321 0 0 0 0 0 0 0
car 0.0 0 0 281 272 291 286 0 0 0 0 0 0 0
car 0.0 0 0 276 310 284 322 0 0 0 0 0 0 0
car 0.0 0 0 277 255 286 268 0 0 0 0 0 0 0
car 0.0 0 0 265 190 274 206 0 0 0 0 0 0 0
car 0.0 0 0 284 205 300 212 0 0 0 0 0 0 0
car 0.0 0 0 233 182 247 197 0 0 0 0 0 0 0
car 0.0 0 0 233 162 245 176 0 0 0 0 0 0 0
car 0.0 0 0 249 115 259 126 0 0 0 0 0 0 0
car 0.0 0 0 223 51 233 62 0 0 0 0 0 0 0
car 0.0 0 0 107 48 121 55 0 0 0 0 0 0 0
car 0.0 0 0 127 38 138 53 0 0 0 0 0 0 0
car 0.0 0 0 40 52 52 65 0 0 0 0 0 0 0
car 0.0 0 0 157 67 169 74 0 0 0 0 0 0 0
car 0.0 0 0 270 49 284 56 0 0 0 0 0 0 0
car 0.0 0 0 223 94 231 106 0 0 0 0 0 0 0
car 0.0 0 0 8 93 20 98 0 0 0 0 0 0 0
car 0.0 0 0 91 46 100 60 0 0 0 0 0 0 0
car 0.0 0 0 302 30 312 37 0 0 0 0 0 0 0
car 0.0 0 0 307 41 322 49 0 0 0 0 0 0 0
car 0.0 0 0 222 5 227 14 0 0 0 0 0 0 0
car 0.0 0 0 168 45 178 52 0 0 0 0 0 0 0
car 0.0 0 0 245 204 252 215 0 0 0 0 0 0 0
car 0.0 0 0 272 227 280 236 0 0 0 0 0 0 0
car 0.0 0 0 260 253 266 263 0 0 0 0 0 0 0
car 0.0 0 0 78 47 92 59 0 0 0 0 0 0 0
car 0.0 0 0 306 203 323 216 0 0 0 0 0 0 0
