car 0.0 0 0 147 333 153 349 0 0 0 0 0 0 0
car 0.0 0 0 120 290 131 302 0 0 0 0 0 0 0
car 0.0 0 0 21 268 28 283 0 0 0 0 0 0 0
car 0.0 0 0 24 288 31 300 0 0 0 0 0 0 0
car 0.0 0 0 27 302 35 316 0 0 0 0 0 0 0
car 0.0 0 0 30 318 39 332 0 0 0 0 0 0 0
car 0.0 0 0 35 336 43 350 0 0 0 0 0 0 0
car 0.0 0 0 39 191 44 206 0 0 0 0 0 0 0
car 0.0 0 0 40 208 47 222 0 0 0 0 0 0 0
car 0.0 0 0 41 225 49 238 0 0 0 0 0 0 0
car 0.0 0 0 44 240 53 254 0 0 0 0 0 0 0
car 0.0 0 0 48 256 56 270 0 0 0 0 0 0 0
car 0.0 0 0 51 271 60 285 0 0 0 0 0 0 0
car 0.0 0 0 299 174 308 189 0 0 0 0 0 0 0
car 0.0 0 0 271 117 284 125 0 0 0 0 0 0 0
car 0.0 0 0 272 171 290 200 0 0 0 0 0 0 0
car 0.0 0 0 67 166 74 177 0 0 0 0 0 0 0
car 0.0 0 0 12 143 33 155 0 0 0 0 0 0 0
car 0.0 0 0 31 112 40 127 0 0 0 0 0 0 0
car 0.0 0 0 30 153 46 163 0 0 0 0 0 0 0
