car 0.0 0 0 95 164 107 170 0 0 0 0 0 0 0
car 0.0 0 0 310 104 317 114 0 0 0 0 0 0 0
car 0.0 0 0 281 318 297 325 0 0 0 0 0 0 0
car 0.0 0 0 271 323 288 330 0 0 0 0 0 0 0
car 0.0 0 0 273 333 289 340 0 0 0 0 0 0 0
car 0.0 0 0 123 218 139 229 0 0 0 0 0 0 0
car 0.0 0 0 288 291 309 302 0 0 0 0 0 0 0
car 0.0 0 0 91 256 125 271 0 0 0 0 0 0 0
car 0.0 0 0 175 306 204 319 0 0 0 0 0 0 0
car 0.0 0 0 288 281 312 294 0 0 0 0 0 0 0
car 0.0 0 0 281 303 301 315 0 0 0 0 0 0 0
car 0.0 0 0 169 315 199 328 0 0 0 0 0 0 0
