car 0.0 0 0 128 190 143 202 0 0 0 0 0 0 0
car 0.0 0 0 114 236 127 248 0 0 0 0 0 0 0
car 0.0 0 0 70 228 82 241 0 0 0 0 0 0 0
car 0.0 0 0 96 212 110 222 0 0 0 0 0 0 0
car 0.0 0 0 114 255 125 267 0 0 0 0 0 0 0
car 0.0 0 0 57 248 69 258 0 0 0 0 0 0 0
car 0.0 0 0 80 267 93 279 0 0 0 0 0 0 0
car 0.0 0 0 289 250 308 266 0 0 0 0 0 0 0
car 0.0 0 0 240 208 259 225 0 0 0 0 0 0 0
car 0.0 0 0 126 247 137 258 0 0 0 0 0 0 0
car 0.0 0 0 253 290 265 302 0 0 0 0 0 0 0
car 0.0 0 0 308 239 321 251 0 0 0 0 0 0 0
car 0.0 0 0 242 262 255 273 0 0 0 0 0 0 0
car 0.0 0 0 313 118 329 132 0 0 0 0 0 0 0
car 0.5 0 0 344 154 352 170 0 0 0 0 0 0 0
car 0.0 0 0 319 184 333 199 0 0 0 0 0 0 0
car 0.0 0 0 309 198 319 211 0 0 0 0 0 0 0
car 0.0 0 0 300 209 310 221 0 0 0 0 0 0 0
car 0.0 0 0 334 138 346 149 0 0 0 0 0 0 0
car 0.0526315789474 0 0 137 316 189 352 0 0 0 0 0 0 0
car 0.0 0 0 196 286 226 309 0 0 0 0 0 0 0
car 0.0 0 0 91 216 106 229 0 0 0 0 0 0 0
