car 0.0 0 0 306 265 319 273 0 0 0 0 0 0 0
car 0.0 0 0 306 258 318 265 0 0 0 0 0 0 0
car 0.0 0 0 123 145 135 153 0 0 0 0 0 0 0
car 0.0 0 0 124 139 136 145 0 0 0 0 0 0 0
car 0.0 0 0 130 123 143 128 0 0 0 0 0 0 0
car 0.0 0 0 131 116 145 123 0 0 0 0 0 0 0
car 0.0 0 0 133 98 144 104 0 0 0 0 0 0 0
car 0.0 0 0 81 78 88 92 0 0 0 0 0 0 0
car 0.0 0 0 90 79 98 94 0 0 0 0 0 0 0
car 0.0 0 0 190 90 206 98 0 0 0 0 0 0 0
car 0.0 0 0 190 107 204 116 0 0 0 0 0 0 0
car 0.0 0 0 185 136 198 144 0 0 0 0 0 0 0
car 0.0 0 0 246 135 258 142 0 0 0 0 0 0 0
car 0.0 0 0 276 154 290 160 0 0 0 0 0 0 0
car 0.0 0 0 274 159 289 167 0 0 0 0 0 0 0
car 0.0 0 0 289 174 303 183 0 0 0 0 0 0 0
car 0.0 0 0 271 178 285 186 0 0 0 0 0 0 0
car 0.0 0 0 284 192 295 199 0 0 0 0 0 0 0
car 0.0 0 0 264 201 280 208 0 0 0 0 0 0 0
car 0.0 0 0 281 204 293 211 0 0 0 0 0 0 0
car 0.0 0 0 264 206 281 215 0 0 0 0 0 0 0
car 0.0 0 0 278 217 291 223 0 0 0 0 0 0 0
car 0.0 0 0 259 217 274 225 0 0 0 0 0 0 0
car 0.0 0 0 274 232 290 241 0 0 0 0 0 0 0
car 0.0 0 0 254 242 268 249 0 0 0 0 0 0 0
car 0.0 0 0 96 283 110 293 0 0 0 0 0 0 0
car 0.857142857143 0 0 281 0 297 1 0 0 0 0 0 0 0
car 0.142857142857 0 0 271 0 288 6 0 0 0 0 0 0 0
car 0.0 0 0 273 9 289 16 0 0 0 0 0 0 0
car 0.0 0 0 247 29 257 44 0 0 0 0 0 0 0
car 0.0 0 0 263 85 272 99 0 0 0 0 0 0 0
car 0.0 0 0 257 84 265 98 0 0 0 0 0 0 0
car 0.0 0 0 250 83 259 96 0 0 0 0 0 0 0
car 0.0 0 0 289 91 300 108 0 0 0 0 0 0 0
car 0.0 0 0 41 116 95 133 0 0 0 0 0 0 0
car 0.0 0 0 51 156 72 193 0 0 0 0 0 0 0
car 0.0 0 0 30 293 56 305 0 0 0 0 0 0 0
car 0.692307692308 0 0 169 0 199 4 0 0 0 0 0 0 0
