car 0.0 0 0 177 127 189 139 0 0 0 0 0 0 0
car 0.0 0 0 184 132 193 143 0 0 0 0 0 0 0
car 0.0 0 0 188 136 199 148 0 0 0 0 0 0 0
car 0.0 0 0 221 144 230 154 0 0 0 0 0 0 0
car 0.0 0 0 280 198 293 209 0 0 0 0 0 0 0
car 0.0 0 0 272 208 283 217 0 0 0 0 0 0 0
car 0.0 0 0 268 212 279 222 0 0 0 0 0 0 0
car 0.0 0 0 262 217 273 227 0 0 0 0 0 0 0
car 0.0 0 0 298 202 312 213 0 0 0 0 0 0 0
car 0.0 0 0 294 206 303 216 0 0 0 0 0 0 0
car 0.0 0 0 284 216 295 227 0 0 0 0 0 0 0
car 0.0 0 0 279 220 290 230 0 0 0 0 0 0 0
car 0.0 0 0 274 226 286 236 0 0 0 0 0 0 0
car 0.0 0 0 328 331 342 342 0 0 0 0 0 0 0
car 0.0 0 0 334 327 347 336 0 0 0 0 0 0 0
car 0.0 0 0 338 323 351 332 0 0 0 0 0 0 0
