car 0.0 0 0 268 272 282 278 0 0 0 0 0 0 0
car 0.0 0 0 309 306 323 313 0 0 0 0 0 0 0
car 0.0 0 0 331 244 345 251 0 0 0 0 0 0 0
car 0.0 0 0 279 300 295 305 0 0 0 0 0 0 0
car 0.0 0 0 306 322 321 330 0 0 0 0 0 0 0
car 0.0 0 0 326 303 342 310 0 0 0 0 0 0 0
car 0.0 0 0 327 324 340 330 0 0 0 0 0 0 0
car 0.0 0 0 284 281 302 287 0 0 0 0 0 0 0
car 0.0 0 0 261 300 278 306 0 0 0 0 0 0 0
car 0.0 0 0 324 315 341 322 0 0 0 0 0 0 0
car 0.0 0 0 263 285 281 290 0 0 0 0 0 0 0
car 0.85 0 0 0 192 3 203 0 0 0 0 0 0 0
car 0.0 0 0 308 314 324 322 0 0 0 0 0 0 0
car 0.0 0 0 281 290 297 297 0 0 0 0 0 0 0
car 0.0 0 0 261 307 277 312 0 0 0 0 0 0 0
car 0.0 0 0 278 310 290 315 0 0 0 0 0 0 0
