car 0.0 0 0 175 346 188 351 0 0 0 0 0 0 0
car 0.0 0 0 141 343 153 347 0 0 0 0 0 0 0
car 0.0 0 0 96 331 111 337 0 0 0 0 0 0 0
car 0.0 0 0 7 244 21 251 0 0 0 0 0 0 0
car 0.0 0 0 122 240 135 247 0 0 0 0 0 0 0
car 0.0 0 0 97 324 112 330 0 0 0 0 0 0 0
car 0.0 0 0 180 334 191 339 0 0 0 0 0 0 0
car 0.0 0 0 82 310 100 317 0 0 0 0 0 0 0
car 0.0 0 0 34 311 51 317 0 0 0 0 0 0 0
car 0.0 0 0 2 303 18 310 0 0 0 0 0 0 0
car 0.0 0 0 287 277 301 283 0 0 0 0 0 0 0
car 0.0 0 0 41 303 54 309 0 0 0 0 0 0 0
car 0.0 0 0 3 324 16 330 0 0 0 0 0 0 0
car 0.0 0 0 146 337 160 343 0 0 0 0 0 0 0
car 0.0 0 0 147 332 163 337 0 0 0 0 0 0 0
car 0.0 0 0 0 315 17 322 0 0 0 0 0 0 0
car 0.0 0 0 77 321 99 327 0 0 0 0 0 0 0
car 1.0 0 0 0 314 0 322 0 0 0 0 0 0 0
car 0.0 0 0 99 319 113 324 0 0 0 0 0 0 0
car 0.0 0 0 177 340 190 345 0 0 0 0 0 0 0
car 0.0 0 0 79 333 93 341 0 0 0 0 0 0 0
car 0.0 0 0 258 286 272 293 0 0 0 0 0 0 0
car 0.0 0 0 59 236 75 245 0 0 0 0 0 0 0
car 0.0 0 0 194 341 207 346 0 0 0 0 0 0 0
car 0.0 0 0 284 293 297 299 0 0 0 0 0 0 0
car 0.0 0 0 31 320 46 327 0 0 0 0 0 0 0
