car 0.0 0 0 124 255 137 268 0 0 0 0 0 0 0
car 0.0 0 0 166 272 177 282 0 0 0 0 0 0 0
car 0.0 0 0 133 245 145 257 0 0 0 0 0 0 0
car 0.0 0 0 145 234 154 244 0 0 0 0 0 0 0
car 0.0 0 0 153 223 164 234 0 0 0 0 0 0 0
car 0.0 0 0 165 212 175 222 0 0 0 0 0 0 0
car 0.0 0 0 181 225 190 236 0 0 0 0 0 0 0
car 0.0 0 0 191 253 204 264 0 0 0 0 0 0 0
car 0.0 0 0 200 258 211 270 0 0 0 0 0 0 0
car 0.0 0 0 175 200 184 209 0 0 0 0 0 0 0
car 0.0 0 0 185 186 196 200 0 0 0 0 0 0 0
car 0.0 0 0 198 236 206 246 0 0 0 0 0 0 0
car 0.0 0 0 203 240 214 251 0 0 0 0 0 0 0
car 0.0 0 0 202 202 211 212 0 0 0 0 0 0 0
car 0.0 0 0 207 203 217 215 0 0 0 0 0 0 0
car 0.0 0 0 214 189 223 201 0 0 0 0 0 0 0
car 0.0 0 0 213 207 225 219 0 0 0 0 0 0 0
car 0.0 0 0 220 211 230 223 0 0 0 0 0 0 0
car 0.0 0 0 196 175 207 184 0 0 0 0 0 0 0
car 0.0 0 0 218 191 228 205 0 0 0 0 0 0 0
car 0.0 0 0 225 196 237 209 0 0 0 0 0 0 0
car 0.0 0 0 204 163 216 173 0 0 0 0 0 0 0
car 0.0 0 0 215 152 224 163 0 0 0 0 0 0 0
car 0.0 0 0 315 99 329 110 0 0 0 0 0 0 0
car 0.0 0 0 298 89 310 101 0 0 0 0 0 0 0
car 0.0 0 0 295 105 305 115 0 0 0 0 0 0 0
car 0.0 0 0 287 101 302 111 0 0 0 0 0 0 0
car 0.0 0 0 261 98 276 111 0 0 0 0 0 0 0
car 0.0 0 0 253 109 263 120 0 0 0 0 0 0 0
car 0.0 0 0 242 122 250 134 0 0 0 0 0 0 0
car 0.0 0 0 225 139 236 150 0 0 0 0 0 0 0
car 0.0 0 0 328 121 342 135 0 0 0 0 0 0 0
car 0.0 0 0 312 110 320 119 0 0 0 0 0 0 0
car 0.0 0 0 302 108 312 119 0 0 0 0 0 0 0
car 0.0 0 0 335 128 346 137 0 0 0 0 0 0 0
car 0.0 0 0 336 159 344 168 0 0 0 0 0 0 0
car 0.0 0 0 328 156 339 167 0 0 0 0 0 0 0
car 0.0 0 0 321 152 332 163 0 0 0 0 0 0 0
car 0.0 0 0 296 133 308 144 0 0 0 0 0 0 0
car 0.0 0 0 284 129 294 138 0 0 0 0 0 0 0
car 0.0 0 0 274 126 286 139 0 0 0 0 0 0 0
car 0.0 0 0 271 122 280 131 0 0 0 0 0 0 0
car 0.0 0 0 261 132 273 143 0 0 0 0 0 0 0
car 0.0 0 0 272 138 284 148 0 0 0 0 0 0 0
car 0.0 0 0 282 142 292 150 0 0 0 0 0 0 0
car 0.0 0 0 286 146 300 157 0 0 0 0 0 0 0
car 0.0 0 0 306 159 317 170 0 0 0 0 0 0 0
car 0.0 0 0 314 164 324 173 0 0 0 0 0 0 0
car 0.0 0 0 319 167 329 175 0 0 0 0 0 0 0
car 0.0 0 0 247 157 259 169 0 0 0 0 0 0 0
car 0.0 0 0 260 164 270 172 0 0 0 0 0 0 0
car 0.0 0 0 280 176 295 189 0 0 0 0 0 0 0
car 0.0 0 0 288 181 298 191 0 0 0 0 0 0 0
car 0.0 0 0 322 204 334 212 0 0 0 0 0 0 0
car 0.0 0 0 328 207 339 216 0 0 0 0 0 0 0
car 0.0 0 0 230 166 244 177 0 0 0 0 0 0 0
car 0.0 0 0 239 168 251 177 0 0 0 0 0 0 0
car 0.0 0 0 245 170 258 183 0 0 0 0 0 0 0
car 0.0 0 0 253 174 264 183 0 0 0 0 0 0 0
car 0.0 0 0 257 176 270 189 0 0 0 0 0 0 0
car 0.0 0 0 270 187 283 202 0 0 0 0 0 0 0
car 0.0 0 0 284 196 298 208 0 0 0 0 0 0 0
car 0.0 0 0 291 200 302 211 0 0 0 0 0 0 0
car 0.0 0 0 295 204 305 214 0 0 0 0 0 0 0
car 0.0 0 0 259 216 270 224 0 0 0 0 0 0 0
car 0.0 0 0 264 220 277 230 0 0 0 0 0 0 0
car 0.0 0 0 270 224 281 234 0 0 0 0 0 0 0
car 0.0 0 0 227 214 236 224 0 0 0 0 0 0 0
car 0.32 0 0 26 0 53 17 0 0 0 0 0 0 0
car 0.0 0 0 179 282 193 295 0 0 0 0 0 0 0
car 0.0 0 0 320 67 330 72 0 0 0 0 0 0 0
car 0.0 0 0 294 50 305 58 0 0 0 0 0 0 0
car 0.0 0 0 270 74 281 83 0 0 0 0 0 0 0
car 0.0 0 0 326 76 332 82 0 0 0 0 0 0 0
car 0.0 0 0 297 44 310 51 0 0 0 0 0 0 0
car 0.0 0 0 327 72 334 76 0 0 0 0 0 0 0
car 0.0 0 0 334 59 344 71 0 0 0 0 0 0 0
car 0.0 0 0 328 55 336 66 0 0 0 0 0 0 0
car 0.0 0 0 272 67 285 76 0 0 0 0 0 0 0
car 0.0 0 0 290 54 298 62 0 0 0 0 0 0 0
