car 0.0 0 0 337 142 350 151 0 0 0 0 0 0 0
car 0.0 0 0 157 225 168 235 0 0 0 0 0 0 0
car 0.0 0 0 204 263 238 310 0 0 0 0 0 0 0
car 0.0 0 0 152 230 163 241 0 0 0 0 0 0 0
car 0.0 0 0 168 324 194 352 0 0 0 0 0 0 0
car 0.925925925926 0 0 350 316 352 341 0 0 0 0 0 0 0
car 0.0 0 0 254 62 264 71 0 0 0 0 0 0 0
car 0.0 0 0 277 60 286 70 0 0 0 0 0 0 0
car 0.0 0 0 304 87 315 97 0 0 0 0 0 0 0
car 0.0 0 0 152 283 195 323 0 0 0 0 0 0 0
car 0.0 0 0 279 53 290 61 0 0 0 0 0 0 0
car 0.0 0 0 257 79 268 90 0 0 0 0 0 0 0
car 0.0 0 0 258 31 268 39 0 0 0 0 0 0 0
car 0.0 0 0 311 84 326 92 0 0 0 0 0 0 0
car 0.0 0 0 303 112 316 123 0 0 0 0 0 0 0
car 0.0 0 0 298 68 309 81 0 0 0 0 0 0 0
car 0.0 0 0 261 45 273 55 0 0 0 0 0 0 0
car 0.0 0 0 325 144 337 150 0 0 0 0 0 0 0
car 0.0 0 0 288 75 299 85 0 0 0 0 0 0 0
car 0.0 0 0 248 229 273 252 0 0 0 0 0 0 0
