car 0.0 0 0 199 136 213 146 0 0 0 0 0 0 0
car 0.0 0 0 56 63 63 74 0 0 0 0 0 0 0
car 0.0 0 0 316 153 337 162 0 0 0 0 0 0 0
car 0.0 0 0 77 298 90 304 0 0 0 0 0 0 0
car 0.0 0 0 25 307 34 317 0 0 0 0 0 0 0
car 0.0 0 0 71 111 80 120 0 0 0 0 0 0 0
car 0.0 0 0 266 146 280 152 0 0 0 0 0 0 0
car 0.0 0 0 338 306 348 317 0 0 0 0 0 0 0
car 0.0 0 0 52 92 61 103 0 0 0 0 0 0 0
car 0.0 0 0 139 143 158 153 0 0 0 0 0 0 0
car 0.0 0 0 183 293 197 306 0 0 0 0 0 0 0
car 0.0 0 0 169 134 186 143 0 0 0 0 0 0 0
car 0.0 0 0 247 145 266 152 0 0 0 0 0 0 0
car 0.0 0 0 3 110 23 120 0 0 0 0 0 0 0
car 0.0 0 0 8 144 20 156 0 0 0 0 0 0 0
car 0.0 0 0 149 130 165 138 0 0 0 0 0 0 0
car 0.0 0 0 130 127 147 135 0 0 0 0 0 0 0
car 0.0 0 0 82 119 94 129 0 0 0 0 0 0 0
car 0.0 0 0 24 145 31 160 0 0 0 0 0 0 0
car 0.8125 0 0 0 121 3 128 0 0 0 0 0 0 0
car 0.0 0 0 32 277 40 292 0 0 0 0 0 0 0
car 0.0 0 0 294 213 309 218 0 0 0 0 0 0 0
car 0.0 0 0 272 210 286 215 0 0 0 0 0 0 0
car 0.0 0 0 55 77 64 88 0 0 0 0 0 0 0
car 0.0 0 0 341 143 349 158 0 0 0 0 0 0 0
car 0.0 0 0 26 111 40 117 0 0 0 0 0 0 0
car 0.0 0 0 1 141 7 156 0 0 0 0 0 0 0
car 0.0 0 0 111 124 124 131 0 0 0 0 0 0 0
car 0.0 0 0 94 137 113 145 0 0 0 0 0 0 0
