car 0.0 0 0 16 33 32 41 0 0 0 0 0 0 0
car 0.0 0 0 125 43 140 51 0 0 0 0 0 0 0
car 0.0 0 0 57 275 81 287 0 0 0 0 0 0 0
car 0.0 0 0 243 338 258 344 0 0 0 0 0 0 0
car 0.0 0 0 259 231 279 241 0 0 0 0 0 0 0
car 0.0 0 0 321 239 337 245 0 0 0 0 0 0 0
car 0.0 0 0 274 279 282 289 0 0 0 0 0 0 0
car 0.0 0 0 35 33 46 41 0 0 0 0 0 0 0
car 0.0 0 0 243 314 253 328 0 0 0 0 0 0 0
car 0.0 0 0 274 52 290 58 0 0 0 0 0 0 0
car 0.0 0 0 286 86 295 97 0 0 0 0 0 0 0
car 0.9583333333333334 0 0 0 202 1 214 0 0 0 0 0 0 0
car 0.0 0 0 302 235 316 241 0 0 0 0 0 0 0
car 0.0 0 0 274 65 294 76 0 0 0 0 0 0 0
