car 0.0 0 0 336 212 344 232 0 0 0 0 0 0 0
car 0.0 0 0 208 82 216 95 0 0 0 0 0 0 0
car 0.0 0 0 201 73 209 84 0 0 0 0 0 0 0
car 0.0 0 0 11 8 32 15 0 0 0 0 0 0 0
car 0.0 0 0 16 0 35 7 0 0 0 0 0 0 0
car 0.2222222222222222 0 0 1 0 17 7 0 0 0 0 0 0 0
car 0.0 0 0 72 338 86 345 0 0 0 0 0 0 0
car 0.0 0 0 55 15 67 21 0 0 0 0 0 0 0
car 0.0 0 0 185 275 193 291 0 0 0 0 0 0 0
car 0.0 0 0 110 340 131 350 0 0 0 0 0 0 0
car 0.0 0 0 89 15 106 24 0 0 0 0 0 0 0
car 0.0 0 0 57 37 66 50 0 0 0 0 0 0 0
car 0.0 0 0 282 12 298 18 0 0 0 0 0 0 0
car 0.0 0 0 185 263 193 276 0 0 0 0 0 0 0
car 0.0 0 0 43 342 55 349 0 0 0 0 0 0 0
car 0.0 0 0 66 226 79 234 0 0 0 0 0 0 0
car 0.0 0 0 248 8 261 15 0 0 0 0 0 0 0
car 0.125 0 0 39 0 58 7 0 0 0 0 0 0 0
car 0.0 0 0 297 20 316 28 0 0 0 0 0 0 0
car 0.0 0 0 335 278 341 293 0 0 0 0 0 0 0
car 0.5 0 0 67 0 83 3 0 0 0 0 0 0 0
car 0.0 0 0 268 10 281 19 0 0 0 0 0 0 0
car 0.0 0 0 307 12 318 21 0 0 0 0 0 0 0
car 0.0 0 0 334 260 342 276 0 0 0 0 0 0 0
car 0.0 0 0 192 211 201 221 0 0 0 0 0 0 0
car 0.0 0 0 90 30 102 42 0 0 0 0 0 0 0
car 0.0 0 0 194 0 208 10 0 0 0 0 0 0 0
car 0.0 0 0 80 228 99 235 0 0 0 0 0 0 0
car 0.08333333333333337 0 0 341 113 352 127 0 0 0 0 0 0 0
car 0.0 0 0 11 17 25 22 0 0 0 0 0 0 0
car 0.0 0 0 79 54 85 70 0 0 0 0 0 0 0
car 0.0 0 0 171 1 191 9 0 0 0 0 0 0 0
