car 0.0 0 0 12 212 20 232 0 0 0 0 0 0 0
car 0.0 0 0 215 162 221 174 0 0 0 0 0 0 0
car 0.0 0 0 214 176 221 190 0 0 0 0 0 0 0
car 0.0 0 0 212 192 221 207 0 0 0 0 0 0 0
car 0.0 0 0 228 4 236 16 0 0 0 0 0 0 0
car 0.0 0 0 330 57 343 66 0 0 0 0 0 0 0
car 0.0 0 0 223 12 230 24 0 0 0 0 0 0 0
car 0.0 0 0 262 54 275 65 0 0 0 0 0 0 0
car 0.0 0 0 223 94 242 110 0 0 0 0 0 0 0
car 0.0 0 0 146 31 164 42 0 0 0 0 0 0 0
car 0.0 0 0 61 20 73 28 0 0 0 0 0 0 0
car 0.0 0 0 204 329 210 343 0 0 0 0 0 0 0
car 0.0 0 0 303 54 320 66 0 0 0 0 0 0 0
car 0.0 0 0 275 52 294 61 0 0 0 0 0 0 0
car 0.0 0 0 99 28 116 34 0 0 0 0 0 0 0
car 0.0 0 0 241 47 263 58 0 0 0 0 0 0 0
car 0.0 0 0 236 20 245 35 0 0 0 0 0 0 0
car 0.0 0 0 11 278 17 293 0 0 0 0 0 0 0
car 0.0 0 0 204 309 212 326 0 0 0 0 0 0 0
car 0.0 0 0 165 39 185 48 0 0 0 0 0 0 0
car 0.0 0 0 10 260 18 276 0 0 0 0 0 0 0
car 0.0 0 0 28 71 52 83 0 0 0 0 0 0 0
car 0.0 0 0 81 24 94 32 0 0 0 0 0 0 0
car 0.0 0 0 17 113 29 127 0 0 0 0 0 0 0
car 0.0 0 0 192 39 212 53 0 0 0 0 0 0 0
car 0.0 0 0 31 88 42 106 0 0 0 0 0 0 0
