car 0.0 0 0 317 295 333 304 0 0 0 0 0 0 0
car 0.0 0 0 253 148 275 157 0 0 0 0 0 0 0
car 0.0 0 0 107 178 127 185 0 0 0 0 0 0 0
car 0.0 0 0 108 187 123 192 0 0 0 0 0 0 0
car 0.0 0 0 107 161 127 169 0 0 0 0 0 0 0
car 0.0 0 0 98 205 118 213 0 0 0 0 0 0 0
car 0.0 0 0 323 156 341 166 0 0 0 0 0 0 0
car 0.0 0 0 187 111 203 121 0 0 0 0 0 0 0
car 0.0 0 0 308 311 328 320 0 0 0 0 0 0 0
car 0.0 0 0 99 235 105 246 0 0 0 0 0 0 0
car 0.0 0 0 124 131 143 140 0 0 0 0 0 0 0
car 0.0 0 0 94 249 100 262 0 0 0 0 0 0 0
car 0.0 0 0 174 25 188 41 0 0 0 0 0 0 0
car 0.0 0 0 103 193 119 204 0 0 0 0 0 0 0
car 0.0 0 0 126 258 137 268 0 0 0 0 0 0 0
car 0.0 0 0 198 68 209 75 0 0 0 0 0 0 0
car 0.0 0 0 188 118 203 129 0 0 0 0 0 0 0
car 0.0 0 0 192 101 203 109 0 0 0 0 0 0 0
car 0.0 0 0 201 57 212 68 0 0 0 0 0 0 0
car 0.0 0 0 193 84 208 92 0 0 0 0 0 0 0
car 0.0 0 0 167 81 174 91 0 0 0 0 0 0 0
car 0.0 0 0 174 54 180 65 0 0 0 0 0 0 0
car 0.0 0 0 113 140 133 151 0 0 0 0 0 0 0
car 0.0 0 0 114 229 123 242 0 0 0 0 0 0 0
car 0.0 0 0 112 151 132 159 0 0 0 0 0 0 0
car 0.0 0 0 196 77 212 84 0 0 0 0 0 0 0
car 0.0 0 0 212 13 222 21 0 0 0 0 0 0 0
