car 0.0 0 0 297 1 315 7 0 0 0 0 0 0 0
car 0.0 0 0 228 328 236 340 0 0 0 0 0 0 0
car 0.0 0 0 224 237 237 256 0 0 0 0 0 0 0
car 0.0 0 0 102 74 120 82 0 0 0 0 0 0 0
car 0.0 0 0 224 269 233 286 0 0 0 0 0 0 0
car 0.0 0 0 223 336 230 348 0 0 0 0 0 0 0
car 0.0 0 0 247 67 253 82 0 0 0 0 0 0 0
car 0.0 0 0 237 135 245 151 0 0 0 0 0 0 0
car 0.0 0 0 61 344 73 352 0 0 0 0 0 0 0
car 0.0 0 0 231 218 239 233 0 0 0 0 0 0 0
car 0.4666666666666667 0 0 236 344 245 352 0 0 0 0 0 0 0
car 0.0 0 0 241 113 247 127 0 0 0 0 0 0 0
car 0.5 0 0 81 348 94 352 0 0 0 0 0 0 0
car 0.0 0 0 230 199 244 215 0 0 0 0 0 0 0
car 0.0 0 0 233 179 240 196 0 0 0 0 0 0 0
