car 0.0 0 0 195 213 214 219 0 0 0 0 0 0 0
car 0.0 0 0 251 117 262 131 0 0 0 0 0 0 0
car 0.0 0 0 239 21 247 34 0 0 0 0 0 0 0
car 0.0 0 0 236 40 249 54 0 0 0 0 0 0 0
car 0.0 0 0 217 93 232 101 0 0 0 0 0 0 0
car 0.0 0 0 29 318 43 326 0 0 0 0 0 0 0
car 0.0 0 0 124 78 136 85 0 0 0 0 0 0 0
car 0.0 0 0 191 223 208 233 0 0 0 0 0 0 0
car 0.0 0 0 1 315 21 321 0 0 0 0 0 0 0
car 0.0 0 0 230 296 239 307 0 0 0 0 0 0 0
car 0.0 0 0 167 218 183 227 0 0 0 0 0 0 0
car 0.0 0 0 90 54 104 59 0 0 0 0 0 0 0
car 0.0 0 0 231 312 237 326 0 0 0 0 0 0 0
car 0.0 0 0 230 254 243 268 0 0 0 0 0 0 0
car 0.0 0 0 58 49 76 54 0 0 0 0 0 0 0
car 0.0 0 0 231 274 239 290 0 0 0 0 0 0 0
car 0.0 0 0 232 239 241 253 0 0 0 0 0 0 0
car 0.0 0 0 240 6 248 17 0 0 0 0 0 0 0
