car 0.4375 0 0 0 295 9 304 0 0 0 0 0 0 0
car 0.0 0 0 72 165 92 172 0 0 0 0 0 0 0
car 0.0 0 0 52 160 69 169 0 0 0 0 0 0 0
car 0.05555555555555558 0 0 0 156 17 166 0 0 0 0 0 0 0
car 0.75 0 0 29 0 43 2 0 0 0 0 0 0 0
car 0.8 0 0 0 311 4 320 0 0 0 0 0 0 0
car 0.0 0 0 65 302 79 309 0 0 0 0 0 0 0
car 0.0 0 0 163 333 175 341 0 0 0 0 0 0 0
car 0.8571428571428572 0 0 231 0 237 2 0 0 0 0 0 0 0
car 0.0 0 0 182 335 198 344 0 0 0 0 0 0 0
car 0.0 0 0 335 90 348 95 0 0 0 0 0 0 0
car 0.0 0 0 79 324 93 333 0 0 0 0 0 0 0
car 0.0 0 0 338 97 350 101 0 0 0 0 0 0 0
