car 0.0 0 0 118 253 128 268 0 0 0 0 0 0 0
car 0.0 0 0 17 66 38 75 0 0 0 0 0 0 0
car 0.0 0 0 10 269 28 274 0 0 0 0 0 0 0
car 0.0 0 0 3 79 24 87 0 0 0 0 0 0 0
car 0.0 0 0 41 69 64 74 0 0 0 0 0 0 0
car 0.6666666666666667 0 0 349 307 352 317 0 0 0 0 0 0 0
car 0.0 0 0 174 117 188 133 0 0 0 0 0 0 0
car 0.0 0 0 93 93 111 102 0 0 0 0 0 0 0
car 0.0 0 0 262 99 279 110 0 0 0 0 0 0 0
car 0.0 0 0 327 110 347 120 0 0 0 0 0 0 0
car 0.0 0 0 170 84 185 92 0 0 0 0 0 0 0
car 0.0 0 0 332 144 344 156 0 0 0 0 0 0 0
car 0.0 0 0 125 83 145 90 0 0 0 0 0 0 0
car 0.0 0 0 303 140 310 154 0 0 0 0 0 0 0
car 0.0 0 0 271 118 289 124 0 0 0 0 0 0 0
car 0.0 0 0 99 319 113 335 0 0 0 0 0 0 0
car 0.0 0 0 181 98 198 105 0 0 0 0 0 0 0
car 0.4285714285714286 0 0 348 145 352 160 0 0 0 0 0 0 0
car 0.0 0 0 226 89 241 101 0 0 0 0 0 0 0
car 0.0 0 0 311 121 327 128 0 0 0 0 0 0 0
car 0.0 0 0 91 61 99 81 0 0 0 0 0 0 0
car 0.0 0 0 210 92 223 100 0 0 0 0 0 0 0
car 0.0 0 0 303 103 316 111 0 0 0 0 0 0 0
car 0.0 0 0 187 88 204 96 0 0 0 0 0 0 0
car 0.8571428571428572 0 0 350 111 352 117 0 0 0 0 0 0 0
car 0.0 0 0 325 141 331 156 0 0 0 0 0 0 0
car 0.0 0 0 205 110 229 121 0 0 0 0 0 0 0
car 0.0 0 0 225 124 239 141 0 0 0 0 0 0 0
