car 0.0 0 0 316 75 337 84 0 0 0 0 0 0 0
car 0.0 0 0 10 177 18 190 0 0 0 0 0 0 0
car 0.0 0 0 329 123 347 128 0 0 0 0 0 0 0
car 0.0 0 0 312 121 325 127 0 0 0 0 0 0 0
car 0.0 0 0 219 69 228 80 0 0 0 0 0 0 0
car 0.0 0 0 317 106 338 115 0 0 0 0 0 0 0
car 0.0 0 0 219 145 225 156 0 0 0 0 0 0 0
car 0.18181818181818177 0 0 0 172 9 185 0 0 0 0 0 0 0
car 0.0 0 0 224 100 232 118 0 0 0 0 0 0 0
car 0.0 0 0 219 13 232 35 0 0 0 0 0 0 0
car 0.0 0 0 54 113 72 120 0 0 0 0 0 0 0
car 0.0 0 0 211 83 222 100 0 0 0 0 0 0 0
car 0.6428571428571428 0 0 168 347 176 352 0 0 0 0 0 0 0
car 0.0 0 0 119 103 139 113 0 0 0 0 0 0 0
car 0.0 0 0 180 239 194 255 0 0 0 0 0 0 0
car 0.0 0 0 193 192 202 203 0 0 0 0 0 0 0
car 0.0 0 0 185 216 196 229 0 0 0 0 0 0 0
car 0.0 0 0 127 121 144 129 0 0 0 0 0 0 0
car 0.0 0 0 169 310 178 321 0 0 0 0 0 0 0
car 0.0 0 0 194 157 204 174 0 0 0 0 0 0 0
car 0.0 0 0 212 303 231 312 0 0 0 0 0 0 0
