car 0.0 0 0 276 162 286 174 0 0 0 0 0 0 0
car 0.0 0 0 310 38 318 56 0 0 0 0 0 0 0
car 0.0 0 0 284 118 294 137 0 0 0 0 0 0 0
car 0.0 0 0 156 5 162 20 0 0 0 0 0 0 0
car 0.0 0 0 258 229 267 245 0 0 0 0 0 0 0
car 0.0 0 0 263 210 273 224 0 0 0 0 0 0 0
car 0.0 0 0 126 157 135 170 0 0 0 0 0 0 0
car 0.0 0 0 143 65 152 81 0 0 0 0 0 0 0
car 0.0 0 0 173 138 185 148 0 0 0 0 0 0 0
car 0.0 0 0 147 52 156 61 0 0 0 0 0 0 0
car 0.0 0 0 250 256 261 268 0 0 0 0 0 0 0
car 0.0 0 0 109 289 119 310 0 0 0 0 0 0 0
car 0.0 0 0 113 249 123 261 0 0 0 0 0 0 0
car 0.0 0 0 130 142 139 153 0 0 0 0 0 0 0
car 0.0 0 0 138 157 146 174 0 0 0 0 0 0 0
car 0.07692307692307687 0 0 106 340 113 352 0 0 0 0 0 0 0
car 0.0 0 0 116 216 127 228 0 0 0 0 0 0 0
car 0.0 0 0 108 326 113 337 0 0 0 0 0 0 0
car 0.0 0 0 114 235 125 247 0 0 0 0 0 0 0
car 0.0 0 0 117 183 133 202 0 0 0 0 0 0 0
car 0.0 0 0 106 311 119 323 0 0 0 0 0 0 0
