car 0.125 0 0 34 0 53 7 0 0 0 0 0 0 0
car 0.0 0 0 154 301 159 321 0 0 0 0 0 0 0
car 0.0 0 0 82 186 93 191 0 0 0 0 0 0 0
car 0.0 0 0 0 177 8 182 0 0 0 0 0 0 0
car 0.0 0 0 128 190 135 194 0 0 0 0 0 0 0
car 0.0 0 0 167 221 175 232 0 0 0 0 0 0 0
car 0.0 0 0 76 4 92 12 0 0 0 0 0 0 0
car 0.16666666666666663 0 0 159 342 170 352 0 0 0 0 0 0 0
car 0.5714285714285714 0 0 290 349 312 352 0 0 0 0 0 0 0
car 0.0 0 0 176 133 184 148 0 0 0 0 0 0 0
car 0.0 0 0 161 258 169 269 0 0 0 0 0 0 0
car 0.0 0 0 147 10 167 21 0 0 0 0 0 0 0
car 0.0 0 0 149 322 157 338 0 0 0 0 0 0 0
car 0.0 0 0 75 200 89 208 0 0 0 0 0 0 0
car 0.0 0 0 195 19 204 31 0 0 0 0 0 0 0
car 0.8 0 0 326 351 345 352 0 0 0 0 0 0 0
car 0.0 0 0 164 242 176 253 0 0 0 0 0 0 0
car 0.0 0 0 147 208 166 214 0 0 0 0 0 0 0
car 0.0 0 0 32 20 49 27 0 0 0 0 0 0 0
car 0.16666666666666663 0 0 266 0 276 10 0 0 0 0 0 0 0
car 0.0 0 0 159 270 168 281 0 0 0 0 0 0 0
car 0.0 0 0 99 184 112 193 0 0 0 0 0 0 0
car 0.0 0 0 242 190 258 195 0 0 0 0 0 0 0
car 0.0 0 0 179 114 190 129 0 0 0 0 0 0 0
car 0.0 0 0 180 99 190 108 0 0 0 0 0 0 0
car 0.0 0 0 156 284 165 299 0 0 0 0 0 0 0
car 0.0 0 0 267 187 279 194 0 0 0 0 0 0 0
car 0.0 0 0 99 199 119 210 0 0 0 0 0 0 0
