car 0.0 0 0 52 142 68 150 0 0 0 0 0 0 0
car 0.0 0 0 121 301 132 312 0 0 0 0 0 0 0
car 0.0 0 0 324 177 332 182 0 0 0 0 0 0 0
car 0.0 0 0 168 23 176 37 0 0 0 0 0 0 0
car 0.0 0 0 150 105 167 120 0 0 0 0 0 0 0
car 0.0 0 0 131 240 143 249 0 0 0 0 0 0 0
car 0.0 0 0 234 167 250 174 0 0 0 0 0 0 0
car 0.0 0 0 168 39 176 51 0 0 0 0 0 0 0
car 0.0 0 0 124 282 133 295 0 0 0 0 0 0 0
car 0.73 0 0 0 349 18 352 0 0 0 0 0 0 0
car 0.0 0 0 255 169 267 176 0 0 0 0 0 0 0
car 0.0 0 0 128 263 138 275 0 0 0 0 0 0 0
car 0.0 0 0 159 77 167 87 0 0 0 0 0 0 0
car 0.0 0 0 131 250 138 259 0 0 0 0 0 0 0
car 0.0 0 0 138 195 149 208 0 0 0 0 0 0 0
car 0.0 0 0 135 214 146 225 0 0 0 0 0 0 0
