car 0.0 0 0 183 292 191 306 0 0 0 0 0 0 0
car 0.0 0 0 190 61 203 64 0 0 0 0 0 0 0
car 0.0 0 0 66 42 82 52 0 0 0 0 0 0 0
car 0.0 0 0 324 46 336 52 0 0 0 0 0 0 0
car 0.0 0 0 307 46 316 52 0 0 0 0 0 0 0
car 0.0 0 0 205 296 213 310 0 0 0 0 0 0 0
car 0.0 0 0 336 67 347 74 0 0 0 0 0 0 0
car 0.0 0 0 273 166 281 178 0 0 0 0 0 0 0
car 0.0 0 0 148 232 168 241 0 0 0 0 0 0 0
car 0.0 0 0 193 298 200 307 0 0 0 0 0 0 0
car 0.0 0 0 6 11 23 19 0 0 0 0 0 0 0
car 0.0 0 0 173 31 191 35 0 0 0 0 0 0 0
car 0.0 0 0 71 260 88 269 0 0 0 0 0 0 0
car 0.0 0 0 82 240 99 250 0 0 0 0 0 0 0
car 0.0 0 0 279 229 293 245 0 0 0 0 0 0 0
car 0.09090909090909094 0 0 332 247 352 256 0 0 0 0 0 0 0
car 0.0 0 0 175 250 199 258 0 0 0 0 0 0 0
car 0.0 0 0 106 210 117 221 0 0 0 0 0 0 0
car 0.0 0 0 153 10 170 16 0 0 0 0 0 0 0
car 0.0 0 0 162 294 173 305 0 0 0 0 0 0 0
car 0.0 0 0 21 13 38 19 0 0 0 0 0 0 0
car 0.0 0 0 36 229 51 235 0 0 0 0 0 0 0
car 0.75 0 0 47 0 61 2 0 0 0 0 0 0 0
car 0.0 0 0 195 32 212 41 0 0 0 0 0 0 0
car 0.0 0 0 251 16 269 24 0 0 0 0 0 0 0
car 0.0 0 0 68 224 90 233 0 0 0 0 0 0 0
car 0.0 0 0 299 228 312 245 0 0 0 0 0 0 0
car 0.0 0 0 144 265 161 271 0 0 0 0 0 0 0
car 0.5 0 0 346 31 352 38 0 0 0 0 0 0 0
car 0.0 0 0 3 273 11 289 0 0 0 0 0 0 0
car 0.0 0 0 25 269 50 277 0 0 0 0 0 0 0
car 0.0 0 0 290 278 315 289 0 0 0 0 0 0 0
car 0.0 0 0 278 42 297 49 0 0 0 0 0 0 0
car 0.0 0 0 206 237 224 246 0 0 0 0 0 0 0
car 0.0 0 0 224 253 241 264 0 0 0 0 0 0 0
car 0.0 0 0 95 19 114 25 0 0 0 0 0 0 0
car 0.0 0 0 322 25 342 35 0 0 0 0 0 0 0
car 0.0 0 0 210 16 230 24 0 0 0 0 0 0 0
car 0.0 0 0 43 14 62 23 0 0 0 0 0 0 0
car 0.0 0 0 317 228 323 246 0 0 0 0 0 0 0
car 0.0 0 0 39 277 58 296 0 0 0 0 0 0 0
car 0.0 0 0 262 57 279 65 0 0 0 0 0 0 0
car 0.0 0 0 291 25 311 31 0 0 0 0 0 0 0
car 0.0 0 0 13 278 19 294 0 0 0 0 0 0 0
car 0.0 0 0 119 207 133 218 0 0 0 0 0 0 0
car 1.0 0 0 8 0 25 0 0 0 0 0 0 0 0
car 0.0 0 0 119 230 137 239 0 0 0 0 0 0 0
car 0.0 0 0 326 232 335 245 0 0 0 0 0 0 0
car 0.0 0 0 172 9 198 19 0 0 0 0 0 0 0
car 0.0 0 0 312 297 334 311 0 0 0 0 0 0 0
