car 0.0 0 0 308 236 318 247 0 0 0 0 0 0 0
car 0.0 0 0 3 174 18 180 0 0 0 0 0 0 0
car 0.0 0 0 323 256 330 267 0 0 0 0 0 0 0
car 0.0 0 0 78 218 86 229 0 0 0 0 0 0 0
car 0.0 0 0 59 171 71 181 0 0 0 0 0 0 0
car 0.0 0 0 177 66 197 76 0 0 0 0 0 0 0
car 0.0 0 0 104 204 114 220 0 0 0 0 0 0 0
car 0.0 0 0 297 219 308 232 0 0 0 0 0 0 0
car 0.0 0 0 101 223 109 235 0 0 0 0 0 0 0
car 0.0 0 0 41 173 51 180 0 0 0 0 0 0 0
car 0.0 0 0 153 180 175 190 0 0 0 0 0 0 0
car 0.0 0 0 90 284 96 293 0 0 0 0 0 0 0
car 0.0 0 0 81 193 93 206 0 0 0 0 0 0 0
