car 0.0 0 0 142 280 162 290 0 0 0 0 0 0 0
car 0.0 0 0 165 282 179 293 0 0 0 0 0 0 0
car 0.0 0 0 57 206 66 219 0 0 0 0 0 0 0
car 0.0 0 0 53 223 62 235 0 0 0 0 0 0 0
car 0.0 0 0 77 105 86 115 0 0 0 0 0 0 0
car 0.0 0 0 85 75 95 87 0 0 0 0 0 0 0
car 0.0 0 0 65 173 71 186 0 0 0 0 0 0 0
car 0.636363636364 0 0 348 161 352 170 0 0 0 0 0 0 0
car 0.0 0 0 68 268 84 275 0 0 0 0 0 0 0
car 0.0 0 0 125 292 144 300 0 0 0 0 0 0 0
car 0.857142857143 0 0 350 147 352 158 0 0 0 0 0 0 0
car 0.0 0 0 71 144 81 158 0 0 0 0 0 0 0
car 0.0 0 0 60 189 71 205 0 0 0 0 0 0 0
car 0.416666666667 0 0 345 168 352 179 0 0 0 0 0 0 0
