car 0.0 0 0 187 284 203 295 0 0 0 0 0 0 0
car 0.0 0 0 40 124 55 131 0 0 0 0 0 0 0
car 0.0 0 0 321 201 340 210 0 0 0 0 0 0 0
car 0.2 0 0 340 130 352 138 0 0 0 0 0 0 0
car 0.0 0 0 277 194 291 203 0 0 0 0 0 0 0
car 0.0 0 0 191 147 211 155 0 0 0 0 0 0 0
car 0.0 0 0 212 151 229 158 0 0 0 0 0 0 0
car 0.0 0 0 260 190 271 199 0 0 0 0 0 0 0
car 0.0 0 0 106 132 121 142 0 0 0 0 0 0 0
car 0.0 0 0 294 105 303 114 0 0 0 0 0 0 0
car 0.0 0 0 145 285 164 291 0 0 0 0 0 0 0
car 0.0 0 0 298 199 315 207 0 0 0 0 0 0 0
car 0.0 0 0 124 174 145 183 0 0 0 0 0 0 0
car 0.0 0 0 318 125 332 134 0 0 0 0 0 0 0
car 0.0 0 0 234 113 246 122 0 0 0 0 0 0 0
car 0.0 0 0 126 132 143 143 0 0 0 0 0 0 0
car 0.0 0 0 287 159 298 166 0 0 0 0 0 0 0
car 0.0 0 0 339 281 351 297 0 0 0 0 0 0 0
car 0.0 0 0 170 141 184 151 0 0 0 0 0 0 0
car 0.0 0 0 82 129 101 140 0 0 0 0 0 0 0
car 0.0 0 0 60 128 78 135 0 0 0 0 0 0 0
car 0.5 0 0 345 207 352 215 0 0 0 0 0 0 0
car 0.0 0 0 301 279 313 292 0 0 0 0 0 0 0
car 0.0 0 0 235 149 249 160 0 0 0 0 0 0 0
car 0.0 0 0 64 161 80 171 0 0 0 0 0 0 0
car 0.0 0 0 341 185 352 193 0 0 0 0 0 0 0
