car 0.0 0 0 120 105 135 113 0 0 0 0 0 0 0
car 0.0 0 0 147 117 158 121 0 0 0 0 0 0 0
car 0.0 0 0 260 45 275 57 0 0 0 0 0 0 0
car 0.866666666667 0 0 350 272 352 284 0 0 0 0 0 0 0
car 0.0 0 0 240 35 254 45 0 0 0 0 0 0 0
car 0.0 0 0 340 261 352 269 0 0 0 0 0 0 0
car 0.0 0 0 312 234 326 244 0 0 0 0 0 0 0
car 0.0 0 0 110 84 127 93 0 0 0 0 0 0 0
car 0.0 0 0 293 216 307 228 0 0 0 0 0 0 0
car 0.0 0 0 232 157 248 165 0 0 0 0 0 0 0
car 0.0 0 0 330 76 349 87 0 0 0 0 0 0 0
car 0.0 0 0 247 165 261 179 0 0 0 0 0 0 0
car 0.0 0 0 147 95 165 100 0 0 0 0 0 0 0
car 0.0 0 0 75 73 93 84 0 0 0 0 0 0 0
