car 0.0 0 0 270 35 299 42 0 0 0 0 0 0 0
car 0.0 0 0 328 40 340 46 0 0 0 0 0 0 0
car 0.0 0 0 166 252 182 259 0 0 0 0 0 0 0
car 0.0 0 0 195 34 212 41 0 0 0 0 0 0 0
car 0.0 0 0 134 32 148 39 0 0 0 0 0 0 0
car 0.0 0 0 146 38 166 46 0 0 0 0 0 0 0
car 0.0 0 0 259 35 272 43 0 0 0 0 0 0 0
car 0.0 0 0 0 36 17 48 0 0 0 0 0 0 0
car 0.0 0 0 107 304 129 316 0 0 0 0 0 0 0
car 0.0 0 0 307 258 316 269 0 0 0 0 0 0 0
car 0.0 0 0 185 251 205 261 0 0 0 0 0 0 0
car 0.0 0 0 196 318 213 327 0 0 0 0 0 0 0
car 0.0 0 0 230 82 239 95 0 0 0 0 0 0 0
car 0.0 0 0 254 259 268 271 0 0 0 0 0 0 0
car 0.0 0 0 37 222 46 232 0 0 0 0 0 0 0
car 0.0 0 0 166 298 180 310 0 0 0 0 0 0 0
