car 0.0 0 0 98 328 116 338 0 0 0 0 0 0 0
car 0.0 0 0 104 320 121 331 0 0 0 0 0 0 0
car 0.0 0 0 84 284 90 297 0 0 0 0 0 0 0
car 0.0 0 0 69 162 83 178 0 0 0 0 0 0 0
car 0.0 0 0 7 163 21 170 0 0 0 0 0 0 0
car 0.0 0 0 93 39 114 46 0 0 0 0 0 0 0
car 0.0 0 0 24 160 38 169 0 0 0 0 0 0 0
car 0.0 0 0 57 140 71 148 0 0 0 0 0 0 0
car 0.0 0 0 158 31 183 43 0 0 0 0 0 0 0
car 0.0 0 0 117 164 128 176 0 0 0 0 0 0 0
car 0.0 0 0 144 26 166 34 0 0 0 0 0 0 0
car 0.0 0 0 60 161 69 177 0 0 0 0 0 0 0
car 0.0 0 0 92 281 104 296 0 0 0 0 0 0 0
car 0.0 0 0 233 142 246 151 0 0 0 0 0 0 0
