car 0.333333333333 0 0 66 0 76 8 0 0 0 0 0 0 0
car 0.0 0 0 337 124 348 133 0 0 0 0 0 0 0
car 0.0 0 0 255 253 273 260 0 0 0 0 0 0 0
car 0.0 0 0 257 265 271 271 0 0 0 0 0 0 0
car 0.0 0 0 90 5 99 15 0 0 0 0 0 0 0
car 0.0 0 0 337 20 350 26 0 0 0 0 0 0 0
car 0.0 0 0 326 9 343 17 0 0 0 0 0 0 0
car 0.0 0 0 92 125 100 136 0 0 0 0 0 0 0
car 0.625 0 0 54 0 63 6 0 0 0 0 0 0 0
car 0.0 0 0 330 273 347 283 0 0 0 0 0 0 0
car 0.0 0 0 328 145 342 151 0 0 0 0 0 0 0
car 0.0 0 0 266 11 280 20 0 0 0 0 0 0 0
car 0.0 0 0 168 108 181 117 0 0 0 0 0 0 0
car 0.0 0 0 153 193 173 203 0 0 0 0 0 0 0
car 0.125 0 0 78 0 86 14 0 0 0 0 0 0 0
car 0.0 0 0 156 249 175 257 0 0 0 0 0 0 0
car 0.0 0 0 318 261 338 272 0 0 0 0 0 0 0
car 0.0 0 0 288 13 305 23 0 0 0 0 0 0 0
