car 0.0 0 0 37 198 48 212 0 0 0 0 0 0 0
car 0.0 0 0 42 243 51 251 0 0 0 0 0 0 0
car 0.0 0 0 58 192 69 205 0 0 0 0 0 0 0
car 0.0 0 0 196 216 211 225 0 0 0 0 0 0 0
car 0.0 0 0 22 230 36 238 0 0 0 0 0 0 0
car 0.0 0 0 106 268 122 278 0 0 0 0 0 0 0
car 0.0 0 0 100 295 114 302 0 0 0 0 0 0 0
car 0.0 0 0 55 259 71 267 0 0 0 0 0 0 0
car 0.0 0 0 200 343 209 351 0 0 0 0 0 0 0
car 0.0 0 0 138 296 151 306 0 0 0 0 0 0 0
car 0.0 0 0 160 309 172 319 0 0 0 0 0 0 0
car 0.0 0 0 123 198 142 205 0 0 0 0 0 0 0
car 0.0 0 0 181 210 192 219 0 0 0 0 0 0 0
car 0.0 0 0 214 220 228 227 0 0 0 0 0 0 0
car 0.0 0 0 19 178 40 188 0 0 0 0 0 0 0
car 0.0 0 0 89 282 101 292 0 0 0 0 0 0 0
car 0.888888888889 0 0 0 154 2 161 0 0 0 0 0 0 0
car 0.0 0 0 250 151 258 165 0 0 0 0 0 0 0
car 0.0 0 0 6 213 17 226 0 0 0 0 0 0 0
car 0.0 0 0 84 190 101 199 0 0 0 0 0 0 0
car 0.823529411765 0 0 0 203 3 213 0 0 0 0 0 0 0
car 0.0 0 0 182 327 194 338 0 0 0 0 0 0 0
car 0.0 0 0 86 253 99 264 0 0 0 0 0 0 0
car 0.0 0 0 71 241 82 251 0 0 0 0 0 0 0
car 0.0 0 0 120 282 132 292 0 0 0 0 0 0 0
car 0.0 0 0 73 268 85 281 0 0 0 0 0 0 0
car 0.0 0 0 104 191 120 202 0 0 0 0 0 0 0
