car 0.0 0 0 205 287 222 296 0 0 0 0 0 0 0
car 0.0 0 0 46 134 65 154 0 0 0 0 0 0 0
car 0.0 0 0 165 268 177 276 0 0 0 0 0 0 0
car 0.0 0 0 218 55 232 60 0 0 0 0 0 0 0
car 0.0 0 0 46 163 56 180 0 0 0 0 0 0 0
car 0.0 0 0 332 334 349 344 0 0 0 0 0 0 0
car 0.0 0 0 266 309 281 321 0 0 0 0 0 0 0
car 0.0 0 0 185 74 210 85 0 0 0 0 0 0 0
car 0.0 0 0 89 11 108 29 0 0 0 0 0 0 0
car 0.3125 0 0 0 195 11 208 0 0 0 0 0 0 0
car 0.0 0 0 175 38 193 49 0 0 0 0 0 0 0
car 0.0 0 0 33 158 47 175 0 0 0 0 0 0 0
car 0.0 0 0 42 216 56 226 0 0 0 0 0 0 0
car 0.0 0 0 275 70 290 78 0 0 0 0 0 0 0
car 0.0 0 0 14 205 28 214 0 0 0 0 0 0 0
car 0.0 0 0 186 275 204 287 0 0 0 0 0 0 0
car 0.0 0 0 289 318 303 331 0 0 0 0 0 0 0
car 0.0 0 0 112 32 123 42 0 0 0 0 0 0 0
