car 0.0 0 0 153 44 172 54 0 0 0 0 0 0 0
car 0.0 0 0 247 164 258 181 0 0 0 0 0 0 0
car 0.0 0 0 262 140 273 151 0 0 0 0 0 0 0
car 0.0 0 0 190 62 203 74 0 0 0 0 0 0 0
car 0.0 0 0 236 63 249 73 0 0 0 0 0 0 0
car 0.0 0 0 272 119 283 129 0 0 0 0 0 0 0
car 0.0 0 0 8 10 25 20 0 0 0 0 0 0 0
car 0.0 0 0 78 26 94 36 0 0 0 0 0 0 0
car 0.0 0 0 186 233 205 241 0 0 0 0 0 0 0
car 0.0 0 0 5 182 20 192 0 0 0 0 0 0 0
car 0.0 0 0 54 20 73 30 0 0 0 0 0 0 0
car 0.0 0 0 64 202 81 209 0 0 0 0 0 0 0
car 0.0 0 0 217 58 231 69 0 0 0 0 0 0 0
car 0.0 0 0 189 214 206 222 0 0 0 0 0 0 0
car 0.0 0 0 258 72 277 78 0 0 0 0 0 0 0
car 0.0 0 0 262 250 274 256 0 0 0 0 0 0 0
car 0.0 0 0 210 239 228 246 0 0 0 0 0 0 0
car 0.0 0 0 233 199 245 215 0 0 0 0 0 0 0
