car 0.0 0 0 207 337 218 348 0 0 0 0 0 0 0
car 0.157894736842 0 0 0 201 16 210 0 0 0 0 0 0 0
car 0.0 0 0 148 188 163 199 0 0 0 0 0 0 0
car 0.0 0 0 16 130 31 138 0 0 0 0 0 0 0
car 0.0 0 0 182 339 204 346 0 0 0 0 0 0 0
car 0.428571428571 0 0 0 125 8 134 0 0 0 0 0 0 0
car 0.0 0 0 267 219 284 229 0 0 0 0 0 0 0
car 0.0 0 0 15 281 27 297 0 0 0 0 0 0 0
car 0.0 0 0 31 185 43 193 0 0 0 0 0 0 0
car 0.0 0 0 96 330 103 341 0 0 0 0 0 0 0
car 0.0 0 0 21 207 35 215 0 0 0 0 0 0 0
car 0.0 0 0 17 185 28 193 0 0 0 0 0 0 0
