car 0.0 0 0 278 161 287 175 0 0 0 0 0 0 0
car 0.0 0 0 47 148 55 161 0 0 0 0 0 0 0
car 0.0 0 0 54 57 66 71 0 0 0 0 0 0 0
car 0.0 0 0 71 220 82 229 0 0 0 0 0 0 0
car 0.0 0 0 24 161 35 170 0 0 0 0 0 0 0
car 0.0 0 0 41 163 50 178 0 0 0 0 0 0 0
car 0.0 0 0 26 147 40 158 0 0 0 0 0 0 0
car 0.0 0 0 38 115 47 127 0 0 0 0 0 0 0
car 0.0 0 0 92 226 107 237 0 0 0 0 0 0 0
car 0.0 0 0 47 89 54 101 0 0 0 0 0 0 0
car 0.0 0 0 73 2 85 12 0 0 0 0 0 0 0
car 0.0 0 0 50 75 58 86 0 0 0 0 0 0 0
car 0.0 0 0 21 168 33 179 0 0 0 0 0 0 0
