car 0.0 0 0 140 322 160 330 0 0 0 0 0 0 0
car 0.5 0 0 297 347 315 352 0 0 0 0 0 0 0
car 0.0 0 0 193 336 215 345 0 0 0 0 0 0 0
car 0.0 0 0 145 83 163 88 0 0 0 0 0 0 0
car 0.0 0 0 147 266 173 273 0 0 0 0 0 0 0
car 0.0 0 0 324 36 341 48 0 0 0 0 0 0 0
car 0.0 0 0 169 158 186 171 0 0 0 0 0 0 0
car 0.0 0 0 136 191 147 201 0 0 0 0 0 0 0
car 0.0 0 0 243 42 262 50 0 0 0 0 0 0 0
car 0.0 0 0 158 91 182 98 0 0 0 0 0 0 0
car 0.0 0 0 187 255 199 265 0 0 0 0 0 0 0
car 0.0 0 0 63 251 78 264 0 0 0 0 0 0 0
car 0.0 0 0 148 192 159 205 0 0 0 0 0 0 0
car 0.0 0 0 144 103 169 112 0 0 0 0 0 0 0
car 0.0 0 0 197 267 216 282 0 0 0 0 0 0 0
