car 0.0 0 0 150 93 163 109 0 0 0 0 0 0 0
car 0.0 0 0 16 160 35 171 0 0 0 0 0 0 0
car 0.0 0 0 1 165 20 179 0 0 0 0 0 0 0
car 0.0 0 0 17 247 31 261 0 0 0 0 0 0 0
car 0.0 0 0 75 24 101 36 0 0 0 0 0 0 0
car 0.0 0 0 6 16 34 27 0 0 0 0 0 0 0
car 0.0 0 0 192 70 206 87 0 0 0 0 0 0 0
car 0.0 0 0 157 75 173 83 0 0 0 0 0 0 0
car 0.0 0 0 129 107 146 121 0 0 0 0 0 0 0
car 0.0 0 0 7 234 20 246 0 0 0 0 0 0 0
car 0.0 0 0 182 294 197 303 0 0 0 0 0 0 0
car 0.0 0 0 157 63 167 71 0 0 0 0 0 0 0
car 0.0 0 0 166 96 177 103 0 0 0 0 0 0 0
car 0.0 0 0 232 80 247 88 0 0 0 0 0 0 0
car 0.0 0 0 152 28 166 38 0 0 0 0 0 0 0
car 0.0 0 0 187 59 199 68 0 0 0 0 0 0 0
car 0.0 0 0 147 76 156 86 0 0 0 0 0 0 0
car 0.0 0 0 29 168 45 182 0 0 0 0 0 0 0
car 0.0 0 0 103 29 127 41 0 0 0 0 0 0 0
car 0.0 0 0 124 45 135 54 0 0 0 0 0 0 0
car 0.0 0 0 166 302 178 311 0 0 0 0 0 0 0
