car 0.222222222222 0 0 338 99 352 111 0 0 0 0 0 0 0
car 0.615384615385 0 0 53 0 64 5 0 0 0 0 0 0 0
car 0.0 0 0 237 62 251 79 0 0 0 0 0 0 0
car 0.0 0 0 215 43 228 53 0 0 0 0 0 0 0
car 0.0 0 0 247 106 255 115 0 0 0 0 0 0 0
car 0.0 0 0 276 51 294 62 0 0 0 0 0 0 0
car 0.0 0 0 250 91 264 99 0 0 0 0 0 0 0
car 0.0 0 0 203 25 213 30 0 0 0 0 0 0 0
car 0.5 0 0 141 0 150 7 0 0 0 0 0 0 0
car 0.2 0 0 101 0 117 8 0 0 0 0 0 0 0
car 0.0 0 0 226 53 237 64 0 0 0 0 0 0 0
car 0.0 0 0 157 30 167 46 0 0 0 0 0 0 0
car 0.0 0 0 316 112 331 128 0 0 0 0 0 0 0
car 0.0 0 0 278 277 300 289 0 0 0 0 0 0 0
car 0.0 0 0 95 9 107 16 0 0 0 0 0 0 0
car 0.0 0 0 123 13 134 21 0 0 0 0 0 0 0
car 0.0 0 0 230 67 238 76 0 0 0 0 0 0 0
car 0.0 0 0 232 86 242 99 0 0 0 0 0 0 0
car 0.0 0 0 157 52 175 60 0 0 0 0 0 0 0
car 0.0 0 0 207 35 222 46 0 0 0 0 0 0 0
car 0.0 0 0 183 2 205 18 0 0 0 0 0 0 0
car 0.0 0 0 239 81 248 95 0 0 0 0 0 0 0
car 0.0 0 0 98 17 109 24 0 0 0 0 0 0 0
car 0.0 0 0 274 123 284 130 0 0 0 0 0 0 0
car 0.4 0 0 132 0 140 6 0 0 0 0 0 0 0
car 0.0 0 0 208 29 216 38 0 0 0 0 0 0 0
car 0.0 0 0 247 77 256 86 0 0 0 0 0 0 0
car 0.0 0 0 266 106 278 116 0 0 0 0 0 0 0
car 0.0 0 0 283 131 291 142 0 0 0 0 0 0 0
