car 0.0 0 0 152 315 159 327 0 0 0 0 0 0 0
car 0.0 0 0 166 318 174 329 0 0 0 0 0 0 0
car 0.0 0 0 249 319 255 327 0 0 0 0 0 0 0
car 0.0 0 0 24 315 39 325 0 0 0 0 0 0 0
car 0.333333333333 0 0 218 0 228 8 0 0 0 0 0 0 0
car 0.0 0 0 205 329 213 339 0 0 0 0 0 0 0
car 1.0 0 0 0 168 0 206 0 0 0 0 0 0 0
car 0.0 0 0 11 312 26 322 0 0 0 0 0 0 0
car 0.0 0 0 30 289 45 299 0 0 0 0 0 0 0
car 0.0 0 0 66 245 78 256 0 0 0 0 0 0 0
car 0.333333333333 0 0 13 0 30 6 0 0 0 0 0 0 0
car 0.0 0 0 241 328 255 340 0 0 0 0 0 0 0
