car 0.0 0 0 289 131 303 140 0 0 0 0 0 0 0
car 0.0 0 0 32 319 44 327 0 0 0 0 0 0 0
car 0.0 0 0 0 229 11 239 0 0 0 0 0 0 0
car 0.142857142857 0 0 0 279 12 286 0 0 0 0 0 0 0
car 0.0 0 0 337 170 346 182 0 0 0 0 0 0 0
car 0.0 0 0 12 295 24 303 0 0 0 0 0 0 0
car 0.0 0 0 50 337 61 347 0 0 0 0 0 0 0
car 0.0 0 0 96 194 111 210 0 0 0 0 0 0 0
car 0.0 0 0 279 137 289 145 0 0 0 0 0 0 0
car 0.0 0 0 344 206 350 215 0 0 0 0 0 0 0
car 0.333333333333 0 0 55 348 70 352 0 0 0 0 0 0 0
car 0.0 0 0 42 332 53 338 0 0 0 0 0 0 0
car 0.0 0 0 2 289 17 296 0 0 0 0 0 0 0
car 0.0 0 0 88 204 102 215 0 0 0 0 0 0 0
car 0.0 0 0 34 325 47 332 0 0 0 0 0 0 0
car 0.0 0 0 27 314 38 320 0 0 0 0 0 0 0
car 0.0 0 0 263 140 273 148 0 0 0 0 0 0 0
car 0.0 0 0 30 220 44 232 0 0 0 0 0 0 0
car 0.0 0 0 127 185 139 197 0 0 0 0 0 0 0
