car 0.0 0 0 217 142 232 158 0 0 0 0 0 0 0
car 0.0 0 0 284 45 299 58 0 0 0 0 0 0 0
car 0.0 0 0 252 123 270 144 0 0 0 0 0 0 0
car 0.0 0 0 294 123 306 135 0 0 0 0 0 0 0
car 0.0 0 0 136 231 149 245 0 0 0 0 0 0 0
car 0.0 0 0 251 205 264 216 0 0 0 0 0 0 0
car 0.0 0 0 225 233 239 246 0 0 0 0 0 0 0
car 0.733333333333 0 0 348 315 352 325 0 0 0 0 0 0 0
car 0.0 0 0 282 168 324 206 0 0 0 0 0 0 0
car 0.0 0 0 335 312 350 322 0 0 0 0 0 0 0
car 0.0 0 0 159 285 177 300 0 0 0 0 0 0 0
car 0.0 0 0 271 85 286 95 0 0 0 0 0 0 0
car 0.411764705882 0 0 337 0 352 6 0 0 0 0 0 0 0
