car 0.0 0 0 175 47 190 67 0 0 0 0 0 0 0
car 0.0 0 0 202 53 223 76 0 0 0 0 0 0 0
car 0.0 0 0 46 255 86 299 0 0 0 0 0 0 0
car 0.0 0 0 136 289 145 299 0 0 0 0 0 0 0
car 0.0 0 0 49 247 61 256 0 0 0 0 0 0 0
car 0.0 0 0 166 203 177 216 0 0 0 0 0 0 0
car 0.0 0 0 306 12 322 28 0 0 0 0 0 0 0
car 0.0 0 0 210 176 225 189 0 0 0 0 0 0 0
car 0.0 0 0 152 77 182 118 0 0 0 0 0 0 0
car 0.0 0 0 235 259 252 280 0 0 0 0 0 0 0
car 0.0 0 0 257 4 271 17 0 0 0 0 0 0 0
car 0.0 0 0 119 136 137 148 0 0 0 0 0 0 0
car 0.0 0 0 102 185 124 195 0 0 0 0 0 0 0
car 0.538461538462 0 0 217 0 233 6 0 0 0 0 0 0 0
car 0.0 0 0 218 320 228 332 0 0 0 0 0 0 0
car 0.0 0 0 309 283 317 293 0 0 0 0 0 0 0
car 0.0 0 0 174 172 186 183 0 0 0 0 0 0 0
car 0.0 0 0 184 205 199 223 0 0 0 0 0 0 0
car 0.0 0 0 107 279 117 292 0 0 0 0 0 0 0
car 0.0 0 0 125 151 138 161 0 0 0 0 0 0 0
car 0.0 0 0 155 154 166 163 0 0 0 0 0 0 0
car 0.0 0 0 142 216 155 230 0 0 0 0 0 0 0
car 0.0 0 0 140 149 152 160 0 0 0 0 0 0 0
car 0.0 0 0 220 13 234 27 0 0 0 0 0 0 0
car 0.0 0 0 234 72 248 86 0 0 0 0 0 0 0
car 0.0 0 0 296 6 310 18 0 0 0 0 0 0 0
car 0.0 0 0 242 32 257 46 0 0 0 0 0 0 0
car 0.0 0 0 13 321 30 330 0 0 0 0 0 0 0
car 0.0 0 0 194 129 209 145 0 0 0 0 0 0 0
