car 0.0 0 0 186 201 204 216 0 0 0 0 0 0 0
car 0.0 0 0 169 296 186 317 0 0 0 0 0 0 0
car 0.0 0 0 172 257 184 281 0 0 0 0 0 0 0
car 0.666666666667 0 0 75 348 101 352 0 0 0 0 0 0 0
car 0.0 0 0 6 340 34 351 0 0 0 0 0 0 0
car 0.0 0 0 195 127 210 147 0 0 0 0 0 0 0
car 0.0 0 0 154 55 162 69 0 0 0 0 0 0 0
car 0.0 0 0 185 219 197 233 0 0 0 0 0 0 0
car 0.916666666667 0 0 351 278 352 284 0 0 0 0 0 0 0
car 0.0 0 0 38 25 48 38 0 0 0 0 0 0 0
car 0.0 0 0 69 42 76 53 0 0 0 0 0 0 0
car 0.0 0 0 254 49 269 57 0 0 0 0 0 0 0
car 0.0 0 0 36 43 44 52 0 0 0 0 0 0 0
car 0.0 0 0 49 43 56 52 0 0 0 0 0 0 0
car 0.0 0 0 147 55 153 65 0 0 0 0 0 0 0
car 0.0 0 0 74 56 82 69 0 0 0 0 0 0 0
car 0.0 0 0 224 50 236 59 0 0 0 0 0 0 0
car 0.0 0 0 162 58 173 68 0 0 0 0 0 0 0
car 0.0 0 0 161 74 169 84 0 0 0 0 0 0 0
car 0.1875 0 0 339 302 352 305 0 0 0 0 0 0 0
car 0.0 0 0 184 79 193 87 0 0 0 0 0 0 0
car 0.0 0 0 276 50 291 57 0 0 0 0 0 0 0
car 0.0 0 0 157 273 168 283 0 0 0 0 0 0 0
car 0.0 0 0 47 59 53 69 0 0 0 0 0 0 0
car 0.0 0 0 134 68 146 78 0 0 0 0 0 0 0
car 0.0 0 0 56 54 65 63 0 0 0 0 0 0 0
car 0.0 0 0 64 55 74 66 0 0 0 0 0 0 0
car 0.0 0 0 187 64 198 76 0 0 0 0 0 0 0
car 0.0 0 0 58 41 66 50 0 0 0 0 0 0 0
car 0.0 0 0 99 63 109 71 0 0 0 0 0 0 0
