car 0.0 0 0 53 316 64 329 0 0 0 0 0 0 0
car 0.0 0 0 90 196 106 221 0 0 0 0 0 0 0
car 0.0 0 0 171 304 183 313 0 0 0 0 0 0 0
car 0.0 0 0 163 294 178 306 0 0 0 0 0 0 0
car 0.0 0 0 145 270 161 282 0 0 0 0 0 0 0
car 0.4 0 0 203 349 213 352 0 0 0 0 0 0 0
car 0.0 0 0 151 277 164 287 0 0 0 0 0 0 0
car 0.0 0 0 141 317 150 331 0 0 0 0 0 0 0
car 0.0 0 0 101 322 117 332 0 0 0 0 0 0 0
car 0.0 0 0 149 299 160 305 0 0 0 0 0 0 0
car 0.0 0 0 162 290 172 298 0 0 0 0 0 0 0
car 0.0 0 0 105 312 121 320 0 0 0 0 0 0 0
car 0.0 0 0 95 333 107 340 0 0 0 0 0 0 0
car 0.0 0 0 177 310 187 317 0 0 0 0 0 0 0
car 0.0 0 0 123 337 134 345 0 0 0 0 0 0 0
car 0.0 0 0 156 284 169 294 0 0 0 0 0 0 0
car 0.0 0 0 107 301 122 312 0 0 0 0 0 0 0
car 0.0 0 0 183 326 205 342 0 0 0 0 0 0 0
car 0.0 0 0 98 341 109 348 0 0 0 0 0 0 0
car 0.0 0 0 132 320 140 330 0 0 0 0 0 0 0
