car 0.0 0 0 314 55 329 74 0 0 0 0 0 0 0
car 0.0 0 0 280 159 295 173 0 0 0 0 0 0 0
car 0.0 0 0 306 336 322 352 0 0 0 0 0 0 0
car 0.0 0 0 302 94 314 105 0 0 0 0 0 0 0
car 0.0 0 0 257 328 271 341 0 0 0 0 0 0 0
car 0.0 0 0 217 317 233 330 0 0 0 0 0 0 0
car 0.0 0 0 252 275 264 290 0 0 0 0 0 0 0
car 0.0 0 0 238 209 253 225 0 0 0 0 0 0 0
car 0.0 0 0 336 262 351 275 0 0 0 0 0 0 0
car 0.0 0 0 272 223 285 237 0 0 0 0 0 0 0
car 0.0 0 0 245 254 256 268 0 0 0 0 0 0 0
car 0.0 0 0 265 211 277 228 0 0 0 0 0 0 0
car 0.0 0 0 220 337 234 351 0 0 0 0 0 0 0
car 0.0 0 0 296 330 310 342 0 0 0 0 0 0 0
car 0.0 0 0 240 302 256 315 0 0 0 0 0 0 0
car 0.0 0 0 294 31 305 44 0 0 0 0 0 0 0
car 0.0 0 0 295 166 305 178 0 0 0 0 0 0 0
car 0.0 0 0 318 195 334 213 0 0 0 0 0 0 0
car 0.0 0 0 278 277 290 291 0 0 0 0 0 0 0
