car 0.0 0 0 261 70 270 82 0 0 0 0 0 0 0
car 0.0 0 0 212 29 220 45 0 0 0 0 0 0 0
car 0.0 0 0 27 278 39 284 0 0 0 0 0 0 0
car 0.0 0 0 30 262 41 272 0 0 0 0 0 0 0
car 0.0 0 0 324 229 335 239 0 0 0 0 0 0 0
car 0.0 0 0 63 293 76 303 0 0 0 0 0 0 0
car 0.0 0 0 322 279 336 286 0 0 0 0 0 0 0
car 0.0 0 0 336 295 348 303 0 0 0 0 0 0 0
car 0.0 0 0 31 271 41 278 0 0 0 0 0 0 0
car 0.0 0 0 63 303 73 309 0 0 0 0 0 0 0
car 0.0 0 0 15 302 31 305 0 0 0 0 0 0 0
car 0.0 0 0 326 289 341 296 0 0 0 0 0 0 0
car 0.909090909091 0 0 351 314 352 320 0 0 0 0 0 0 0
