car 0.0 0 0 120 3 133 18 0 0 0 0 0 0 0
car 0.0 0 0 114 6 127 23 0 0 0 0 0 0 0
car 0.0 0 0 106 9 118 26 0 0 0 0 0 0 0
car 0.454545454545 0 0 49 0 62 6 0 0 0 0 0 0 0
car 0.777777777778 0 0 25 0 32 2 0 0 0 0 0 0 0
car 0.0 0 0 33 34 45 40 0 0 0 0 0 0 0
car 0.0 0 0 290 135 301 144 0 0 0 0 0 0 0
car 0.0 0 0 326 134 339 144 0 0 0 0 0 0 0
car 0.0 0 0 283 320 298 329 0 0 0 0 0 0 0
car 0.0 0 0 49 25 62 33 0 0 0 0 0 0 0
car 0.0 0 0 326 145 339 155 0 0 0 0 0 0 0
car 0.0 0 0 64 14 84 28 0 0 0 0 0 0 0
car 0.0 0 0 65 32 75 41 0 0 0 0 0 0 0
car 0.0 0 0 35 5 45 15 0 0 0 0 0 0 0
car 0.0 0 0 88 18 94 30 0 0 0 0 0 0 0
car 0.0 0 0 161 68 181 80 0 0 0 0 0 0 0
car 0.0 0 0 298 0 308 11 0 0 0 0 0 0 0
car 0.0 0 0 312 300 326 308 0 0 0 0 0 0 0
car 0.0 0 0 328 122 339 134 0 0 0 0 0 0 0
car 0.0 0 0 45 56 55 66 0 0 0 0 0 0 0
car 0.0 0 0 242 157 259 171 0 0 0 0 0 0 0
car 0.0 0 0 293 200 310 218 0 0 0 0 0 0 0
car 0.766233766234 0 0 0 343 4 352 0 0 0 0 0 0 0
car 0.0 0 0 329 294 346 299 0 0 0 0 0 0 0
car 0.0 0 0 305 129 317 140 0 0 0 0 0 0 0
car 0.0 0 0 171 86 184 94 0 0 0 0 0 0 0
car 0.0 0 0 17 10 34 24 0 0 0 0 0 0 0
car 0.0 0 0 79 27 91 34 0 0 0 0 0 0 0
car 0.0 0 0 10 0 19 8 0 0 0 0 0 0 0
car 0.75 0 0 61 0 72 2 0 0 0 0 0 0 0
car 0.0 0 0 49 39 59 49 0 0 0 0 0 0 0
car 0.0 0 0 219 125 238 138 0 0 0 0 0 0 0
car 0.0 0 0 307 294 324 301 0 0 0 0 0 0 0
car 0.0 0 0 180 31 190 41 0 0 0 0 0 0 0
car 0.0 0 0 57 36 68 48 0 0 0 0 0 0 0
car 0.0 0 0 26 8 38 18 0 0 0 0 0 0 0
car 0.1 0 0 130 0 139 9 0 0 0 0 0 0 0
car 0.0 0 0 150 51 166 63 0 0 0 0 0 0 0
car 0.0 0 0 296 132 308 143 0 0 0 0 0 0 0
car 0.0 0 0 316 313 330 320 0 0 0 0 0 0 0
car 0.916666666667 0 0 30 0 45 1 0 0 0 0 0 0 0
car 0.0 0 0 72 27 83 39 0 0 0 0 0 0 0
car 0.0 0 0 336 120 348 130 0 0 0 0 0 0 0
car 0.0 0 0 316 307 330 313 0 0 0 0 0 0 0
car 0.384615384615 0 0 15 0 30 8 0 0 0 0 0 0 0
