car 0.0 0 0 131 12 146 30 0 0 0 0 0 0 0
car 0.0 0 0 273 23 293 36 0 0 0 0 0 0 0
car 0.0 0 0 191 124 207 143 0 0 0 0 0 0 0
car 0.0 0 0 273 52 284 64 0 0 0 0 0 0 0
car 0.823529411765 0 0 236 0 252 3 0 0 0 0 0 0 0
car 0.0 0 0 246 0 254 17 0 0 0 0 0 0 0
car 0.0 0 0 279 237 291 251 0 0 0 0 0 0 0
car 0.0 0 0 336 144 347 158 0 0 0 0 0 0 0
car 0.56 0 0 134 0 149 11 0 0 0 0 0 0 0
car 0.0 0 0 319 266 334 277 0 0 0 0 0 0 0
car 0.0 0 0 314 19 328 30 0 0 0 0 0 0 0
car 0.0 0 0 220 158 256 196 0 0 0 0 0 0 0
car 0.0 0 0 158 46 174 58 0 0 0 0 0 0 0
car 0.0 0 0 246 10 263 24 0 0 0 0 0 0 0
car 0.583333333333 0 0 347 66 352 75 0 0 0 0 0 0 0
car 0.0 0 0 310 260 321 271 0 0 0 0 0 0 0
car 0.0 0 0 195 85 205 95 0 0 0 0 0 0 0
car 0.142857142857 0 0 340 57 352 66 0 0 0 0 0 0 0
car 0.388888888889 0 0 341 162 352 169 0 0 0 0 0 0 0
car 0.0 0 0 285 77 305 87 0 0 0 0 0 0 0
