car 0.0 0 0 60 298 73 311 0 0 0 0 0 0 0
car 0.0 0 0 66 297 80 312 0 0 0 0 0 0 0
car 0.0 0 0 120 327 133 342 0 0 0 0 0 0 0
car 0.0 0 0 114 330 127 347 0 0 0 0 0 0 0
car 0.0 0 0 106 333 118 350 0 0 0 0 0 0 0
car 0.0 0 0 305 18 327 26 0 0 0 0 0 0 0
car 0.0 0 0 49 319 62 330 0 0 0 0 0 0 0
car 0.0 0 0 99 297 110 308 0 0 0 0 0 0 0
car 0.0 0 0 25 317 32 326 0 0 0 0 0 0 0
car 0.0 0 0 225 299 235 310 0 0 0 0 0 0 0
car 0.0 0 0 47 111 59 118 0 0 0 0 0 0 0
car 0.0 0 0 44 307 54 316 0 0 0 0 0 0 0
car 0.625 0 0 49 349 62 352 0 0 0 0 0 0 0
car 0.0 0 0 64 338 84 352 0 0 0 0 0 0 0
car 0.0 0 0 35 329 45 339 0 0 0 0 0 0 0
car 0.166666666667 0 0 88 342 94 352 0 0 0 0 0 0 0
car 0.0 0 0 298 324 308 335 0 0 0 0 0 0 0
car 0.0 0 0 84 306 94 316 0 0 0 0 0 0 0
car 0.0 0 0 333 76 351 90 0 0 0 0 0 0 0
car 0.0 0 0 78 310 86 322 0 0 0 0 0 0 0
car 0.0 0 0 302 27 313 37 0 0 0 0 0 0 0
car 0.0 0 0 54 115 68 124 0 0 0 0 0 0 0
car 0.0 0 0 52 304 63 314 0 0 0 0 0 0 0
car 0.0 0 0 74 295 85 303 0 0 0 0 0 0 0
car 0.0 0 0 5 59 15 70 0 0 0 0 0 0 0
car 0.0 0 0 22 67 33 79 0 0 0 0 0 0 0
car 0.0 0 0 39 311 51 318 0 0 0 0 0 0 0
car 0.0 0 0 68 312 79 323 0 0 0 0 0 0 0
car 0.0 0 0 17 334 34 348 0 0 0 0 0 0 0
car 0.857142857143 0 0 79 351 91 352 0 0 0 0 0 0 0
car 0.0 0 0 239 308 250 318 0 0 0 0 0 0 0
car 0.0 0 0 312 45 325 55 0 0 0 0 0 0 0
car 0.0 0 0 48 103 58 110 0 0 0 0 0 0 0
car 0.0 0 0 10 324 19 332 0 0 0 0 0 0 0
car 0.0 0 0 61 318 72 326 0 0 0 0 0 0 0
car 0.0 0 0 34 85 52 95 0 0 0 0 0 0 0
car 0.0 0 0 120 209 136 219 0 0 0 0 0 0 0
car 0.0 0 0 90 302 99 312 0 0 0 0 0 0 0
car 0.0 0 0 26 332 38 342 0 0 0 0 0 0 0
car 0.0 0 0 130 323 139 333 0 0 0 0 0 0 0
car 0.0 0 0 331 66 345 75 0 0 0 0 0 0 0
car 0.0 0 0 147 248 161 259 0 0 0 0 0 0 0
car 0.0 0 0 120 219 137 226 0 0 0 0 0 0 0
car 0.0 0 0 326 51 337 56 0 0 0 0 0 0 0
car 0.0 0 0 310 38 324 47 0 0 0 0 0 0 0
car 0.0 0 0 321 57 339 65 0 0 0 0 0 0 0
car 0.0 0 0 179 287 193 302 0 0 0 0 0 0 0
car 0.0 0 0 296 12 308 21 0 0 0 0 0 0 0
car 0.0 0 0 106 293 117 306 0 0 0 0 0 0 0
car 0.0 0 0 30 313 45 325 0 0 0 0 0 0 0
car 0.916666666667 0 0 72 351 83 352 0 0 0 0 0 0 0
car 0.933333333333 0 0 0 41 1 58 0 0 0 0 0 0 0
car 0.0 0 0 15 319 30 332 0 0 0 0 0 0 0
