car 0.0 0 0 204 103 212 114 0 0 0 0 0 0 0
car 0.0 0 0 246 100 256 109 0 0 0 0 0 0 0
car 0.0 0 0 297 91 306 102 0 0 0 0 0 0 0
car 0.0 0 0 211 104 218 113 0 0 0 0 0 0 0
car 0.0 0 0 91 116 99 126 0 0 0 0 0 0 0
car 0.0 0 0 257 97 266 106 0 0 0 0 0 0 0
car 0.0 0 0 70 120 78 129 0 0 0 0 0 0 0
car 0.0 0 0 8 22 21 29 0 0 0 0 0 0 0
car 0.0 0 0 319 91 330 100 0 0 0 0 0 0 0
car 0.0 0 0 18 65 30 71 0 0 0 0 0 0 0
car 0.0 0 0 7 31 22 36 0 0 0 0 0 0 0
car 0.666666666667 0 0 2 0 17 2 0 0 0 0 0 0 0
car 0.0 0 0 332 90 339 99 0 0 0 0 0 0 0
car 0.0 0 0 138 105 152 108 0 0 0 0 0 0 0
car 0.0 0 0 240 101 248 110 0 0 0 0 0 0 0
car 0.0 0 0 285 94 297 104 0 0 0 0 0 0 0
car 0.0 0 0 175 109 185 119 0 0 0 0 0 0 0
car 0.0 0 0 192 107 201 116 0 0 0 0 0 0 0
car 0.0 0 0 339 88 351 98 0 0 0 0 0 0 0
