car 0.0 0 0 299 122 312 136 0 0 0 0 0 0 0
car 0.0 0 0 327 107 344 117 0 0 0 0 0 0 0
car 0.0 0 0 316 90 330 99 0 0 0 0 0 0 0
car 0.125 0 0 338 79 352 90 0 0 0 0 0 0 0
car 0.333333333333 0 0 342 86 352 96 0 0 0 0 0 0 0
car 0.933333333333 0 0 351 98 352 106 0 0 0 0 0 0 0
car 0.0 0 0 317 95 336 104 0 0 0 0 0 0 0
car 0.0 0 0 335 77 347 82 0 0 0 0 0 0 0
car 0.0 0 0 327 102 338 109 0 0 0 0 0 0 0
car 0.75 0 0 349 94 352 99 0 0 0 0 0 0 0
car 0.0 0 0 166 76 181 88 0 0 0 0 0 0 0
car 0.0 0 0 215 175 234 185 0 0 0 0 0 0 0
car 0.0 0 0 311 85 322 93 0 0 0 0 0 0 0
car 0.0833333333333 0 0 341 228 352 241 0 0 0 0 0 0 0
car 0.0 0 0 330 70 339 76 0 0 0 0 0 0 0
car 0.5 0 0 348 62 352 70 0 0 0 0 0 0 0
car 0.0 0 0 277 234 293 242 0 0 0 0 0 0 0
car 0.0 0 0 335 114 348 123 0 0 0 0 0 0 0
car 0.0 0 0 287 107 304 120 0 0 0 0 0 0 0
car 0.714285714286 0 0 348 70 352 76 0 0 0 0 0 0 0
car 0.111111111111 0 0 344 126 352 132 0 0 0 0 0 0 0
car 0.0 0 0 305 78 316 86 0 0 0 0 0 0 0
