car 0.0 0 0 107 201 128 226 0 0 0 0 0 0 0
car 0.0 0 0 108 39 117 53 0 0 0 0 0 0 0
car 0.0 0 0 96 44 110 75 0 0 0 0 0 0 0
car 0.297872340426 0 0 121 0 141 33 0 0 0 0 0 0 0
car 0.0 0 0 106 183 120 207 0 0 0 0 0 0 0
car 0.0 0 0 246 228 261 246 0 0 0 0 0 0 0
car 0.0 0 0 143 101 159 117 0 0 0 0 0 0 0
car 0.0 0 0 139 306 150 324 0 0 0 0 0 0 0
car 0.0 0 0 219 235 228 247 0 0 0 0 0 0 0
car 0.0 0 0 123 323 138 332 0 0 0 0 0 0 0
car 0.0 0 0 268 260 284 270 0 0 0 0 0 0 0
car 0.0 0 0 237 280 249 291 0 0 0 0 0 0 0
car 0.0 0 0 144 119 153 133 0 0 0 0 0 0 0
car 0.0 0 0 231 234 241 246 0 0 0 0 0 0 0
car 0.0 0 0 122 306 135 321 0 0 0 0 0 0 0
car 0.0 0 0 112 156 127 177 0 0 0 0 0 0 0
