car 0.0 0 0 300 115 317 127 0 0 0 0 0 0 0
car 0.9 0 0 0 85 2 117 0 0 0 0 0 0 0
car 0.3125 0 0 0 211 11 221 0 0 0 0 0 0 0
car 0.0 0 0 24 121 65 137 0 0 0 0 0 0 0
car 0.0 0 0 10 102 57 118 0 0 0 0 0 0 0
car 0.272727272727 0 0 0 89 16 121 0 0 0 0 0 0 0
car 0.0 0 0 227 139 242 147 0 0 0 0 0 0 0
car 0.0 0 0 18 110 63 129 0 0 0 0 0 0 0
car 0.0 0 0 75 181 90 190 0 0 0 0 0 0 0
car 0.0 0 0 316 109 339 121 0 0 0 0 0 0 0
car 0.333333333333 0 0 340 108 352 116 0 0 0 0 0 0 0
car 0.0 0 0 27 134 68 152 0 0 0 0 0 0 0
car 0.0 0 0 189 145 212 156 0 0 0 0 0 0 0
car 0.0 0 0 245 132 258 142 0 0 0 0 0 0 0
