car 0.0 0 0 323 99 342 121 0 0 0 0 0 0 0
car 0.0 0 0 250 25 264 41 0 0 0 0 0 0 0
car 0.0 0 0 221 241 237 261 0 0 0 0 0 0 0
car 0.0 0 0 244 304 256 317 0 0 0 0 0 0 0
car 0.0 0 0 319 225 330 237 0 0 0 0 0 0 0
car 0.642857142857 0 0 347 125 352 138 0 0 0 0 0 0 0
car 0.0 0 0 269 336 285 346 0 0 0 0 0 0 0
car 0.0 0 0 254 265 265 274 0 0 0 0 0 0 0
car 0.0 0 0 219 194 230 206 0 0 0 0 0 0 0
car 0.0 0 0 233 333 246 347 0 0 0 0 0 0 0
car 0.0 0 0 272 213 283 224 0 0 0 0 0 0 0
car 0.0 0 0 210 131 225 170 0 0 0 0 0 0 0
car 0.461538461538 0 0 157 0 168 7 0 0 0 0 0 0 0
car 0.0 0 0 319 187 330 201 0 0 0 0 0 0 0
car 0.0 0 0 269 251 281 261 0 0 0 0 0 0 0
