car 0.0 0 0 209 328 222 341 0 0 0 0 0 0 0
car 0.272727272727 0 0 119 344 127 352 0 0 0 0 0 0 0
car 0.0 0 0 188 335 195 345 0 0 0 0 0 0 0
car 0.0 0 0 196 333 205 345 0 0 0 0 0 0 0
car 0.0 0 0 257 327 265 338 0 0 0 0 0 0 0
car 0.0 0 0 248 328 259 339 0 0 0 0 0 0 0
car 0.0 0 0 111 334 126 341 0 0 0 0 0 0 0
car 0.888888888889 0 0 351 311 352 316 0 0 0 0 0 0 0
car 0.0 0 0 93 338 107 345 0 0 0 0 0 0 0
car 0.0 0 0 327 320 337 331 0 0 0 0 0 0 0
car 0.0 0 0 336 320 344 328 0 0 0 0 0 0 0
car 0.0 0 0 153 339 160 349 0 0 0 0 0 0 0
car 0.0 0 0 281 304 298 314 0 0 0 0 0 0 0
car 0.0 0 0 346 319 351 329 0 0 0 0 0 0 0
car 0.0 0 0 330 311 343 317 0 0 0 0 0 0 0
car 0.0 0 0 162 338 169 348 0 0 0 0 0 0 0
car 0.0 0 0 283 324 293 333 0 0 0 0 0 0 0
car 0.0 0 0 310 311 325 319 0 0 0 0 0 0 0
car 0.9 0 0 65 351 74 352 0 0 0 0 0 0 0
car 0.0 0 0 178 337 185 347 0 0 0 0 0 0 0
car 0.333333333333 0 0 107 346 117 352 0 0 0 0 0 0 0
car 0.0 0 0 128 323 141 331 0 0 0 0 0 0 0
car 0.0 0 0 143 341 150 351 0 0 0 0 0 0 0
car 0.8 0 0 76 350 87 352 0 0 0 0 0 0 0
car 0.0 0 0 170 337 177 347 0 0 0 0 0 0 0
car 0.0 0 0 292 321 302 333 0 0 0 0 0 0 0
car 0.0 0 0 238 329 246 339 0 0 0 0 0 0 0
car 0.0 0 0 267 326 276 337 0 0 0 0 0 0 0
car 0.0 0 0 275 326 282 335 0 0 0 0 0 0 0
car 0.0 0 0 221 327 228 340 0 0 0 0 0 0 0
car 0.0 0 0 230 328 239 340 0 0 0 0 0 0 0
car 0.0 0 0 302 320 309 331 0 0 0 0 0 0 0
car 0.0 0 0 319 321 327 331 0 0 0 0 0 0 0
car 0.444444444444 0 0 98 347 106 352 0 0 0 0 0 0 0
car 0.0 0 0 128 343 136 352 0 0 0 0 0 0 0
car 0.0 0 0 311 320 318 330 0 0 0 0 0 0 0
car 0.0 0 0 265 316 279 323 0 0 0 0 0 0 0
