car 0.0 0 0 167 119 186 129 0 0 0 0 0 0 0
car 0.0 0 0 101 129 122 138 0 0 0 0 0 0 0
car 0.0 0 0 60 128 75 142 0 0 0 0 0 0 0
car 0.0 0 0 190 117 214 127 0 0 0 0 0 0 0
car 0.0 0 0 240 104 267 116 0 0 0 0 0 0 0
car 0.0 0 0 62 248 74 262 0 0 0 0 0 0 0
car 1.0 0 0 0 200 0 223 0 0 0 0 0 0 0
car 0.0 0 0 117 132 140 140 0 0 0 0 0 0 0
car 0.0 0 0 259 92 283 103 0 0 0 0 0 0 0
car 0.0 0 0 230 99 254 110 0 0 0 0 0 0 0
car 0.0 0 0 147 130 171 139 0 0 0 0 0 0 0
car 0.0 0 0 213 111 238 121 0 0 0 0 0 0 0
car 0.0 0 0 289 85 308 95 0 0 0 0 0 0 0
car 0.0 0 0 8 258 19 272 0 0 0 0 0 0 0
car 0.0 0 0 141 124 164 132 0 0 0 0 0 0 0
car 0.0 0 0 205 327 222 333 0 0 0 0 0 0 0
car 0.0 0 0 236 331 256 338 0 0 0 0 0 0 0
car 0.0 0 0 109 278 127 285 0 0 0 0 0 0 0
car 0.692307692308 0 0 13 348 21 352 0 0 0 0 0 0 0
car 0.0 0 0 80 338 88 347 0 0 0 0 0 0 0
car 0.0 0 0 149 228 158 241 0 0 0 0 0 0 0
car 0.0 0 0 240 339 255 345 0 0 0 0 0 0 0
car 0.307692307692 0 0 0 26 9 39 0 0 0 0 0 0 0
car 0.0 0 0 168 307 185 316 0 0 0 0 0 0 0
car 0.0 0 0 209 319 221 325 0 0 0 0 0 0 0
car 0.272727272727 0 0 0 300 8 305 0 0 0 0 0 0 0
car 0.0 0 0 277 259 295 266 0 0 0 0 0 0 0
car 0.0 0 0 245 238 257 249 0 0 0 0 0 0 0
car 0.0 0 0 220 198 231 210 0 0 0 0 0 0 0
car 0.0 0 0 319 199 335 203 0 0 0 0 0 0 0
car 0.916666666667 0 0 351 72 352 81 0 0 0 0 0 0 0
car 0.0 0 0 152 337 165 344 0 0 0 0 0 0 0
car 0.142857142857 0 0 37 334 52 352 0 0 0 0 0 0 0
car 0.0 0 0 40 119 56 130 0 0 0 0 0 0 0
car 0.0 0 0 1 291 11 296 0 0 0 0 0 0 0
car 0.0 0 0 278 94 300 107 0 0 0 0 0 0 0
car 0.0 0 0 155 213 161 224 0 0 0 0 0 0 0
car 0.0 0 0 280 266 294 272 0 0 0 0 0 0 0
car 0.0 0 0 246 189 256 201 0 0 0 0 0 0 0
car 0.0 0 0 317 185 330 190 0 0 0 0 0 0 0
car 0.0 0 0 321 206 333 211 0 0 0 0 0 0 0
car 0.9 0 0 83 351 92 352 0 0 0 0 0 0 0
car 0.0 0 0 101 243 116 248 0 0 0 0 0 0 0
car 0.0 0 0 289 306 305 315 0 0 0 0 0 0 0
car 0.0 0 0 236 195 245 208 0 0 0 0 0 0 0
car 0.0 0 0 264 187 273 197 0 0 0 0 0 0 0
car 0.0 0 0 115 320 131 327 0 0 0 0 0 0 0
car 0.0 0 0 170 329 184 336 0 0 0 0 0 0 0
car 0.0 0 0 206 339 219 346 0 0 0 0 0 0 0
car 0.0 0 0 330 76 345 84 0 0 0 0 0 0 0
car 0.0 0 0 163 281 177 288 0 0 0 0 0 0 0
car 0.0 0 0 169 295 180 300 0 0 0 0 0 0 0
car 0.142857142857 0 0 332 346 345 352 0 0 0 0 0 0 0
car 0.0 0 0 74 308 85 321 0 0 0 0 0 0 0
car 0.0 0 0 164 215 172 224 0 0 0 0 0 0 0
car 0.0 0 0 107 262 119 269 0 0 0 0 0 0 0
car 0.0 0 0 232 238 241 250 0 0 0 0 0 0 0
car 0.166666666667 0 0 210 347 222 352 0 0 0 0 0 0 0
car 0.0 0 0 148 287 164 296 0 0 0 0 0 0 0
car 0.0 0 0 166 299 182 307 0 0 0 0 0 0 0
car 0.0 0 0 143 262 157 270 0 0 0 0 0 0 0
car 0.0 0 0 200 255 215 261 0 0 0 0 0 0 0
car 0.0 0 0 152 331 165 337 0 0 0 0 0 0 0
car 0.0 0 0 116 307 129 313 0 0 0 0 0 0 0
car 0.0 0 0 326 320 341 326 0 0 0 0 0 0 0
car 0.0 0 0 8 331 20 340 0 0 0 0 0 0 0
car 0.0 0 0 117 231 127 243 0 0 0 0 0 0 0
car 0.0 0 0 138 230 149 240 0 0 0 0 0 0 0
car 0.0 0 0 278 184 287 196 0 0 0 0 0 0 0
car 0.0 0 0 28 329 38 340 0 0 0 0 0 0 0
car 0.0 0 0 119 328 135 337 0 0 0 0 0 0 0
car 0.0 0 0 316 271 330 278 0 0 0 0 0 0 0
car 0.0 0 0 277 247 290 252 0 0 0 0 0 0 0
car 0.0 0 0 79 327 86 336 0 0 0 0 0 0 0
car 0.0 0 0 204 282 219 289 0 0 0 0 0 0 0
car 0.0 0 0 23 309 36 324 0 0 0 0 0 0 0
car 0.0 0 0 257 327 273 335 0 0 0 0 0 0 0
car 0.0 0 0 273 231 286 238 0 0 0 0 0 0 0
car 0.0 0 0 145 276 158 283 0 0 0 0 0 0 0
car 0.0 0 0 148 297 162 304 0 0 0 0 0 0 0
car 0.0 0 0 66 262 76 272 0 0 0 0 0 0 0
car 0.0 0 0 105 250 117 257 0 0 0 0 0 0 0
car 0.0 0 0 202 267 219 274 0 0 0 0 0 0 0
car 0.0 0 0 260 337 277 343 0 0 0 0 0 0 0
car 0.0 0 0 256 190 267 199 0 0 0 0 0 0 0
car 0.153846153846 0 0 171 341 191 352 0 0 0 0 0 0 0
car 0.0 0 0 43 280 55 291 0 0 0 0 0 0 0
car 0.0 0 0 23 290 32 300 0 0 0 0 0 0 0
car 0.0 0 0 127 232 138 241 0 0 0 0 0 0 0
car 0.0 0 0 275 239 290 245 0 0 0 0 0 0 0
car 0.0 0 0 277 252 292 259 0 0 0 0 0 0 0
car 0.0 0 0 319 191 332 196 0 0 0 0 0 0 0
car 0.6 0 0 29 348 40 352 0 0 0 0 0 0 0
car 0.0 0 0 153 324 165 330 0 0 0 0 0 0 0
car 0.0 0 0 155 343 172 351 0 0 0 0 0 0 0
car 0.0 0 0 318 263 331 270 0 0 0 0 0 0 0
car 0.0 0 0 34 305 56 331 0 0 0 0 0 0 0
car 0.0 0 0 241 322 254 328 0 0 0 0 0 0 0
car 0.0 0 0 321 298 336 304 0 0 0 0 0 0 0
car 0.0 0 0 178 213 189 224 0 0 0 0 0 0 0
car 0.0 0 0 163 274 177 280 0 0 0 0 0 0 0
car 0.0 0 0 167 289 180 294 0 0 0 0 0 0 0
car 0.0 0 0 204 274 218 281 0 0 0 0 0 0 0
car 0.0 0 0 284 274 295 281 0 0 0 0 0 0 0
car 0.0 0 0 287 181 296 191 0 0 0 0 0 0 0
car 0.0 0 0 317 83 330 90 0 0 0 0 0 0 0
car 0.0 0 0 70 279 78 289 0 0 0 0 0 0 0
car 0.0 0 0 115 299 128 306 0 0 0 0 0 0 0
car 0.0 0 0 115 285 125 292 0 0 0 0 0 0 0
car 0.0 0 0 270 224 286 233 0 0 0 0 0 0 0
car 0.0 0 0 146 282 162 287 0 0 0 0 0 0 0
car 0.0 0 0 169 321 184 329 0 0 0 0 0 0 0
car 0.0 0 0 298 178 306 187 0 0 0 0 0 0 0
car 0.0 0 0 162 267 176 274 0 0 0 0 0 0 0
car 0.0 0 0 207 332 221 338 0 0 0 0 0 0 0
car 0.0 0 0 319 291 335 297 0 0 0 0 0 0 0
