car 0.0 0 0 205 197 214 211 0 0 0 0 0 0 0
car 0.0 0 0 332 231 345 244 0 0 0 0 0 0 0
car 0.0 0 0 284 223 303 232 0 0 0 0 0 0 0
car 0.0 0 0 200 173 210 182 0 0 0 0 0 0 0
car 0.0 0 0 92 254 105 263 0 0 0 0 0 0 0
car 0.0 0 0 109 319 122 327 0 0 0 0 0 0 0
car 0.0 0 0 218 239 227 246 0 0 0 0 0 0 0
car 0.0 0 0 100 287 115 294 0 0 0 0 0 0 0
car 0.0 0 0 93 265 107 270 0 0 0 0 0 0 0
car 0.0 0 0 98 271 112 278 0 0 0 0 0 0 0
car 0.0 0 0 98 279 113 287 0 0 0 0 0 0 0
car 0.0 0 0 155 142 170 147 0 0 0 0 0 0 0
car 0.0 0 0 110 327 123 336 0 0 0 0 0 0 0
car 0.0 0 0 279 33 291 41 0 0 0 0 0 0 0
car 0.875 0 0 116 351 132 352 0 0 0 0 0 0 0
car 0.0 0 0 89 238 102 246 0 0 0 0 0 0 0
car 0.0 0 0 74 196 89 203 0 0 0 0 0 0 0
car 0.0 0 0 80 212 94 220 0 0 0 0 0 0 0
car 0.0 0 0 74 319 86 325 0 0 0 0 0 0 0
car 0.0 0 0 34 111 45 123 0 0 0 0 0 0 0
car 0.0 0 0 137 73 150 83 0 0 0 0 0 0 0
car 0.0 0 0 57 187 64 197 0 0 0 0 0 0 0
car 0.0 0 0 68 291 81 299 0 0 0 0 0 0 0
car 0.0 0 0 89 117 107 126 0 0 0 0 0 0 0
car 0.0 0 0 120 143 139 153 0 0 0 0 0 0 0
car 0.0 0 0 57 224 68 230 0 0 0 0 0 0 0
car 0.0 0 0 140 144 154 152 0 0 0 0 0 0 0
car 0.0 0 0 117 76 133 88 0 0 0 0 0 0 0
car 0.0 0 0 76 326 87 333 0 0 0 0 0 0 0
car 0.0 0 0 83 227 97 238 0 0 0 0 0 0 0
car 0.222222222222 0 0 84 345 97 352 0 0 0 0 0 0 0
car 0.0 0 0 67 281 79 290 0 0 0 0 0 0 0
car 0.347826086957 0 0 0 109 15 121 0 0 0 0 0 0 0
car 0.0 0 0 53 211 62 220 0 0 0 0 0 0 0
car 0.0 0 0 264 36 275 44 0 0 0 0 0 0 0
car 0.0 0 0 103 294 117 302 0 0 0 0 0 0 0
car 0.0 0 0 58 232 69 238 0 0 0 0 0 0 0
car 0.0 0 0 73 311 83 316 0 0 0 0 0 0 0
car 0.0 0 0 79 335 92 341 0 0 0 0 0 0 0
car 0.0 0 0 108 304 117 311 0 0 0 0 0 0 0
car 0.0 0 0 16 108 34 116 0 0 0 0 0 0 0
car 0.0 0 0 49 197 60 207 0 0 0 0 0 0 0
car 0.0 0 0 106 312 119 319 0 0 0 0 0 0 0
car 0.0 0 0 204 186 215 194 0 0 0 0 0 0 0
car 0.0 0 0 198 158 207 168 0 0 0 0 0 0 0
car 0.0 0 0 95 84 115 96 0 0 0 0 0 0 0
car 0.0 0 0 72 187 88 195 0 0 0 0 0 0 0
car 0.0 0 0 72 303 82 308 0 0 0 0 0 0 0
car 0.0 0 0 79 203 91 213 0 0 0 0 0 0 0
car 0.0 0 0 216 228 225 237 0 0 0 0 0 0 0
car 0.0 0 0 60 239 70 247 0 0 0 0 0 0 0
car 0.0 0 0 113 336 126 345 0 0 0 0 0 0 0
car 0.0 0 0 89 246 104 253 0 0 0 0 0 0 0
car 0.0 0 0 66 265 76 274 0 0 0 0 0 0 0
car 0.0 0 0 114 344 124 351 0 0 0 0 0 0 0
