car 0.0 0 0 182 114 192 127 0 0 0 0 0 0 0
car 0.0 0 0 48 313 58 326 0 0 0 0 0 0 0
car 0.0 0 0 58 313 68 326 0 0 0 0 0 0 0
car 0.0 0 0 68 312 77 324 0 0 0 0 0 0 0
car 0.0 0 0 78 311 88 324 0 0 0 0 0 0 0
car 0.0 0 0 86 310 94 323 0 0 0 0 0 0 0
car 0.0 0 0 84 49 97 57 0 0 0 0 0 0 0
car 0.0 0 0 131 103 148 114 0 0 0 0 0 0 0
car 0.625 0 0 109 0 122 3 0 0 0 0 0 0 0
car 0.0 0 0 189 300 201 310 0 0 0 0 0 0 0
car 0.0 0 0 81 33 97 40 0 0 0 0 0 0 0
car 0.0 0 0 89 55 102 62 0 0 0 0 0 0 0
car 0.0 0 0 263 291 272 301 0 0 0 0 0 0 0
car 0.0 0 0 154 235 170 244 0 0 0 0 0 0 0
car 0.0 0 0 122 55 139 62 0 0 0 0 0 0 0
car 0.0 0 0 168 292 177 300 0 0 0 0 0 0 0
car 0.0 0 0 108 146 121 155 0 0 0 0 0 0 0
car 0.0 0 0 145 227 155 236 0 0 0 0 0 0 0
car 0.0 0 0 175 118 182 127 0 0 0 0 0 0 0
car 0.0 0 0 118 45 134 52 0 0 0 0 0 0 0
car 0.0 0 0 187 288 198 296 0 0 0 0 0 0 0
car 0.0 0 0 205 286 218 294 0 0 0 0 0 0 0
car 0.0 0 0 276 305 287 318 0 0 0 0 0 0 0
car 0.0 0 0 110 3 123 12 0 0 0 0 0 0 0
car 0.0 0 0 181 300 188 311 0 0 0 0 0 0 0
car 0.0 0 0 150 208 164 217 0 0 0 0 0 0 0
car 0.0 0 0 126 61 139 69 0 0 0 0 0 0 0
car 0.0 0 0 116 27 132 35 0 0 0 0 0 0 0
car 0.0 0 0 114 170 126 181 0 0 0 0 0 0 0
car 0.0 0 0 133 163 144 177 0 0 0 0 0 0 0
car 0.0 0 0 146 192 160 200 0 0 0 0 0 0 0
car 0.0 0 0 27 311 36 316 0 0 0 0 0 0 0
car 0.0 0 0 121 309 130 317 0 0 0 0 0 0 0
car 0.833333333333 0 0 74 0 86 1 0 0 0 0 0 0 0
car 0.0 0 0 3 320 13 331 0 0 0 0 0 0 0
car 0.0 0 0 96 98 110 106 0 0 0 0 0 0 0
car 0.0 0 0 99 107 114 115 0 0 0 0 0 0 0
car 0.0 0 0 167 101 179 106 0 0 0 0 0 0 0
car 0.0 0 0 12 320 20 328 0 0 0 0 0 0 0
car 0.0 0 0 144 181 159 192 0 0 0 0 0 0 0
car 0.0 0 0 60 305 72 312 0 0 0 0 0 0 0
car 0.0 0 0 254 292 262 304 0 0 0 0 0 0 0
car 0.0 0 0 89 63 102 72 0 0 0 0 0 0 0
car 0.0 0 0 92 73 105 82 0 0 0 0 0 0 0
car 0.0 0 0 153 244 169 254 0 0 0 0 0 0 0
car 0.0 0 0 141 130 152 139 0 0 0 0 0 0 0
car 0.0 0 0 117 35 132 44 0 0 0 0 0 0 0
car 0.0 0 0 22 319 27 329 0 0 0 0 0 0 0
car 0.0 0 0 29 318 36 329 0 0 0 0 0 0 0
car 0.0 0 0 199 298 207 307 0 0 0 0 0 0 0
car 0.0 0 0 279 276 291 284 0 0 0 0 0 0 0
car 0.0 0 0 76 2 87 9 0 0 0 0 0 0 0
car 0.0 0 0 6 311 19 317 0 0 0 0 0 0 0
car 0.0 0 0 234 292 244 305 0 0 0 0 0 0 0
car 0.0 0 0 244 292 254 304 0 0 0 0 0 0 0
car 0.0 0 0 84 21 97 30 0 0 0 0 0 0 0
car 0.933333333333 0 0 0 311 1 319 0 0 0 0 0 0 0
car 0.0 0 0 316 274 329 283 0 0 0 0 0 0 0
car 0.0 0 0 149 201 164 211 0 0 0 0 0 0 0
car 0.0 0 0 209 296 217 307 0 0 0 0 0 0 0
car 0.0 0 0 295 277 310 286 0 0 0 0 0 0 0
car 0.0 0 0 135 88 146 96 0 0 0 0 0 0 0
car 0.0 0 0 189 103 198 114 0 0 0 0 0 0 0
car 0.0 0 0 129 296 140 304 0 0 0 0 0 0 0
car 0.0 0 0 79 11 92 17 0 0 0 0 0 0 0
car 0.0 0 0 110 156 122 165 0 0 0 0 0 0 0
car 0.0 0 0 147 175 159 183 0 0 0 0 0 0 0
car 0.0 0 0 124 94 132 103 0 0 0 0 0 0 0
car 0.0 0 0 119 79 128 89 0 0 0 0 0 0 0
car 0.0 0 0 152 218 167 226 0 0 0 0 0 0 0
car 0.0 0 0 140 146 156 158 0 0 0 0 0 0 0
car 0.0 0 0 195 116 206 126 0 0 0 0 0 0 0
car 0.0 0 0 241 283 254 289 0 0 0 0 0 0 0
car 0.0 0 0 225 294 235 303 0 0 0 0 0 0 0
car 0.0 0 0 217 295 223 305 0 0 0 0 0 0 0
car 0.0 0 0 93 81 106 90 0 0 0 0 0 0 0
car 0.0 0 0 100 115 115 124 0 0 0 0 0 0 0
car 0.0 0 0 140 201 148 210 0 0 0 0 0 0 0
car 0.0 0 0 261 281 272 287 0 0 0 0 0 0 0
car 0.0 0 0 127 74 142 81 0 0 0 0 0 0 0
car 0.625 0 0 0 321 3 331 0 0 0 0 0 0 0
car 0.0 0 0 80 303 93 310 0 0 0 0 0 0 0
car 0.0 0 0 83 40 95 48 0 0 0 0 0 0 0
car 0.0 0 0 100 124 114 133 0 0 0 0 0 0 0
car 0.0 0 0 105 131 118 141 0 0 0 0 0 0 0
car 0.0 0 0 133 113 146 121 0 0 0 0 0 0 0
car 0.0 0 0 155 227 168 235 0 0 0 0 0 0 0
car 0.0 0 0 113 12 126 21 0 0 0 0 0 0 0
car 0.0 0 0 164 94 177 100 0 0 0 0 0 0 0
car 0.0 0 0 95 91 108 98 0 0 0 0 0 0 0
car 0.0 0 0 145 157 154 168 0 0 0 0 0 0 0
car 0.0 0 0 114 20 124 27 0 0 0 0 0 0 0
