car 0.0 0 0 238 180 247 195 0 0 0 0 0 0 0
car 0.0 0 0 190 187 209 196 0 0 0 0 0 0 0
car 0.0 0 0 190 217 205 226 0 0 0 0 0 0 0
car 0.0 0 0 280 18 295 43 0 0 0 0 0 0 0
car 0.0 0 0 234 168 251 184 0 0 0 0 0 0 0
car 0.0 0 0 166 214 181 224 0 0 0 0 0 0 0
car 0.0 0 0 223 122 238 142 0 0 0 0 0 0 0
car 0.0 0 0 167 207 185 217 0 0 0 0 0 0 0
car 0.0 0 0 127 318 140 327 0 0 0 0 0 0 0
car 0.0 0 0 200 20 221 33 0 0 0 0 0 0 0
car 0.0 0 0 125 313 138 320 0 0 0 0 0 0 0
car 0.0 0 0 128 303 146 313 0 0 0 0 0 0 0
car 0.0 0 0 177 333 189 344 0 0 0 0 0 0 0
