car 0.0 0 0 120 151 134 169 0 0 0 0 0 0 0
car 0.0 0 0 230 136 239 148 0 0 0 0 0 0 0
car 0.0 0 0 236 146 251 152 0 0 0 0 0 0 0
car 0.0 0 0 209 4 222 17 0 0 0 0 0 0 0
car 0.0 0 0 189 201 205 206 0 0 0 0 0 0 0
car 0.0 0 0 119 20 127 31 0 0 0 0 0 0 0
car 0.0 0 0 188 11 195 21 0 0 0 0 0 0 0
car 0.0 0 0 68 175 80 182 0 0 0 0 0 0 0
car 0.0 0 0 196 9 205 21 0 0 0 0 0 0 0
car 0.0 0 0 257 3 265 14 0 0 0 0 0 0 0
car 0.0 0 0 205 224 218 231 0 0 0 0 0 0 0
car 0.0 0 0 248 4 259 15 0 0 0 0 0 0 0
car 0.0 0 0 111 10 126 17 0 0 0 0 0 0 0
car 0.363636363636 0 0 345 296 352 306 0 0 0 0 0 0 0
car 0.0 0 0 26 177 33 188 0 0 0 0 0 0 0
car 0.769230769231 0 0 349 135 352 143 0 0 0 0 0 0 0
car 0.0 0 0 93 14 107 21 0 0 0 0 0 0 0
car 0.363636363636 0 0 327 0 337 7 0 0 0 0 0 0 0
car 0.0 0 0 187 193 198 199 0 0 0 0 0 0 0
car 0.5 0 0 336 0 344 4 0 0 0 0 0 0 0
car 0.0 0 0 153 15 160 25 0 0 0 0 0 0 0
car 0.5 0 0 346 0 351 5 0 0 0 0 0 0 0
car 0.0 0 0 162 14 169 24 0 0 0 0 0 0 0
car 0.0 0 0 283 0 293 9 0 0 0 0 0 0 0
car 0.0 0 0 65 27 74 37 0 0 0 0 0 0 0
car 0.0 0 0 178 13 185 23 0 0 0 0 0 0 0
car 0.0 0 0 183 183 196 190 0 0 0 0 0 0 0
car 0.0 0 0 110 160 119 170 0 0 0 0 0 0 0
car 0.0 0 0 333 294 345 307 0 0 0 0 0 0 0
car 0.0 0 0 107 22 117 31 0 0 0 0 0 0 0
car 0.0 0 0 274 140 287 148 0 0 0 0 0 0 0
car 0.125 0 0 128 0 141 7 0 0 0 0 0 0 0
car 0.0 0 0 143 17 150 27 0 0 0 0 0 0 0
car 0.0 0 0 204 239 212 251 0 0 0 0 0 0 0
car 0.0 0 0 76 26 87 36 0 0 0 0 0 0 0
car 0.0 0 0 170 13 177 23 0 0 0 0 0 0 0
car 0.25 0 0 292 0 302 9 0 0 0 0 0 0 0
car 0.0 0 0 131 153 142 164 0 0 0 0 0 0 0
car 0.0 0 0 59 168 70 177 0 0 0 0 0 0 0
car 0.0 0 0 238 5 246 15 0 0 0 0 0 0 0
car 0.0 0 0 267 2 276 13 0 0 0 0 0 0 0
car 0.0 0 0 168 183 179 193 0 0 0 0 0 0 0
car 0.0 0 0 275 2 282 11 0 0 0 0 0 0 0
car 0.0 0 0 221 3 228 16 0 0 0 0 0 0 0
car 0.0 0 0 230 4 239 16 0 0 0 0 0 0 0
car 0.0 0 0 166 145 179 156 0 0 0 0 0 0 0
car 0.363636363636 0 0 302 0 309 7 0 0 0 0 0 0 0
car 0.3 0 0 319 0 327 7 0 0 0 0 0 0 0
car 0.0 0 0 98 23 106 32 0 0 0 0 0 0 0
car 0.0 0 0 128 19 136 28 0 0 0 0 0 0 0
car 0.0 0 0 200 211 211 218 0 0 0 0 0 0 0
car 0.4 0 0 311 0 318 6 0 0 0 0 0 0 0
car 0.615384615385 0 0 347 315 352 324 0 0 0 0 0 0 0
