car 0.0 0 0 225 97 238 113 0 0 0 0 0 0 0
car 0.0 0 0 124 146 133 158 0 0 0 0 0 0 0
car 0.0 0 0 199 136 207 150 0 0 0 0 0 0 0
car 0.0 0 0 216 137 226 149 0 0 0 0 0 0 0
car 0.0 0 0 205 3 222 9 0 0 0 0 0 0 0
car 0.0 0 0 236 7 256 14 0 0 0 0 0 0 0
car 0.0 0 0 13 24 21 37 0 0 0 0 0 0 0
car 0.106382978723 0 0 121 310 141 352 0 0 0 0 0 0 0
car 0.0 0 0 80 14 88 23 0 0 0 0 0 0 0
car 0.0 0 0 240 15 255 21 0 0 0 0 0 0 0
car 0.833333333333 0 0 209 0 221 1 0 0 0 0 0 0 0
car 0.0 0 0 246 28 260 33 0 0 0 0 0 0 0
car 0.0 0 0 177 132 191 138 0 0 0 0 0 0 0
car 0.0 0 0 285 131 295 143 0 0 0 0 0 0 0
car 0.0 0 0 89 57 99 67 0 0 0 0 0 0 0
car 0.0 0 0 51 87 61 97 0 0 0 0 0 0 0
car 0.0 0 0 124 32 140 40 0 0 0 0 0 0 0
car 0.0 0 0 308 88 317 98 0 0 0 0 0 0 0
car 0.0 0 0 46 152 58 158 0 0 0 0 0 0 0
car 0.0 0 0 163 60 177 67 0 0 0 0 0 0 0
car 0.0 0 0 166 72 180 80 0 0 0 0 0 0 0
car 0.0 0 0 106 158 122 174 0 0 0 0 0 0 0
car 0.0 0 0 38 131 50 138 0 0 0 0 0 0 0
car 0.0 0 0 183 69 197 77 0 0 0 0 0 0 0
car 0.0 0 0 81 259 93 279 0 0 0 0 0 0 0
car 0.0 0 0 96 95 104 107 0 0 0 0 0 0 0
car 0.0 0 0 87 46 96 54 0 0 0 0 0 0 0
car 0.0 0 0 33 37 43 50 0 0 0 0 0 0 0
car 0.0 0 0 152 13 165 20 0 0 0 0 0 0 0
car 0.0 0 0 141 144 150 154 0 0 0 0 0 0 0
car 0.0 0 0 37 10 52 31 0 0 0 0 0 0 0
car 0.0 0 0 98 111 107 123 0 0 0 0 0 0 0
car 0.0 0 0 266 32 278 40 0 0 0 0 0 0 0
car 0.0 0 0 123 265 138 276 0 0 0 0 0 0 0
car 0.0 0 0 119 248 133 260 0 0 0 0 0 0 0
car 0.0 0 0 29 97 45 103 0 0 0 0 0 0 0
car 0.0 0 0 41 138 53 144 0 0 0 0 0 0 0
car 0.0 0 0 149 142 157 154 0 0 0 0 0 0 0
car 0.0 0 0 91 82 102 91 0 0 0 0 0 0 0
car 0.0 0 0 83 27 92 37 0 0 0 0 0 0 0
car 0.0 0 0 175 143 185 153 0 0 0 0 0 0 0
car 0.0 0 0 312 125 322 138 0 0 0 0 0 0 0
car 0.571428571429 0 0 115 0 131 3 0 0 0 0 0 0 0
car 0.0 0 0 170 5 184 12 0 0 0 0 0 0 0
car 0.0 0 0 160 33 174 40 0 0 0 0 0 0 0
car 0.0 0 0 206 15 219 22 0 0 0 0 0 0 0
car 0.0 0 0 214 28 227 36 0 0 0 0 0 0 0
car 0.0 0 0 269 133 277 145 0 0 0 0 0 0 0
car 0.0 0 0 114 199 125 212 0 0 0 0 0 0 0
car 0.0 0 0 33 111 44 116 0 0 0 0 0 0 0
car 0.0 0 0 332 22 345 29 0 0 0 0 0 0 0
car 0.166666666667 0 0 342 65 352 71 0 0 0 0 0 0 0
car 0.0 0 0 107 173 120 184 0 0 0 0 0 0 0
car 0.0 0 0 210 23 222 29 0 0 0 0 0 0 0
car 0.0 0 0 288 87 298 98 0 0 0 0 0 0 0
car 0.0 0 0 192 141 199 151 0 0 0 0 0 0 0
car 0.0 0 0 130 138 144 161 0 0 0 0 0 0 0
car 0.0 0 0 67 193 79 206 0 0 0 0 0 0 0
car 0.0 0 0 65 169 76 183 0 0 0 0 0 0 0
car 0.0 0 0 23 74 31 84 0 0 0 0 0 0 0
car 0.0 0 0 30 104 45 110 0 0 0 0 0 0 0
car 0.0 0 0 264 51 280 57 0 0 0 0 0 0 0
car 0.0 0 0 152 7 165 13 0 0 0 0 0 0 0
car 0.0 0 0 331 31 346 36 0 0 0 0 0 0 0
car 0.666666666667 0 0 326 0 341 2 0 0 0 0 0 0 0
car 0.0 0 0 156 142 167 154 0 0 0 0 0 0 0
car 0.0 0 0 257 133 267 144 0 0 0 0 0 0 0
car 0.0 0 0 116 213 126 225 0 0 0 0 0 0 0
car 0.0 0 0 8 7 20 16 0 0 0 0 0 0 0
car 0.0 0 0 33 127 46 132 0 0 0 0 0 0 0
car 0.0 0 0 28 5 38 16 0 0 0 0 0 0 0
car 0.0 0 0 119 4 135 13 0 0 0 0 0 0 0
car 0.0 0 0 165 144 174 153 0 0 0 0 0 0 0
car 0.0 0 0 75 244 86 254 0 0 0 0 0 0 0
car 0.0 0 0 79 3 86 12 0 0 0 0 0 0 0
car 0.0 0 0 50 73 60 84 0 0 0 0 0 0 0
car 0.0 0 0 170 83 183 90 0 0 0 0 0 0 0
car 0.0 0 0 242 136 251 148 0 0 0 0 0 0 0
car 0.0 0 0 105 145 118 162 0 0 0 0 0 0 0
car 0.0 0 0 42 35 60 65 0 0 0 0 0 0 0
car 1.0 0 0 23 0 36 0 0 0 0 0 0 0 0
car 0.0 0 0 32 120 45 126 0 0 0 0 0 0 0
car 0.0 0 0 212 35 228 43 0 0 0 0 0 0 0
car 0.0 0 0 257 3 273 11 0 0 0 0 0 0 0
car 0.0 0 0 74 207 83 217 0 0 0 0 0 0 0
car 0.0 0 0 133 76 149 85 0 0 0 0 0 0 0
car 0.0 0 0 34 54 46 65 0 0 0 0 0 0 0
car 0.0 0 0 45 145 58 150 0 0 0 0 0 0 0
car 0.0 0 0 48 61 58 72 0 0 0 0 0 0 0
car 0.0 0 0 260 13 277 19 0 0 0 0 0 0 0
car 0.0 0 0 304 46 322 55 0 0 0 0 0 0 0
car 0.0 0 0 182 142 191 151 0 0 0 0 0 0 0
car 0.0 0 0 171 17 191 30 0 0 0 0 0 0 0
car 0.0 0 0 47 103 57 119 0 0 0 0 0 0 0
car 0.0 0 0 121 226 127 238 0 0 0 0 0 0 0
car 0.0 0 0 303 127 313 141 0 0 0 0 0 0 0
car 0.0 0 0 71 218 85 237 0 0 0 0 0 0 0
car 0.0 0 0 308 61 321 67 0 0 0 0 0 0 0
car 0.0 0 0 208 138 216 148 0 0 0 0 0 0 0
car 0.0 0 0 29 24 40 34 0 0 0 0 0 0 0
car 0.0 0 0 126 55 144 61 0 0 0 0 0 0 0
car 0.0 0 0 127 48 140 56 0 0 0 0 0 0 0
car 0.0 0 0 153 0 165 6 0 0 0 0 0 0 0
car 0.0 0 0 155 19 172 27 0 0 0 0 0 0 0
car 0.0 0 0 175 31 191 42 0 0 0 0 0 0 0
car 0.730769230769 0 0 34 0 56 7 0 0 0 0 0 0 0
car 0.0 0 0 266 58 280 66 0 0 0 0 0 0 0
car 0.0 0 0 124 40 143 48 0 0 0 0 0 0 0
car 0.333333333333 0 0 241 0 254 4 0 0 0 0 0 0 0
car 0.0 0 0 90 70 100 80 0 0 0 0 0 0 0
car 0.0 0 0 16 49 30 58 0 0 0 0 0 0 0
car 0.0 0 0 298 87 308 99 0 0 0 0 0 0 0
car 0.0 0 0 295 131 302 141 0 0 0 0 0 0 0
car 0.0 0 0 209 44 234 54 0 0 0 0 0 0 0
car 0.0 0 0 86 296 95 311 0 0 0 0 0 0 0
car 0.375 0 0 169 0 184 5 0 0 0 0 0 0 0
car 0.0 0 0 20 60 29 70 0 0 0 0 0 0 0
car 0.0 0 0 207 8 221 14 0 0 0 0 0 0 0
car 0.0 0 0 267 72 282 79 0 0 0 0 0 0 0
car 0.0 0 0 226 137 234 147 0 0 0 0 0 0 0
