car 0.0 0 0 286 284 300 302 0 0 0 0 0 0 0
car 0.0 0 0 246 121 261 139 0 0 0 0 0 0 0
car 0.0 0 0 337 24 345 37 0 0 0 0 0 0 0
car 0.0 0 0 188 214 203 230 0 0 0 0 0 0 0
car 0.0 0 0 269 191 288 215 0 0 0 0 0 0 0
car 0.0 0 0 185 181 201 193 0 0 0 0 0 0 0
car 0.0 0 0 215 318 227 329 0 0 0 0 0 0 0
car 0.0 0 0 205 306 215 319 0 0 0 0 0 0 0
car 0.375 0 0 347 74 352 84 0 0 0 0 0 0 0
car 0.0 0 0 196 265 211 286 0 0 0 0 0 0 0
car 0.0 0 0 332 7 344 16 0 0 0 0 0 0 0
car 0.0 0 0 276 311 291 328 0 0 0 0 0 0 0
car 1.0 0 0 347 0 352 0 0 0 0 0 0 0 0
car 0.0 0 0 170 111 193 134 0 0 0 0 0 0 0
car 0.0 0 0 276 221 289 236 0 0 0 0 0 0 0
car 0.0 0 0 211 269 222 278 0 0 0 0 0 0 0
car 0.0 0 0 263 334 283 349 0 0 0 0 0 0 0
car 0.0 0 0 198 290 216 301 0 0 0 0 0 0 0
car 0.142857142857 0 0 340 49 352 58 0 0 0 0 0 0 0
car 0.111111111111 0 0 344 60 352 70 0 0 0 0 0 0 0
