car 0.3125 0 0 0 199 11 203 0 0 0 0 0 0 0
car 0.0 0 0 27 72 39 81 0 0 0 0 0 0 0
car 0.0 0 0 113 97 126 105 0 0 0 0 0 0 0
car 0.538461538462 0 0 0 185 6 190 0 0 0 0 0 0 0
car 0.25 0 0 0 206 9 211 0 0 0 0 0 0 0
car 0.0 0 0 6 76 21 84 0 0 0 0 0 0 0
car 0.142857142857 0 0 8 346 21 352 0 0 0 0 0 0 0
car 0.0 0 0 2 320 17 326 0 0 0 0 0 0 0
car 0.571428571429 0 0 0 271 6 278 0 0 0 0 0 0 0
car 0.0 0 0 101 104 114 112 0 0 0 0 0 0 0
car 0.384615384615 0 0 0 191 8 196 0 0 0 0 0 0 0
car 0.461538461538 0 0 0 263 7 270 0 0 0 0 0 0 0
car 0.2 0 0 0 298 12 304 0 0 0 0 0 0 0
car 0.538461538462 0 0 0 83 6 90 0 0 0 0 0 0 0
car 0.3125 0 0 0 291 11 297 0 0 0 0 0 0 0
