car 0.0 0 0 192 226 202 240 0 0 0 0 0 0 0
car 0.0 0 0 208 286 216 297 0 0 0 0 0 0 0
car 0.0 0 0 197 268 205 284 0 0 0 0 0 0 0
car 0.0 0 0 314 200 324 223 0 0 0 0 0 0 0
car 0.0 0 0 189 240 197 251 0 0 0 0 0 0 0
car 0.0 0 0 332 258 343 272 0 0 0 0 0 0 0
car 0.0 0 0 280 303 296 318 0 0 0 0 0 0 0
car 0.692307692308 0 0 337 348 345 352 0 0 0 0 0 0 0
car 0.0 0 0 320 26 333 39 0 0 0 0 0 0 0
car 0.0 0 0 321 300 332 305 0 0 0 0 0 0 0
car 0.0 0 0 279 33 291 44 0 0 0 0 0 0 0
car 0.0 0 0 266 37 281 56 0 0 0 0 0 0 0
car 0.0 0 0 172 114 183 125 0 0 0 0 0 0 0
car 0.0 0 0 325 291 335 296 0 0 0 0 0 0 0
car 0.0 0 0 288 19 303 33 0 0 0 0 0 0 0
car 0.0 0 0 180 133 191 146 0 0 0 0 0 0 0
car 0.0 0 0 305 172 321 186 0 0 0 0 0 0 0
car 0.0 0 0 152 115 162 127 0 0 0 0 0 0 0
car 0.0 0 0 332 331 344 340 0 0 0 0 0 0 0
car 0.615384615385 0 0 347 309 352 324 0 0 0 0 0 0 0
car 0.0 0 0 310 277 322 290 0 0 0 0 0 0 0
car 0.0 0 0 67 15 83 25 0 0 0 0 0 0 0
car 0.444444444444 0 0 347 290 352 300 0 0 0 0 0 0 0
car 0.0 0 0 286 50 297 68 0 0 0 0 0 0 0
car 0.0 0 0 293 80 301 92 0 0 0 0 0 0 0
car 0.0 0 0 160 111 172 127 0 0 0 0 0 0 0
car 0.0 0 0 286 105 300 119 0 0 0 0 0 0 0
car 0.0 0 0 303 120 315 133 0 0 0 0 0 0 0
car 0.0 0 0 276 16 284 27 0 0 0 0 0 0 0
