car 0.0 0 0 195 207 214 216 0 0 0 0 0 0 0
car 0.0 0 0 136 46 149 57 0 0 0 0 0 0 0
car 0.444444444444 0 0 283 0 298 5 0 0 0 0 0 0 0
car 0.0 0 0 210 28 227 35 0 0 0 0 0 0 0
car 0.0 0 0 123 193 137 202 0 0 0 0 0 0 0
car 0.0 0 0 28 169 40 182 0 0 0 0 0 0 0
car 0.0 0 0 71 163 86 175 0 0 0 0 0 0 0
car 0.0 0 0 116 179 134 186 0 0 0 0 0 0 0
car 0.0 0 0 12 144 23 158 0 0 0 0 0 0 0
car 0.333333333333 0 0 0 266 10 277 0 0 0 0 0 0 0
car 0.714285714286 0 0 0 19 4 30 0 0 0 0 0 0 0
car 0.0 0 0 287 170 305 182 0 0 0 0 0 0 0
car 0.0 0 0 51 214 60 228 0 0 0 0 0 0 0
car 0.0 0 0 65 136 77 143 0 0 0 0 0 0 0
car 0.0 0 0 40 201 56 215 0 0 0 0 0 0 0
car 0.0 0 0 23 66 35 75 0 0 0 0 0 0 0
car 0.0 0 0 79 177 91 184 0 0 0 0 0 0 0
car 0.0 0 0 82 273 96 285 0 0 0 0 0 0 0
car 0.0 0 0 37 189 49 201 0 0 0 0 0 0 0
car 0.0 0 0 16 57 30 66 0 0 0 0 0 0 0
car 0.0 0 0 105 142 117 154 0 0 0 0 0 0 0
car 0.0 0 0 79 190 97 196 0 0 0 0 0 0 0
car 0.0 0 0 17 162 35 169 0 0 0 0 0 0 0
car 0.0 0 0 67 146 84 155 0 0 0 0 0 0 0
car 0.0 0 0 116 172 129 177 0 0 0 0 0 0 0
car 0.0 0 0 107 152 118 163 0 0 0 0 0 0 0
