car 0.111111111111 0 0 131 336 146 352 0 0 0 0 0 0 0
car 0.0 0 0 219 103 233 117 0 0 0 0 0 0 0
car 0.0 0 0 124 21 139 29 0 0 0 0 0 0 0
car 0.615384615385 0 0 273 347 293 352 0 0 0 0 0 0 0
car 0.0 0 0 187 210 199 225 0 0 0 0 0 0 0
car 0.0 0 0 65 171 78 188 0 0 0 0 0 0 0
car 0.0 0 0 146 16 160 27 0 0 0 0 0 0 0
car 0.0 0 0 268 255 282 264 0 0 0 0 0 0 0
car 0.0 0 0 236 310 252 327 0 0 0 0 0 0 0
car 0.0 0 0 246 324 254 341 0 0 0 0 0 0 0
car 0.0 0 0 301 259 312 269 0 0 0 0 0 0 0
car 0.904761904762 0 0 349 0 352 2 0 0 0 0 0 0 0
car 0.0 0 0 75 213 93 225 0 0 0 0 0 0 0
car 0.0 0 0 226 60 235 72 0 0 0 0 0 0 0
car 0.0 0 0 85 6 98 14 0 0 0 0 0 0 0
car 0.0 0 0 167 54 176 62 0 0 0 0 0 0 0
car 0.0 0 0 96 19 105 30 0 0 0 0 0 0 0
car 0.0 0 0 184 45 195 55 0 0 0 0 0 0 0
car 0.0 0 0 83 162 94 172 0 0 0 0 0 0 0
car 0.0 0 0 100 146 111 160 0 0 0 0 0 0 0
car 0.0 0 0 212 108 223 118 0 0 0 0 0 0 0
car 0.0 0 0 235 99 251 111 0 0 0 0 0 0 0
car 0.0 0 0 203 131 214 146 0 0 0 0 0 0 0
car 0.0 0 0 160 55 168 64 0 0 0 0 0 0 0
car 0.0 0 0 184 60 194 71 0 0 0 0 0 0 0
car 0.0 0 0 134 310 149 335 0 0 0 0 0 0 0
car 0.0 0 0 14 109 29 126 0 0 0 0 0 0 0
car 0.0 0 0 205 69 212 80 0 0 0 0 0 0 0
car 0.0 0 0 226 75 238 81 0 0 0 0 0 0 0
car 0.0 0 0 115 1 128 11 0 0 0 0 0 0 0
car 0.0 0 0 165 86 175 96 0 0 0 0 0 0 0
car 0.0 0 0 284 282 297 291 0 0 0 0 0 0 0
car 0.181818181818 0 0 314 343 328 352 0 0 0 0 0 0 0
car 0.75 0 0 76 0 92 3 0 0 0 0 0 0 0
car 0.0 0 0 177 64 184 75 0 0 0 0 0 0 0
car 0.0 0 0 173 80 184 89 0 0 0 0 0 0 0
car 0.0 0 0 39 24 55 33 0 0 0 0 0 0 0
car 0.0 0 0 13 89 34 104 0 0 0 0 0 0 0
car 0.0 0 0 124 86 137 98 0 0 0 0 0 0 0
car 0.0 0 0 214 47 221 59 0 0 0 0 0 0 0
car 0.0 0 0 247 113 254 123 0 0 0 0 0 0 0
car 0.0 0 0 276 275 291 283 0 0 0 0 0 0 0
car 0.0 0 0 284 292 297 301 0 0 0 0 0 0 0
car 0.0 0 0 192 72 207 81 0 0 0 0 0 0 0
car 0.352941176471 0 0 341 10 352 24 0 0 0 0 0 0 0
car 0.666666666667 0 0 113 0 125 3 0 0 0 0 0 0 0
car 0.0 0 0 334 0 343 8 0 0 0 0 0 0 0
car 0.0 0 0 287 302 297 309 0 0 0 0 0 0 0
car 0.0 0 0 293 307 304 313 0 0 0 0 0 0 0
car 0.0 0 0 79 201 95 214 0 0 0 0 0 0 0
car 0.0 0 0 246 334 263 348 0 0 0 0 0 0 0
car 0.0 0 0 98 33 116 47 0 0 0 0 0 0 0
car 0.0 0 0 183 121 192 130 0 0 0 0 0 0 0
car 0.0 0 0 166 178 181 188 0 0 0 0 0 0 0
car 0.0 0 0 176 193 186 199 0 0 0 0 0 0 0
car 0.0 0 0 230 103 241 114 0 0 0 0 0 0 0
car 0.0 0 0 220 128 231 135 0 0 0 0 0 0 0
car 0.0 0 0 183 202 193 212 0 0 0 0 0 0 0
car 0.0 0 0 146 134 163 150 0 0 0 0 0 0 0
car 0.0 0 0 194 22 205 33 0 0 0 0 0 0 0
car 0.0 0 0 213 79 222 88 0 0 0 0 0 0 0
car 0.0 0 0 213 128 225 141 0 0 0 0 0 0 0
car 0.0 0 0 187 77 196 86 0 0 0 0 0 0 0
car 0.0 0 0 195 85 209 94 0 0 0 0 0 0 0
car 0.0 0 0 297 314 308 319 0 0 0 0 0 0 0
car 0.833333333333 0 0 350 8 352 18 0 0 0 0 0 0 0
car 0.0 0 0 203 38 215 47 0 0 0 0 0 0 0
car 0.0 0 0 166 32 179 43 0 0 0 0 0 0 0
car 0.0 0 0 149 69 161 85 0 0 0 0 0 0 0
car 0.0 0 0 108 270 124 286 0 0 0 0 0 0 0
car 0.0 0 0 191 44 202 53 0 0 0 0 0 0 0
car 0.0 0 0 214 65 226 77 0 0 0 0 0 0 0
car 0.0 0 0 238 120 246 132 0 0 0 0 0 0 0
car 0.0 0 0 190 58 200 69 0 0 0 0 0 0 0
car 0.0 0 0 112 61 124 70 0 0 0 0 0 0 0
car 0.0 0 0 194 39 207 49 0 0 0 0 0 0 0
car 0.0 0 0 309 274 317 282 0 0 0 0 0 0 0
car 0.0 0 0 160 164 176 175 0 0 0 0 0 0 0
car 0.0 0 0 185 28 196 36 0 0 0 0 0 0 0
car 0.0 0 0 241 182 257 189 0 0 0 0 0 0 0
car 0.0 0 0 231 123 238 132 0 0 0 0 0 0 0
car 0.0 0 0 176 50 186 60 0 0 0 0 0 0 0
car 0.0 0 0 203 52 214 62 0 0 0 0 0 0 0
car 0.0 0 0 35 60 48 73 0 0 0 0 0 0 0
car 0.0 0 0 167 13 177 21 0 0 0 0 0 0 0
car 0.0 0 0 175 27 186 40 0 0 0 0 0 0 0
car 0.0 0 0 148 62 157 73 0 0 0 0 0 0 0
car 0.0 0 0 158 153 168 163 0 0 0 0 0 0 0
car 0.0 0 0 195 226 204 234 0 0 0 0 0 0 0
car 0.0 0 0 105 48 120 59 0 0 0 0 0 0 0
car 0.0 0 0 123 14 137 24 0 0 0 0 0 0 0
car 0.0 0 0 188 116 206 130 0 0 0 0 0 0 0
car 0.0 0 0 190 127 203 140 0 0 0 0 0 0 0
car 0.0 0 0 270 268 288 279 0 0 0 0 0 0 0
car 0.466666666667 0 0 339 0 352 8 0 0 0 0 0 0 0
