car 0.866666666667 0 0 225 0 237 2 0 0 0 0 0 0 0
car 0.0 0 0 202 13 217 26 0 0 0 0 0 0 0
car 0.0 0 0 220 22 233 31 0 0 0 0 0 0 0
car 0.0 0 0 239 17 254 27 0 0 0 0 0 0 0
car 0.0 0 0 189 9 202 19 0 0 0 0 0 0 0
car 0.333333333333 0 0 181 0 195 6 0 0 0 0 0 0 0
car 0.0 0 0 225 8 237 19 0 0 0 0 0 0 0
car 0.0 0 0 245 55 257 64 0 0 0 0 0 0 0
car 0.0 0 0 159 64 169 76 0 0 0 0 0 0 0
car 0.0 0 0 220 79 232 92 0 0 0 0 0 0 0
car 0.0 0 0 147 58 157 69 0 0 0 0 0 0 0
car 0.0 0 0 212 74 223 88 0 0 0 0 0 0 0
car 0.0 0 0 319 105 333 120 0 0 0 0 0 0 0
car 0.0 0 0 310 123 320 135 0 0 0 0 0 0 0
car 0.0 0 0 171 83 190 104 0 0 0 0 0 0 0
car 0.88 0 0 349 82 352 97 0 0 0 0 0 0 0
car 0.0 0 0 251 88 266 108 0 0 0 0 0 0 0
car 0.0 0 0 240 86 255 106 0 0 0 0 0 0 0
car 0.0 0 0 118 73 130 87 0 0 0 0 0 0 0
car 0.0 0 0 137 80 150 97 0 0 0 0 0 0 0
car 0.0 0 0 258 13 284 29 0 0 0 0 0 0 0
car 0.0 0 0 339 43 352 55 0 0 0 0 0 0 0
