car 0.0 0 0 117 9 134 27 0 0 0 0 0 0 0
car 0.333333333333 0 0 183 0 198 10 0 0 0 0 0 0 0
car 0.0 0 0 172 7 188 23 0 0 0 0 0 0 0
car 0.0 0 0 137 37 151 50 0 0 0 0 0 0 0
car 0.0 0 0 151 34 170 56 0 0 0 0 0 0 0
car 0.0 0 0 222 63 233 76 0 0 0 0 0 0 0
car 0.0 0 0 186 63 200 79 0 0 0 0 0 0 0
car 0.0 0 0 261 79 274 95 0 0 0 0 0 0 0
car 0.0 0 0 176 94 192 108 0 0 0 0 0 0 0
car 0.0 0 0 205 104 218 119 0 0 0 0 0 0 0
car 0.0 0 0 299 107 312 120 0 0 0 0 0 0 0
car 0.0 0 0 216 125 228 136 0 0 0 0 0 0 0
car 0.0 0 0 231 128 245 143 0 0 0 0 0 0 0
car 0.0 0 0 245 130 257 144 0 0 0 0 0 0 0
car 0.0 0 0 282 135 297 152 0 0 0 0 0 0 0
car 0.0 0 0 312 164 325 180 0 0 0 0 0 0 0
car 0.0 0 0 238 161 257 180 0 0 0 0 0 0 0
car 0.0 0 0 293 187 305 200 0 0 0 0 0 0 0
car 0.0 0 0 288 202 305 217 0 0 0 0 0 0 0
car 0.0 0 0 315 249 338 268 0 0 0 0 0 0 0
car 0.0 0 0 322 236 334 247 0 0 0 0 0 0 0
car 0.0 0 0 118 258 142 276 0 0 0 0 0 0 0
car 0.0 0 0 124 284 142 302 0 0 0 0 0 0 0
car 0.0 0 0 106 279 126 302 0 0 0 0 0 0 0
car 0.0 0 0 49 321 62 336 0 0 0 0 0 0 0
