car 0.0 0 0 58 11 69 23 0 0 0 0 0 0 0
car 0.0 0 0 70 23 81 35 0 0 0 0 0 0 0
car 0.0 0 0 131 17 155 50 0 0 0 0 0 0 0
car 0.0 0 0 169 59 183 73 0 0 0 0 0 0 0
car 0.0 0 0 160 45 174 58 0 0 0 0 0 0 0
car 0.0 0 0 153 29 168 43 0 0 0 0 0 0 0
car 0.0 0 0 243 89 259 104 0 0 0 0 0 0 0
car 0.0 0 0 251 111 274 131 0 0 0 0 0 0 0
car 0.0 0 0 177 101 196 108 0 0 0 0 0 0 0
car 0.0 0 0 293 33 307 46 0 0 0 0 0 0 0
car 0.0 0 0 316 46 327 57 0 0 0 0 0 0 0
car 0.0 0 0 335 58 348 72 0 0 0 0 0 0 0
car 0.0 0 0 325 151 336 164 0 0 0 0 0 0 0
car 0.0 0 0 292 240 307 263 0 0 0 0 0 0 0
car 0.857142857143 0 0 350 227 352 237 0 0 0 0 0 0 0
car 0.0 0 0 277 286 291 296 0 0 0 0 0 0 0
car 0.0 0 0 236 301 267 320 0 0 0 0 0 0 0
car 0.0 0 0 7 93 23 107 0 0 0 0 0 0 0
car 0.0 0 0 43 66 57 78 0 0 0 0 0 0 0
car 0.0 0 0 31 75 45 87 0 0 0 0 0 0 0
car 0.0 0 0 198 66 209 81 0 0 0 0 0 0 0
car 0.0 0 0 164 262 177 270 0 0 0 0 0 0 0
car 0.0 0 0 186 243 201 257 0 0 0 0 0 0 0
car 0.0 0 0 169 243 187 258 0 0 0 0 0 0 0
car 0.0 0 0 82 90 97 102 0 0 0 0 0 0 0
car 0.0 0 0 44 118 57 130 0 0 0 0 0 0 0
car 0.0 0 0 154 97 165 109 0 0 0 0 0 0 0
car 0.0 0 0 136 87 153 107 0 0 0 0 0 0 0
car 0.0 0 0 162 86 178 98 0 0 0 0 0 0 0
car 0.0 0 0 208 85 228 98 0 0 0 0 0 0 0
car 0.0 0 0 212 67 231 84 0 0 0 0 0 0 0
car 0.0 0 0 85 48 96 61 0 0 0 0 0 0 0
car 0.0 0 0 93 58 107 70 0 0 0 0 0 0 0
