car 0.727272727273 0 0 0 46 3 57 0 0 0 0 0 0 0
car 0.0 0 0 11 58 24 72 0 0 0 0 0 0 0
car 0.0 0 0 73 55 86 70 0 0 0 0 0 0 0
car 0.0 0 0 34 95 47 110 0 0 0 0 0 0 0
car 0.0 0 0 136 46 149 61 0 0 0 0 0 0 0
car 0.0 0 0 148 52 160 68 0 0 0 0 0 0 0
car 0.0 0 0 30 127 40 138 0 0 0 0 0 0 0
car 0.0 0 0 57 128 70 141 0 0 0 0 0 0 0
car 0.0 0 0 1 151 12 164 0 0 0 0 0 0 0
car 0.0 0 0 62 159 75 171 0 0 0 0 0 0 0
car 0.0 0 0 115 160 129 175 0 0 0 0 0 0 0
car 0.0 0 0 132 164 144 177 0 0 0 0 0 0 0
car 0.0 0 0 91 201 106 214 0 0 0 0 0 0 0
car 0.0 0 0 107 229 121 241 0 0 0 0 0 0 0
car 0.0 0 0 122 221 137 235 0 0 0 0 0 0 0
car 0.0 0 0 117 248 128 262 0 0 0 0 0 0 0
car 0.0 0 0 130 243 143 258 0 0 0 0 0 0 0
car 0.0 0 0 143 265 156 277 0 0 0 0 0 0 0
car 0.0 0 0 158 265 170 277 0 0 0 0 0 0 0
car 0.0 0 0 168 229 182 245 0 0 0 0 0 0 0
car 0.0 0 0 206 269 219 283 0 0 0 0 0 0 0
car 0.0 0 0 214 294 227 308 0 0 0 0 0 0 0
car 0.0 0 0 244 290 257 304 0 0 0 0 0 0 0
car 0.0 0 0 219 273 235 288 0 0 0 0 0 0 0
car 0.0 0 0 174 301 186 313 0 0 0 0 0 0 0
car 0.0 0 0 188 304 203 320 0 0 0 0 0 0 0
car 0.0 0 0 193 326 204 338 0 0 0 0 0 0 0
car 0.0 0 0 176 325 194 344 0 0 0 0 0 0 0
car 0.533333333333 0 0 257 345 270 352 0 0 0 0 0 0 0
car 0.0 0 0 26 227 40 237 0 0 0 0 0 0 0
