car 0.0 0 0 5 95 20 111 0 0 0 0 0 0 0
car 0.0 0 0 3 74 17 89 0 0 0 0 0 0 0
car 0.416666666667 0 0 0 151 7 163 0 0 0 0 0 0 0
car 0.538461538462 0 0 0 168 6 181 0 0 0 0 0 0 0
car 0.4 0 0 0 187 9 202 0 0 0 0 0 0 0
car 0.0 0 0 28 193 40 205 0 0 0 0 0 0 0
car 0.0 0 0 53 183 64 197 0 0 0 0 0 0 0
car 0.0 0 0 66 184 79 199 0 0 0 0 0 0 0
car 0.0 0 0 15 122 34 141 0 0 0 0 0 0 0
car 0.0 0 0 19 205 42 230 0 0 0 0 0 0 0
car 0.0 0 0 14 220 31 237 0 0 0 0 0 0 0
car 0.0 0 0 69 266 84 281 0 0 0 0 0 0 0
car 0.0 0 0 75 292 88 305 0 0 0 0 0 0 0
car 0.0 0 0 141 277 156 294 0 0 0 0 0 0 0
car 0.0 0 0 117 333 134 351 0 0 0 0 0 0 0
car 0.0 0 0 183 319 198 334 0 0 0 0 0 0 0
car 0.0 0 0 172 331 188 347 0 0 0 0 0 0 0
