car 0.583333333333 0 0 0 106 5 121 0 0 0 0 0 0 0
car 0.888888888889 0 0 0 130 1 144 0 0 0 0 0 0 0
car 0.0 0 0 17 153 29 168 0 0 0 0 0 0 0
car 0.0 0 0 32 166 42 180 0 0 0 0 0 0 0
car 0.0 0 0 24 184 35 197 0 0 0 0 0 0 0
car 0.0 0 0 13 240 23 253 0 0 0 0 0 0 0
car 0.0 0 0 47 223 58 239 0 0 0 0 0 0 0
car 0.0 0 0 75 229 86 245 0 0 0 0 0 0 0
car 0.0 0 0 83 265 94 280 0 0 0 0 0 0 0
car 0.0 0 0 72 271 85 288 0 0 0 0 0 0 0
car 0.0 0 0 93 307 105 322 0 0 0 0 0 0 0
car 0.0 0 0 103 307 115 320 0 0 0 0 0 0 0
car 0.0 0 0 105 295 117 309 0 0 0 0 0 0 0
car 0.0 0 0 121 334 132 349 0 0 0 0 0 0 0
car 0.357142857143 0 0 166 0 176 9 0 0 0 0 0 0 0
car 0.0 0 0 140 55 154 76 0 0 0 0 0 0 0
car 0.0 0 0 121 117 129 130 0 0 0 0 0 0 0
