car 0.0 0 0 193 12 210 31 0 0 0 0 0 0 0
car 0.0 0 0 170 6 182 16 0 0 0 0 0 0 0
car 0.0 0 0 167 17 176 29 0 0 0 0 0 0 0
car 0.0 0 0 219 13 230 25 0 0 0 0 0 0 0
car 0.0 0 0 259 10 270 25 0 0 0 0 0 0 0
car 0.0 0 0 271 8 282 23 0 0 0 0 0 0 0
car 0.0 0 0 235 47 246 61 0 0 0 0 0 0 0
car 0.0 0 0 286 52 297 67 0 0 0 0 0 0 0
car 0.0 0 0 284 71 294 85 0 0 0 0 0 0 0
car 0.0 0 0 226 94 237 108 0 0 0 0 0 0 0
car 0.0 0 0 247 102 259 122 0 0 0 0 0 0 0
car 0.0 0 0 280 123 290 137 0 0 0 0 0 0 0
car 0.0 0 0 317 106 329 121 0 0 0 0 0 0 0
car 0.0 0 0 316 130 325 144 0 0 0 0 0 0 0
car 0.0833333333333 0 0 341 153 352 168 0 0 0 0 0 0 0
car 0.0 0 0 288 175 298 187 0 0 0 0 0 0 0
car 0.0 0 0 312 179 321 190 0 0 0 0 0 0 0
car 0.636363636364 0 0 348 184 352 197 0 0 0 0 0 0 0
car 0.0 0 0 337 240 347 253 0 0 0 0 0 0 0
