car 0.785714285714 0 0 79 0 92 3 0 0 0 0 0 0 0
car 0.0 0 0 65 27 80 44 0 0 0 0 0 0 0
car 0.2 0 0 0 15 12 29 0 0 0 0 0 0 0
car 0.0 0 0 17 26 30 39 0 0 0 0 0 0 0
car 0.0 0 0 91 37 102 49 0 0 0 0 0 0 0
car 0.0 0 0 92 54 105 69 0 0 0 0 0 0 0
car 0.0 0 0 98 80 112 96 0 0 0 0 0 0 0
car 0.0 0 0 56 77 69 89 0 0 0 0 0 0 0
car 0.0 0 0 132 108 145 123 0 0 0 0 0 0 0
car 0.0 0 0 96 131 107 144 0 0 0 0 0 0 0
car 0.0 0 0 90 143 101 156 0 0 0 0 0 0 0
car 0.0 0 0 164 113 175 126 0 0 0 0 0 0 0
car 0.0 0 0 138 130 150 144 0 0 0 0 0 0 0
car 0.0 0 0 143 158 154 172 0 0 0 0 0 0 0
car 0.0 0 0 163 186 175 202 0 0 0 0 0 0 0
car 0.0 0 0 130 184 141 197 0 0 0 0 0 0 0
car 0.0 0 0 118 185 130 201 0 0 0 0 0 0 0
car 0.0 0 0 130 216 144 230 0 0 0 0 0 0 0
car 0.0 0 0 185 216 195 229 0 0 0 0 0 0 0
car 0.0 0 0 205 236 220 256 0 0 0 0 0 0 0
car 0.0 0 0 239 220 253 233 0 0 0 0 0 0 0
car 0.0 0 0 67 218 83 229 0 0 0 0 0 0 0
car 0.0 0 0 166 246 176 259 0 0 0 0 0 0 0
car 0.0 0 0 107 247 120 260 0 0 0 0 0 0 0
car 0.0 0 0 150 266 161 278 0 0 0 0 0 0 0
car 0.0 0 0 160 258 172 271 0 0 0 0 0 0 0
car 0.0 0 0 183 280 194 292 0 0 0 0 0 0 0
car 0.0 0 0 209 268 223 283 0 0 0 0 0 0 0
car 0.0 0 0 231 290 254 314 0 0 0 0 0 0 0
car 0.0 0 0 228 300 240 315 0 0 0 0 0 0 0
car 0.157894736842 0 0 193 336 210 352 0 0 0 0 0 0 0
car 0.0 0 0 170 330 182 340 0 0 0 0 0 0 0
car 0.0833333333333 0 0 167 341 176 352 0 0 0 0 0 0 0
car 0.0 0 0 219 337 230 349 0 0 0 0 0 0 0
car 0.0 0 0 259 334 270 349 0 0 0 0 0 0 0
car 0.0 0 0 271 332 282 347 0 0 0 0 0 0 0
