car 0.0 0 0 112 24 127 36 0 0 0 0 0 0 0
car 0.0 0 0 170 0 181 12 0 0 0 0 0 0 0
car 0.0 0 0 221 45 237 64 0 0 0 0 0 0 0
car 0.0 0 0 186 98 198 116 0 0 0 0 0 0 0
car 0.0 0 0 220 78 232 91 0 0 0 0 0 0 0
car 0.0 0 0 257 91 270 106 0 0 0 0 0 0 0
car 0.0 0 0 240 110 253 125 0 0 0 0 0 0 0
car 0.0 0 0 246 177 257 187 0 0 0 0 0 0 0
car 0.0 0 0 281 159 311 198 0 0 0 0 0 0 0
car 0.0 0 0 291 192 301 205 0 0 0 0 0 0 0
car 0.0 0 0 313 223 342 259 0 0 0 0 0 0 0
car 0.857142857143 0 0 348 233 352 267 0 0 0 0 0 0 0
car 0.0 0 0 339 269 351 285 0 0 0 0 0 0 0
car 0.923076923077 0 0 351 266 352 279 0 0 0 0 0 0 0
car 0.0714285714286 0 0 321 339 336 352 0 0 0 0 0 0 0
car 0.869822485207 0 0 341 350 352 352 0 0 0 0 0 0 0
car 0.0 0 0 70 200 84 213 0 0 0 0 0 0 0
