car 0.785714285714 0 0 291 0 304 3 0 0 0 0 0 0 0
car 0.0 0 0 244 11 257 24 0 0 0 0 0 0 0
car 0.0 0 0 288 15 298 28 0 0 0 0 0 0 0
car 0.0 0 0 315 2 327 16 0 0 0 0 0 0 0
car 0.0 0 0 309 33 320 46 0 0 0 0 0 0 0
car 0.0 0 0 302 40 316 54 0 0 0 0 0 0 0
car 0.0 0 0 333 57 344 72 0 0 0 0 0 0 0
car 0.0 0 0 318 69 331 87 0 0 0 0 0 0 0
car 0.0 0 0 336 79 347 94 0 0 0 0 0 0 0
car 0.0 0 0 298 102 309 116 0 0 0 0 0 0 0
car 0.0 0 0 279 97 289 109 0 0 0 0 0 0 0
car 0.76 0 0 346 215 352 247 0 0 0 0 0 0 0
car 0.0 0 0 327 181 338 193 0 0 0 0 0 0 0
car 0.0 0 0 320 156 332 170 0 0 0 0 0 0 0
car 0.0 0 0 338 180 350 194 0 0 0 0 0 0 0
car 0.0 0 0 101 16 110 27 0 0 0 0 0 0 0
