car 0.0 0 0 110 0 121 15 0 0 0 0 0 0 0
car 0.0 0 0 108 19 118 33 0 0 0 0 0 0 0
car 0.0 0 0 50 42 61 56 0 0 0 0 0 0 0
car 0.0 0 0 71 50 83 70 0 0 0 0 0 0 0
car 0.0 0 0 104 71 114 85 0 0 0 0 0 0 0
car 0.0 0 0 141 54 153 69 0 0 0 0 0 0 0
car 0.0 0 0 140 78 149 92 0 0 0 0 0 0 0
car 0.0 0 0 165 101 177 116 0 0 0 0 0 0 0
car 0.0 0 0 180 114 190 128 0 0 0 0 0 0 0
car 0.0 0 0 112 123 122 135 0 0 0 0 0 0 0
car 0.0 0 0 136 127 145 138 0 0 0 0 0 0 0
car 0.0 0 0 172 132 183 145 0 0 0 0 0 0 0
car 0.0 0 0 161 188 171 201 0 0 0 0 0 0 0
car 0.0 0 0 195 171 206 187 0 0 0 0 0 0 0
car 0.0 0 0 223 177 234 193 0 0 0 0 0 0 0
car 0.0 0 0 231 213 242 228 0 0 0 0 0 0 0
car 0.0 0 0 220 219 233 236 0 0 0 0 0 0 0
car 0.0 0 0 241 255 253 270 0 0 0 0 0 0 0
car 0.0 0 0 251 255 263 268 0 0 0 0 0 0 0
car 0.0 0 0 253 243 265 257 0 0 0 0 0 0 0
car 0.0 0 0 269 282 280 297 0 0 0 0 0 0 0
car 0.0 0 0 264 296 277 310 0 0 0 0 0 0 0
car 0.0 0 0 291 313 304 327 0 0 0 0 0 0 0
car 0.0 0 0 244 335 257 348 0 0 0 0 0 0 0
car 0.0 0 0 288 339 298 352 0 0 0 0 0 0 0
car 0.0 0 0 315 326 327 340 0 0 0 0 0 0 0
car 0.0 0 0 101 340 110 351 0 0 0 0 0 0 0
car 0.0 0 0 288 3 302 24 0 0 0 0 0 0 0
car 0.0 0 0 269 65 277 78 0 0 0 0 0 0 0
