car 0.0 0 0 19 12 35 24 0 0 0 0 0 0 0
car 0.0 0 0 132 151 164 195 0 0 0 0 0 0 0
car 0.0 0 0 126 74 143 86 0 0 0 0 0 0 0
car 0.0 0 0 144 140 155 152 0 0 0 0 0 0 0
car 0.0 0 0 150 133 159 142 0 0 0 0 0 0 0
car 0.0 0 0 165 219 176 231 0 0 0 0 0 0 0
car 0.0 0 0 175 232 185 245 0 0 0 0 0 0 0
car 0.0 0 0 192 235 203 248 0 0 0 0 0 0 0
car 0.0 0 0 129 80 151 91 0 0 0 0 0 0 0
car 0.0 0 0 134 86 154 98 0 0 0 0 0 0 0
car 0.0 0 0 42 50 58 61 0 0 0 0 0 0 0
car 0.0 0 0 193 188 203 200 0 0 0 0 0 0 0
car 0.0 0 0 216 180 257 204 0 0 0 0 0 0 0
