car 0.0 0 0 34 229 50 244 0 0 0 0 0 0 0
car 0.0 0 0 79 259 94 273 0 0 0 0 0 0 0
car 0.0 0 0 1 334 15 346 0 0 0 0 0 0 0
car 0.0 0 0 87 286 97 294 0 0 0 0 0 0 0
car 0.5 0 0 0 314 5 324 0 0 0 0 0 0 0
car 0.0 0 0 139 242 154 255 0 0 0 0 0 0 0
car 0.0 0 0 178 186 194 199 0 0 0 0 0 0 0
car 0.0 0 0 174 202 188 217 0 0 0 0 0 0 0
car 0.0 0 0 134 122 142 131 0 0 0 0 0 0 0
car 0.0 0 0 142 134 151 143 0 0 0 0 0 0 0
car 0.0 0 0 65 300 75 309 0 0 0 0 0 0 0
car 0.0 0 0 192 212 201 221 0 0 0 0 0 0 0
car 0.0 0 0 215 182 226 190 0 0 0 0 0 0 0
car 0.0 0 0 336 268 345 278 0 0 0 0 0 0 0
car 0.0 0 0 294 25 305 39 0 0 0 0 0 0 0
