car 0.0 0 0 30 152 46 161 0 0 0 0 0 0 0
car 0.0 0 0 45 183 63 196 0 0 0 0 0 0 0
car 0.4375 0 0 343 12 352 24 0 0 0 0 0 0 0
car 0.0 0 0 60 73 71 84 0 0 0 0 0 0 0
car 0.0 0 0 60 58 69 68 0 0 0 0 0 0 0
car 0.0 0 0 107 56 118 68 0 0 0 0 0 0 0
car 0.0 0 0 184 128 198 139 0 0 0 0 0 0 0
car 0.538461538462 0 0 69 346 79 352 0 0 0 0 0 0 0
car 0.0 0 0 34 328 44 338 0 0 0 0 0 0 0
car 0.333333333333 0 0 0 278 6 289 0 0 0 0 0 0 0
car 0.416666666667 0 0 0 266 7 278 0 0 0 0 0 0 0
car 0.0 0 0 8 289 17 298 0 0 0 0 0 0 0
car 0.0 0 0 13 299 21 307 0 0 0 0 0 0 0
car 0.0 0 0 135 182 150 192 0 0 0 0 0 0 0
car 0.0 0 0 282 207 295 221 0 0 0 0 0 0 0
