car 0.0 0 0 9 192 19 205 0 0 0 0 0 0 0
car 0.0 0 0 29 212 44 232 0 0 0 0 0 0 0
car 0.0 0 0 63 196 77 209 0 0 0 0 0 0 0
car 0.0 0 0 7 256 18 268 0 0 0 0 0 0 0
car 0.0 0 0 33 244 47 259 0 0 0 0 0 0 0
car 0.0 0 0 55 266 78 290 0 0 0 0 0 0 0
car 0.0 0 0 52 276 64 291 0 0 0 0 0 0 0
car 0.0 0 0 17 312 34 331 0 0 0 0 0 0 0
car 0.0 0 0 43 313 54 325 0 0 0 0 0 0 0
car 0.0 0 0 83 310 94 325 0 0 0 0 0 0 0
car 0.0 0 0 95 308 106 323 0 0 0 0 0 0 0
car 0.0 0 0 314 295 324 309 0 0 0 0 0 0 0
car 0.0 0 0 330 278 339 290 0 0 0 0 0 0 0
