car 0.266666666667 0 0 0 89 11 105 0 0 0 0 0 0 0
car 0.0 0 0 30 126 46 142 0 0 0 0 0 0 0
car 0.0 0 0 68 156 82 172 0 0 0 0 0 0 0
car 0.0 0 0 143 207 153 223 0 0 0 0 0 0 0
car 0.0 0 0 123 197 135 209 0 0 0 0 0 0 0
car 0.0 0 0 119 141 131 152 0 0 0 0 0 0 0
car 0.0 0 0 323 68 334 82 0 0 0 0 0 0 0
car 0.0 0 0 243 118 263 128 0 0 0 0 0 0 0
car 0.0 0 0 296 93 305 102 0 0 0 0 0 0 0
car 0.0 0 0 326 99 345 111 0 0 0 0 0 0 0
car 0.0 0 0 323 120 333 129 0 0 0 0 0 0 0
car 0.0 0 0 338 116 348 126 0 0 0 0 0 0 0
