car 0.0 0 0 13 298 30 312 0 0 0 0 0 0 0
car 0.0 0 0 34 273 47 287 0 0 0 0 0 0 0
car 0.0 0 0 45 267 56 281 0 0 0 0 0 0 0
car 0.0 0 0 28 278 37 291 0 0 0 0 0 0 0
car 0.483870967742 0 0 115 336 137 352 0 0 0 0 0 0 0
car 0.5625 0 0 0 127 7 145 0 0 0 0 0 0 0
car 0.0 0 0 12 114 27 133 0 0 0 0 0 0 0
car 0.0 0 0 57 182 69 195 0 0 0 0 0 0 0
car 0.0 0 0 90 218 102 230 0 0 0 0 0 0 0
car 0.0 0 0 88 198 102 215 0 0 0 0 0 0 0
car 0.0 0 0 105 194 119 211 0 0 0 0 0 0 0
car 0.0 0 0 127 211 133 227 0 0 0 0 0 0 0
car 0.0 0 0 160 115 183 129 0 0 0 0 0 0 0
car 0.0 0 0 152 112 162 123 0 0 0 0 0 0 0
car 0.0 0 0 215 101 229 111 0 0 0 0 0 0 0
car 0.0 0 0 323 176 350 193 0 0 0 0 0 0 0
car 0.0 0 0 316 170 347 185 0 0 0 0 0 0 0
car 0.0 0 0 311 161 338 177 0 0 0 0 0 0 0
car 0.0 0 0 304 153 335 168 0 0 0 0 0 0 0
car 0.0 0 0 297 143 329 162 0 0 0 0 0 0 0
car 0.0 0 0 289 138 324 153 0 0 0 0 0 0 0
car 0.0 0 0 285 132 318 146 0 0 0 0 0 0 0
car 0.0 0 0 283 123 311 136 0 0 0 0 0 0 0
car 0.0 0 0 278 115 295 129 0 0 0 0 0 0 0
car 0.0 0 0 135 221 143 234 0 0 0 0 0 0 0
car 0.0 0 0 140 275 151 294 0 0 0 0 0 0 0
car 0.0 0 0 182 301 196 320 0 0 0 0 0 0 0
car 0.0 0 0 195 336 207 350 0 0 0 0 0 0 0
car 0.0 0 0 217 306 228 314 0 0 0 0 0 0 0
car 0.0 0 0 240 254 259 270 0 0 0 0 0 0 0
car 0.0 0 0 225 236 240 245 0 0 0 0 0 0 0
car 0.0 0 0 194 211 207 220 0 0 0 0 0 0 0
car 0.0 0 0 192 206 203 211 0 0 0 0 0 0 0
car 0.0 0 0 184 194 202 205 0 0 0 0 0 0 0
