car 0.0 0 0 241 11 249 19 0 0 0 0 0 0 0
car 0.0 0 0 26 72 57 95 0 0 0 0 0 0 0
car 0.0 0 0 135 107 153 121 0 0 0 0 0 0 0
car 0.0 0 0 173 125 188 144 0 0 0 0 0 0 0
car 0.0 0 0 185 117 202 137 0 0 0 0 0 0 0
car 0.0 0 0 191 114 206 132 0 0 0 0 0 0 0
car 0.0 0 0 202 109 214 125 0 0 0 0 0 0 0
car 0.0 0 0 224 103 234 113 0 0 0 0 0 0 0
car 0.0 0 0 233 96 245 109 0 0 0 0 0 0 0
car 0.0 0 0 192 68 206 83 0 0 0 0 0 0 0
car 0.117647058824 0 0 337 298 352 312 0 0 0 0 0 0 0
car 0.0 0 0 280 62 295 77 0 0 0 0 0 0 0
car 0.0 0 0 293 85 305 97 0 0 0 0 0 0 0
car 0.0 0 0 315 127 331 145 0 0 0 0 0 0 0
car 0.0 0 0 336 114 351 133 0 0 0 0 0 0 0
