car 0.0 0 0 225 6 232 19 0 0 0 0 0 0 0
car 0.0 0 0 115 279 128 291 0 0 0 0 0 0 0
car 0.0 0 0 240 18 247 32 0 0 0 0 0 0 0
car 0.0 0 0 231 14 239 28 0 0 0 0 0 0 0
car 0.0 0 0 115 92 127 104 0 0 0 0 0 0 0
car 0.0 0 0 132 111 144 123 0 0 0 0 0 0 0
car 0.0 0 0 113 113 134 131 0 0 0 0 0 0 0
car 0.0 0 0 94 93 107 104 0 0 0 0 0 0 0
car 0.0 0 0 105 90 118 105 0 0 0 0 0 0 0
car 0.0 0 0 10 119 21 133 0 0 0 0 0 0 0
car 0.0 0 0 90 145 107 155 0 0 0 0 0 0 0
car 0.0 0 0 32 128 43 141 0 0 0 0 0 0 0
car 0.0 0 0 18 133 31 146 0 0 0 0 0 0 0
car 0.0 0 0 241 129 252 143 0 0 0 0 0 0 0
car 0.0 0 0 236 144 248 158 0 0 0 0 0 0 0
car 0.0 0 0 200 136 214 149 0 0 0 0 0 0 0
car 0.0 0 0 251 146 266 161 0 0 0 0 0 0 0
car 0.0 0 0 200 157 211 169 0 0 0 0 0 0 0
car 0.0 0 0 220 156 232 171 0 0 0 0 0 0 0
car 0.0 0 0 214 169 228 182 0 0 0 0 0 0 0
car 0.0 0 0 235 174 247 188 0 0 0 0 0 0 0
car 0.0 0 0 235 192 248 205 0 0 0 0 0 0 0
car 0.0 0 0 251 189 264 203 0 0 0 0 0 0 0
car 0.0 0 0 277 163 292 177 0 0 0 0 0 0 0
car 0.0 0 0 250 207 264 223 0 0 0 0 0 0 0
car 0.0 0 0 264 206 276 220 0 0 0 0 0 0 0
car 0.0 0 0 275 218 288 232 0 0 0 0 0 0 0
car 0.0 0 0 269 227 281 242 0 0 0 0 0 0 0
car 0.0 0 0 202 242 215 255 0 0 0 0 0 0 0
car 0.0 0 0 212 255 224 267 0 0 0 0 0 0 0
car 0.0 0 0 325 218 338 232 0 0 0 0 0 0 0
car 0.0 0 0 280 314 292 327 0 0 0 0 0 0 0
car 0.0 0 0 234 282 246 296 0 0 0 0 0 0 0
car 0.0 0 0 243 293 254 304 0 0 0 0 0 0 0
car 0.0 0 0 320 287 334 301 0 0 0 0 0 0 0
car 0.875 0 0 313 350 328 352 0 0 0 0 0 0 0
car 0.923076923077 0 0 291 351 303 352 0 0 0 0 0 0 0
car 0.454545454545 0 0 240 346 252 352 0 0 0 0 0 0 0
car 0.0 0 0 48 160 66 168 0 0 0 0 0 0 0
