car 0.647058823529 0 0 0 220 6 231 0 0 0 0 0 0 0
car 0.923076923077 0 0 296 0 308 1 0 0 0 0 0 0 0
car 0.0 0 0 325 24 338 39 0 0 0 0 0 0 0
car 0.0 0 0 311 333 323 346 0 0 0 0 0 0 0
car 0.0 0 0 284 322 295 333 0 0 0 0 0 0 0
car 0.0 0 0 269 304 287 316 0 0 0 0 0 0 0
car 0.0 0 0 286 285 303 299 0 0 0 0 0 0 0
car 0.0 0 0 284 293 296 303 0 0 0 0 0 0 0
car 0.0 0 0 272 326 283 338 0 0 0 0 0 0 0
car 0.0 0 0 277 332 287 342 0 0 0 0 0 0 0
car 0.0 0 0 282 334 294 346 0 0 0 0 0 0 0
car 0.0 0 0 264 323 276 332 0 0 0 0 0 0 0
car 0.0 0 0 251 30 272 45 0 0 0 0 0 0 0
car 0.0 0 0 262 63 275 76 0 0 0 0 0 0 0
car 0.230769230769 0 0 224 0 235 10 0 0 0 0 0 0 0
car 0.0 0 0 233 6 245 20 0 0 0 0 0 0 0
car 0.0 0 0 86 235 100 250 0 0 0 0 0 0 0
car 0.0 0 0 74 245 87 258 0 0 0 0 0 0 0
