car 0.0 0 0 102 201 115 209 0 0 0 0 0 0 0
car 0.0 0 0 85 203 100 211 0 0 0 0 0 0 0
car 0.0 0 0 44 208 60 218 0 0 0 0 0 0 0
car 0.0 0 0 27 209 44 219 0 0 0 0 0 0 0
car 0.0 0 0 13 212 25 221 0 0 0 0 0 0 0
car 0.0 0 0 147 237 158 252 0 0 0 0 0 0 0
car 0.0 0 0 154 258 167 274 0 0 0 0 0 0 0
car 0.0 0 0 322 138 333 151 0 0 0 0 0 0 0
car 0.0 0 0 319 112 330 126 0 0 0 0 0 0 0
car 0.0 0 0 337 106 348 121 0 0 0 0 0 0 0
car 0.0 0 0 318 62 329 75 0 0 0 0 0 0 0
car 0.0 0 0 176 334 189 347 0 0 0 0 0 0 0
car 0.0 0 0 303 191 317 198 0 0 0 0 0 0 0
car 0.0 0 0 219 200 231 206 0 0 0 0 0 0 0
