car 0.0 0 0 224 37 234 47 0 0 0 0 0 0 0
car 0.0 0 0 311 144 325 156 0 0 0 0 0 0 0
car 0.0 0 0 272 309 296 328 0 0 0 0 0 0 0
car 0.833333333333 0 0 49 350 64 352 0 0 0 0 0 0 0
car 0.769230769231 0 0 280 0 292 3 0 0 0 0 0 0 0
car 0.0 0 0 313 26 328 42 0 0 0 0 0 0 0
car 0.0 0 0 304 32 317 44 0 0 0 0 0 0 0
car 0.0 0 0 291 27 303 40 0 0 0 0 0 0 0
car 0.0 0 0 240 22 252 33 0 0 0 0 0 0 0
car 0.526315789474 0 0 343 80 352 97 0 0 0 0 0 0 0
car 0.0 0 0 172 93 187 105 0 0 0 0 0 0 0
car 0.0 0 0 160 105 173 115 0 0 0 0 0 0 0
