car 0.0 0 0 62 287 73 303 0 0 0 0 0 0 0
car 0.0 0 0 181 15 191 26 0 0 0 0 0 0 0
car 0.0 0 0 220 55 231 68 0 0 0 0 0 0 0
car 0.0 0 0 227 71 237 85 0 0 0 0 0 0 0
car 0.0 0 0 218 74 227 87 0 0 0 0 0 0 0
car 0.0 0 0 242 110 252 123 0 0 0 0 0 0 0
car 0.0 0 0 246 125 256 138 0 0 0 0 0 0 0
car 0.0 0 0 227 125 235 138 0 0 0 0 0 0 0
car 0.0 0 0 250 138 259 151 0 0 0 0 0 0 0
car 0.0 0 0 239 156 248 168 0 0 0 0 0 0 0
car 0.0 0 0 246 175 257 192 0 0 0 0 0 0 0
car 0.0 0 0 260 164 270 180 0 0 0 0 0 0 0
car 0.0 0 0 285 221 302 228 0 0 0 0 0 0 0
car 0.0 0 0 308 218 323 225 0 0 0 0 0 0 0
car 0.941176470588 0 0 351 209 352 219 0 0 0 0 0 0 0
car 0.0 0 0 337 212 349 221 0 0 0 0 0 0 0
car 0.0 0 0 1 218 14 232 0 0 0 0 0 0 0
car 0.285714285714 0 0 0 287 10 301 0 0 0 0 0 0 0
car 0.966666666667 0 0 0 350 4 352 0 0 0 0 0 0 0
car 0.0 0 0 64 64 80 74 0 0 0 0 0 0 0
car 0.0 0 0 249 202 263 214 0 0 0 0 0 0 0
