car 0.0 0 0 248 20 265 33 0 0 0 0 0 0 0
car 0.0 0 0 74 72 87 82 0 0 0 0 0 0 0
car 0.0 0 0 58 69 73 85 0 0 0 0 0 0 0
car 0.0 0 0 103 102 117 114 0 0 0 0 0 0 0
car 0.0 0 0 316 80 323 91 0 0 0 0 0 0 0
car 0.0 0 0 317 128 327 141 0 0 0 0 0 0 0
car 0.0 0 0 323 141 336 156 0 0 0 0 0 0 0
car 0.0 0 0 293 180 304 191 0 0 0 0 0 0 0
car 0.0 0 0 242 222 255 232 0 0 0 0 0 0 0
car 0.0 0 0 202 251 217 262 0 0 0 0 0 0 0
car 0.0 0 0 178 255 194 269 0 0 0 0 0 0 0
car 0.0 0 0 150 289 165 301 0 0 0 0 0 0 0
car 0.0 0 0 127 305 141 318 0 0 0 0 0 0 0
car 0.0 0 0 103 325 117 336 0 0 0 0 0 0 0
car 0.0 0 0 304 277 320 293 0 0 0 0 0 0 0
car 0.0 0 0 300 225 318 242 0 0 0 0 0 0 0
