car 0.0 0 0 21 19 33 31 0 0 0 0 0 0 0
car 0.0 0 0 15 26 28 40 0 0 0 0 0 0 0
car 0.0 0 0 66 40 77 51 0 0 0 0 0 0 0
car 0.0 0 0 34 52 47 63 0 0 0 0 0 0 0
car 0.0 0 0 70 52 81 63 0 0 0 0 0 0 0
car 0.0 0 0 45 66 59 80 0 0 0 0 0 0 0
car 0.0 0 0 55 96 67 109 0 0 0 0 0 0 0
car 0.0 0 0 103 115 116 129 0 0 0 0 0 0 0
car 0.0 0 0 145 179 155 192 0 0 0 0 0 0 0
car 0.0 0 0 145 201 158 215 0 0 0 0 0 0 0
car 0.0 0 0 206 252 218 264 0 0 0 0 0 0 0
car 0.0 0 0 170 252 183 260 0 0 0 0 0 0 0
car 0.0 0 0 130 186 142 199 0 0 0 0 0 0 0
car 0.0 0 0 73 97 83 110 0 0 0 0 0 0 0
car 0.0 0 0 70 113 85 121 0 0 0 0 0 0 0
car 0.0 0 0 72 122 87 130 0 0 0 0 0 0 0
car 0.0 0 0 76 130 88 137 0 0 0 0 0 0 0
car 0.0 0 0 209 34 224 43 0 0 0 0 0 0 0
car 0.0 0 0 258 40 275 52 0 0 0 0 0 0 0
car 0.0 0 0 315 84 330 95 0 0 0 0 0 0 0
car 0.0 0 0 43 95 54 103 0 0 0 0 0 0 0
car 0.0 0 0 44 84 54 92 0 0 0 0 0 0 0
car 0.0 0 0 175 221 193 237 0 0 0 0 0 0 0
car 0.0 0 0 165 224 175 234 0 0 0 0 0 0 0
car 0.0 0 0 265 336 279 349 0 0 0 0 0 0 0
car 0.0 0 0 257 310 276 325 0 0 0 0 0 0 0
car 0.0 0 0 241 341 258 352 0 0 0 0 0 0 0
car 0.545454545455 0 0 250 347 264 352 0 0 0 0 0 0 0
