car 0.0 0 0 200 222 217 241 0 0 0 0 0 0 0
car 0.0 0 0 227 253 246 264 0 0 0 0 0 0 0
car 0.0 0 0 47 267 59 278 0 0 0 0 0 0 0
car 0.0 0 0 58 274 73 287 0 0 0 0 0 0 0
car 0.0 0 0 85 267 101 284 0 0 0 0 0 0 0
car 0.0 0 0 83 292 96 304 0 0 0 0 0 0 0
car 0.0 0 0 10 62 26 73 0 0 0 0 0 0 0
car 0.0 0 0 292 73 302 85 0 0 0 0 0 0 0
car 0.0 0 0 328 73 336 83 0 0 0 0 0 0 0
car 0.0 0 0 303 73 312 87 0 0 0 0 0 0 0
car 0.0 0 0 278 244 294 259 0 0 0 0 0 0 0
car 0.0 0 0 300 256 317 269 0 0 0 0 0 0 0
car 0.0 0 0 329 283 342 295 0 0 0 0 0 0 0
car 0.0 0 0 329 274 339 283 0 0 0 0 0 0 0
