car 0.0 0 0 189 159 202 170 0 0 0 0 0 0 0
car 0.0 0 0 302 81 315 96 0 0 0 0 0 0 0
car 0.0 0 0 302 97 313 106 0 0 0 0 0 0 0
car 0.0 0 0 300 107 313 117 0 0 0 0 0 0 0
car 0.0 0 0 311 117 325 130 0 0 0 0 0 0 0
car 0.0 0 0 286 223 302 235 0 0 0 0 0 0 0
car 0.0 0 0 176 287 191 299 0 0 0 0 0 0 0
car 0.0 0 0 170 295 183 307 0 0 0 0 0 0 0
car 0.0 0 0 304 114 318 124 0 0 0 0 0 0 0
car 0.0 0 0 90 19 107 33 0 0 0 0 0 0 0
car 0.0 0 0 153 264 164 275 0 0 0 0 0 0 0
car 0.0 0 0 103 1 114 12 0 0 0 0 0 0 0
car 0.0 0 0 198 287 205 295 0 0 0 0 0 0 0
