car 0.0 0 0 47 11 57 23 0 0 0 0 0 0 0
car 0.0 0 0 115 302 131 312 0 0 0 0 0 0 0
car 0.0 0 0 57 237 69 254 0 0 0 0 0 0 0
car 0.0 0 0 51 315 71 323 0 0 0 0 0 0 0
car 0.0 0 0 194 339 213 347 0 0 0 0 0 0 0
car 0.0 0 0 224 340 239 350 0 0 0 0 0 0 0
car 0.0 0 0 193 322 209 331 0 0 0 0 0 0 0
car 0.0 0 0 187 299 209 310 0 0 0 0 0 0 0
car 0.0 0 0 182 280 192 295 0 0 0 0 0 0 0
car 0.0 0 0 273 335 290 345 0 0 0 0 0 0 0
car 0.941176470588 0 0 262 351 273 352 0 0 0 0 0 0 0
car 0.0 0 0 331 336 345 345 0 0 0 0 0 0 0
