car 0.0 0 0 53 27 67 35 0 0 0 0 0 0 0
car 0.0 0 0 49 35 67 43 0 0 0 0 0 0 0
car 0.0 0 0 333 70 347 79 0 0 0 0 0 0 0
car 0.0 0 0 318 75 332 84 0 0 0 0 0 0 0
car 0.0 0 0 227 61 244 70 0 0 0 0 0 0 0
car 0.0 0 0 253 72 266 80 0 0 0 0 0 0 0
car 0.0 0 0 254 63 273 74 0 0 0 0 0 0 0
car 0.0 0 0 275 65 294 75 0 0 0 0 0 0 0
car 0.0 0 0 290 55 307 64 0 0 0 0 0 0 0
car 0.0 0 0 187 46 204 56 0 0 0 0 0 0 0
car 0.0 0 0 138 40 153 47 0 0 0 0 0 0 0
car 0.0 0 0 7 12 21 21 0 0 0 0 0 0 0
car 0.545454545455 0 0 0 139 5 152 0 0 0 0 0 0 0
car 0.0 0 0 34 210 49 230 0 0 0 0 0 0 0
