car 0.0 0 0 9 50 18 64 0 0 0 0 0 0 0
car 0.0 0 0 26 241 41 250 0 0 0 0 0 0 0
car 0.0 0 0 36 251 53 261 0 0 0 0 0 0 0
car 0.0 0 0 37 262 50 269 0 0 0 0 0 0 0
car 0.0 0 0 210 133 219 146 0 0 0 0 0 0 0
car 0.0 0 0 219 132 228 145 0 0 0 0 0 0 0
car 0.0 0 0 236 95 253 118 0 0 0 0 0 0 0
car 0.0 0 0 108 239 125 249 0 0 0 0 0 0 0
car 0.0 0 0 125 241 142 253 0 0 0 0 0 0 0
car 0.0 0 0 179 266 196 279 0 0 0 0 0 0 0
car 0.0 0 0 208 265 223 277 0 0 0 0 0 0 0
car 0.0 0 0 210 284 226 292 0 0 0 0 0 0 0
car 0.0 0 0 295 309 314 318 0 0 0 0 0 0 0
car 0.0 0 0 147 331 154 344 0 0 0 0 0 0 0
