car 0.818181818182 0 0 0 292 4 310 0 0 0 0 0 0 0
car 0.0666666666667 0 0 33 338 52 352 0 0 0 0 0 0 0
car 0.0 0 0 69 232 84 247 0 0 0 0 0 0 0
car 0.0 0 0 77 228 90 240 0 0 0 0 0 0 0
car 0.0 0 0 161 229 173 244 0 0 0 0 0 0 0
car 0.0 0 0 155 228 164 238 0 0 0 0 0 0 0
car 0.0 0 0 147 223 161 235 0 0 0 0 0 0 0
car 0.0 0 0 199 329 211 343 0 0 0 0 0 0 0
car 0.0 0 0 207 333 218 347 0 0 0 0 0 0 0
car 0.0 0 0 213 339 222 352 0 0 0 0 0 0 0
car 0.5 0 0 227 346 237 352 0 0 0 0 0 0 0
car 0.866666666667 0 0 231 350 243 352 0 0 0 0 0 0 0
car 0.7 0 0 288 349 303 352 0 0 0 0 0 0 0
car 0.0 0 0 281 66 301 80 0 0 0 0 0 0 0
car 0.702702702703 0 0 0 270 11 304 0 0 0 0 0 0 0
