car 0.0 0 0 93 57 107 69 0 0 0 0 0 0 0
car 0.0 0 0 148 91 165 106 0 0 0 0 0 0 0
car 0.0 0 0 159 88 176 104 0 0 0 0 0 0 0
car 0.0 0 0 33 14 52 29 0 0 0 0 0 0 0
car 0.0 0 0 199 5 211 19 0 0 0 0 0 0 0
car 0.0 0 0 207 9 218 23 0 0 0 0 0 0 0
car 0.0 0 0 213 15 222 28 0 0 0 0 0 0 0
car 0.0 0 0 227 22 237 34 0 0 0 0 0 0 0
car 0.0 0 0 231 26 243 41 0 0 0 0 0 0 0
car 0.0 0 0 288 25 303 35 0 0 0 0 0 0 0
car 0.0 0 0 318 232 334 244 0 0 0 0 0 0 0
car 0.0 0 0 283 205 298 217 0 0 0 0 0 0 0
car 0.0 0 0 272 157 291 190 0 0 0 0 0 0 0
car 0.0 0 0 186 297 198 307 0 0 0 0 0 0 0
car 0.0 0 0 192 303 208 315 0 0 0 0 0 0 0
car 0.0 0 0 196 310 216 323 0 0 0 0 0 0 0
car 0.0 0 0 140 216 179 253 0 0 0 0 0 0 0
car 0.0 0 0 12 331 30 341 0 0 0 0 0 0 0
car 0.642857142857 0 0 0 315 5 329 0 0 0 0 0 0 0
car 0.714285714286 0 0 0 328 4 341 0 0 0 0 0 0 0
car 0.0 0 0 296 57 311 68 0 0 0 0 0 0 0
