car 0.0 0 0 299 84 314 95 0 0 0 0 0 0 0
car 0.0 0 0 318 141 330 151 0 0 0 0 0 0 0
car 0.0 0 0 319 96 339 115 0 0 0 0 0 0 0
car 0.0 0 0 188 2 206 18 0 0 0 0 0 0 0
car 0.916666666667 0 0 167 0 182 1 0 0 0 0 0 0 0
car 0.0 0 0 203 163 233 187 0 0 0 0 0 0 0
car 0.0 0 0 216 161 244 179 0 0 0 0 0 0 0
car 0.0 0 0 192 189 216 206 0 0 0 0 0 0 0
car 0.0 0 0 181 197 204 214 0 0 0 0 0 0 0
car 0.0 0 0 175 203 200 224 0 0 0 0 0 0 0
car 0.0 0 0 131 114 180 152 0 0 0 0 0 0 0
car 0.0 0 0 291 264 306 276 0 0 0 0 0 0 0
car 0.0 0 0 323 284 336 298 0 0 0 0 0 0 0
car 0.0 0 0 311 245 342 271 0 0 0 0 0 0 0
car 0.0 0 0 239 87 259 102 0 0 0 0 0 0 0
car 0.0 0 0 106 147 155 182 0 0 0 0 0 0 0
