car 0.0 0 0 144 192 158 202 0 0 0 0 0 0 0
car 0.0 0 0 160 194 181 207 0 0 0 0 0 0 0
car 0.0 0 0 218 146 233 156 0 0 0 0 0 0 0
car 0.111111111111 0 0 336 331 352 341 0 0 0 0 0 0 0
car 0.0 0 0 315 315 329 329 0 0 0 0 0 0 0
car 0.0 0 0 282 281 300 301 0 0 0 0 0 0 0
car 0.0 0 0 299 275 309 286 0 0 0 0 0 0 0
car 0.0 0 0 193 295 207 307 0 0 0 0 0 0 0
car 0.0 0 0 202 285 214 296 0 0 0 0 0 0 0
car 0.0 0 0 255 265 269 278 0 0 0 0 0 0 0
car 0.0 0 0 237 274 254 287 0 0 0 0 0 0 0
car 0.0 0 0 214 282 235 298 0 0 0 0 0 0 0
car 0.0 0 0 126 309 142 318 0 0 0 0 0 0 0
car 0.0 0 0 314 328 328 341 0 0 0 0 0 0 0
car 0.0 0 0 125 320 136 326 0 0 0 0 0 0 0
car 0.0 0 0 228 70 267 115 0 0 0 0 0 0 0
