car 0.882352941176 0 0 182 350 198 352 0 0 0 0 0 0 0
car 0.0 0 0 80 250 95 265 0 0 0 0 0 0 0
car 0.0 0 0 121 183 135 202 0 0 0 0 0 0 0
car 0.0 0 0 189 59 205 77 0 0 0 0 0 0 0
car 0.0 0 0 249 265 263 286 0 0 0 0 0 0 0
car 0.0 0 0 234 286 248 307 0 0 0 0 0 0 0
car 0.0 0 0 305 84 330 99 0 0 0 0 0 0 0
car 0.142857142857 0 0 340 118 352 133 0 0 0 0 0 0 0
car 0.0 0 0 185 25 209 42 0 0 0 0 0 0 0
car 0.0 0 0 15 327 29 345 0 0 0 0 0 0 0
car 0.0 0 0 325 77 338 91 0 0 0 0 0 0 0
car 0.210526315789 0 0 78 337 99 352 0 0 0 0 0 0 0
car 0.952380952381 0 0 351 58 352 72 0 0 0 0 0 0 0
car 0.0 0 0 164 10 178 33 0 0 0 0 0 0 0
car 0.0 0 0 193 320 215 337 0 0 0 0 0 0 0
car 0.833333333333 0 0 350 120 352 137 0 0 0 0 0 0 0
