car 0.0 0 0 213 314 237 330 0 0 0 0 0 0 0
car 0.0 0 0 210 335 231 349 0 0 0 0 0 0 0
car 0.0 0 0 184 211 207 227 0 0 0 0 0 0 0
car 0.0 0 0 105 178 126 191 0 0 0 0 0 0 0
car 0.0 0 0 298 333 313 343 0 0 0 0 0 0 0
car 0.0 0 0 150 159 162 176 0 0 0 0 0 0 0
car 0.0 0 0 63 143 78 154 0 0 0 0 0 0 0
car 0.0 0 0 67 157 82 168 0 0 0 0 0 0 0
car 0.0 0 0 31 137 45 148 0 0 0 0 0 0 0
car 0.0 0 0 34 183 48 194 0 0 0 0 0 0 0
car 0.0 0 0 274 58 290 69 0 0 0 0 0 0 0
car 0.0 0 0 229 65 243 82 0 0 0 0 0 0 0
car 0.0 0 0 202 42 223 56 0 0 0 0 0 0 0
car 0.0 0 0 203 59 221 77 0 0 0 0 0 0 0
car 0.0 0 0 127 170 140 181 0 0 0 0 0 0 0
car 0.0 0 0 153 280 168 298 0 0 0 0 0 0 0
car 0.333333333333 0 0 0 250 16 263 0 0 0 0 0 0 0
car 0.0 0 0 161 144 175 159 0 0 0 0 0 0 0
car 0.944444444444 0 0 0 265 1 278 0 0 0 0 0 0 0
car 0.0 0 0 2 235 22 249 0 0 0 0 0 0 0
car 0.8125 0 0 0 83 3 97 0 0 0 0 0 0 0
car 0.0 0 0 273 271 288 289 0 0 0 0 0 0 0
car 0.0 0 0 87 142 112 161 0 0 0 0 0 0 0
car 0.0 0 0 115 158 127 172 0 0 0 0 0 0 0
car 0.533333333333 0 0 265 345 285 352 0 0 0 0 0 0 0
car 0.0 0 0 292 317 318 336 0 0 0 0 0 0 0
car 0.0 0 0 123 201 140 215 0 0 0 0 0 0 0
car 0.0 0 0 148 202 171 222 0 0 0 0 0 0 0
car 0.0 0 0 176 194 195 212 0 0 0 0 0 0 0
car 0.0 0 0 197 0 215 18 0 0 0 0 0 0 0
car 0.0 0 0 29 219 49 234 0 0 0 0 0 0 0
car 0.0 0 0 4 117 35 133 0 0 0 0 0 0 0
car 0.0 0 0 216 277 265 304 0 0 0 0 0 0 0
car 0.0 0 0 258 256 279 267 0 0 0 0 0 0 0
car 0.0 0 0 238 244 252 254 0 0 0 0 0 0 0
car 0.0 0 0 288 272 312 287 0 0 0 0 0 0 0
car 0.0 0 0 183 254 208 271 0 0 0 0 0 0 0
car 0.95652173913 0 0 255 0 270 1 0 0 0 0 0 0 0
car 0.0 0 0 215 232 231 242 0 0 0 0 0 0 0
car 0.0 0 0 3 99 26 116 0 0 0 0 0 0 0
car 0.714285714286 0 0 281 346 299 352 0 0 0 0 0 0 0
car 0.184210526316 0 0 237 0 260 31 0 0 0 0 0 0 0
