car 0.0 0 0 270 316 284 324 0 0 0 0 0 0 0
car 0.0 0 0 324 73 335 94 0 0 0 0 0 0 0
car 0.0 0 0 80 309 91 324 0 0 0 0 0 0 0
car 0.714285714286 0 0 300 348 311 352 0 0 0 0 0 0 0
car 0.0 0 0 166 267 183 289 0 0 0 0 0 0 0
car 0.0 0 0 227 249 240 264 0 0 0 0 0 0 0
car 0.0 0 0 129 199 151 237 0 0 0 0 0 0 0
car 0.0 0 0 191 146 211 168 0 0 0 0 0 0 0
car 0.0 0 0 180 112 204 143 0 0 0 0 0 0 0
car 0.0 0 0 239 213 251 232 0 0 0 0 0 0 0
car 0.0 0 0 170 144 182 159 0 0 0 0 0 0 0
car 0.0 0 0 2 69 12 81 0 0 0 0 0 0 0
car 0.0 0 0 8 45 26 71 0 0 0 0 0 0 0
car 0.0 0 0 239 134 250 151 0 0 0 0 0 0 0
car 0.0 0 0 159 133 176 156 0 0 0 0 0 0 0
car 0.0 0 0 115 248 124 261 0 0 0 0 0 0 0
car 0.595238095238 0 0 0 336 17 352 0 0 0 0 0 0 0
car 0.0 0 0 264 25 280 43 0 0 0 0 0 0 0
car 0.0 0 0 135 277 157 300 0 0 0 0 0 0 0
car 0.0 0 0 149 168 166 190 0 0 0 0 0 0 0
car 0.0 0 0 156 225 170 242 0 0 0 0 0 0 0
car 0.0 0 0 195 79 204 93 0 0 0 0 0 0 0
car 0.0 0 0 158 319 172 347 0 0 0 0 0 0 0
car 0.0 0 0 263 50 278 67 0 0 0 0 0 0 0
car 0.0 0 0 224 123 236 139 0 0 0 0 0 0 0
car 0.0 0 0 330 112 350 125 0 0 0 0 0 0 0
car 0.0 0 0 189 312 201 329 0 0 0 0 0 0 0
car 0.0 0 0 272 118 285 132 0 0 0 0 0 0 0
car 0.0 0 0 275 335 288 349 0 0 0 0 0 0 0
car 0.96 0 0 0 348 3 352 0 0 0 0 0 0 0
car 0.0 0 0 203 200 214 223 0 0 0 0 0 0 0
car 0.785714285714 0 0 349 22 352 38 0 0 0 0 0 0 0
car 0.0 0 0 173 108 185 129 0 0 0 0 0 0 0
car 0.47619047619 0 0 58 341 75 352 0 0 0 0 0 0 0
car 0.0 0 0 2 324 18 335 0 0 0 0 0 0 0
car 0.0 0 0 195 97 209 113 0 0 0 0 0 0 0
car 0.0 0 0 62 317 73 331 0 0 0 0 0 0 0
car 0.521739130435 0 0 38 341 60 352 0 0 0 0 0 0 0
car 0.0 0 0 298 69 313 86 0 0 0 0 0 0 0
car 0.0 0 0 232 34 246 47 0 0 0 0 0 0 0
car 0.0 0 0 99 267 115 295 0 0 0 0 0 0 0
car 0.0 0 0 291 69 301 86 0 0 0 0 0 0 0
car 0.0 0 0 253 132 267 148 0 0 0 0 0 0 0
car 0.0 0 0 229 6 244 26 0 0 0 0 0 0 0
car 0.0 0 0 273 74 286 93 0 0 0 0 0 0 0
car 0.0 0 0 205 48 232 89 0 0 0 0 0 0 0
car 0.0 0 0 186 92 199 107 0 0 0 0 0 0 0
