car 0.0 0 0 229 238 243 254 0 0 0 0 0 0 0
car 0.0 0 0 198 167 214 188 0 0 0 0 0 0 0
car 0.0 0 0 269 211 285 222 0 0 0 0 0 0 0
car 0.0 0 0 138 235 151 248 0 0 0 0 0 0 0
car 0.0 0 0 225 49 239 65 0 0 0 0 0 0 0
car 0.923890063425 0 0 343 0 352 8 0 0 0 0 0 0 0
car 0.0 0 0 173 178 188 193 0 0 0 0 0 0 0
car 0.0 0 0 101 302 119 322 0 0 0 0 0 0 0
car 0.0 0 0 283 280 319 324 0 0 0 0 0 0 0
car 0.87414187643 0 0 341 0 352 10 0 0 0 0 0 0 0
car 0.0 0 0 258 261 276 273 0 0 0 0 0 0 0
car 0.0 0 0 213 120 232 136 0 0 0 0 0 0 0
car 0.0 0 0 285 219 299 230 0 0 0 0 0 0 0
car 0.0 0 0 333 256 348 269 0 0 0 0 0 0 0
car 0.0 0 0 195 316 223 351 0 0 0 0 0 0 0
car 0.0 0 0 222 168 244 190 0 0 0 0 0 0 0
car 0.0 0 0 242 89 256 111 0 0 0 0 0 0 0
car 0.0 0 0 136 211 149 225 0 0 0 0 0 0 0
car 0.0 0 0 291 304 306 315 0 0 0 0 0 0 0
car 0.170731707317 0 0 318 310 352 337 0 0 0 0 0 0 0
car 0.0 0 0 88 296 102 311 0 0 0 0 0 0 0
car 0.0 0 0 189 98 202 113 0 0 0 0 0 0 0
car 0.0 0 0 108 254 124 275 0 0 0 0 0 0 0
car 0.0 0 0 301 226 316 239 0 0 0 0 0 0 0
car 0.0 0 0 249 272 268 284 0 0 0 0 0 0 0
car 0.0 0 0 253 136 262 148 0 0 0 0 0 0 0
car 0.0 0 0 259 39 275 56 0 0 0 0 0 0 0
car 0.0 0 0 98 276 114 294 0 0 0 0 0 0 0
car 0.0 0 0 231 222 244 240 0 0 0 0 0 0 0
car 0.0 0 0 224 49 240 66 0 0 0 0 0 0 0
car 0.0 0 0 56 328 71 346 0 0 0 0 0 0 0
car 1.0 0 0 96 0 107 0 0 0 0 0 0 0 0
car 0.0 0 0 214 77 221 95 0 0 0 0 0 0 0
car 0.0 0 0 258 119 272 133 0 0 0 0 0 0 0
car 0.0 0 0 151 235 164 251 0 0 0 0 0 0 0
car 0.0 0 0 194 256 208 270 0 0 0 0 0 0 0
car 0.0 0 0 158 125 172 144 0 0 0 0 0 0 0
car 0.0 0 0 157 146 173 163 0 0 0 0 0 0 0
car 0.0 0 0 284 231 300 245 0 0 0 0 0 0 0
car 0.0 0 0 130 196 143 212 0 0 0 0 0 0 0
car 0.0 0 0 161 162 177 178 0 0 0 0 0 0 0
car 0.0 0 0 89 273 102 287 0 0 0 0 0 0 0
car 0.0 0 0 245 148 257 163 0 0 0 0 0 0 0
car 0.0 0 0 119 243 132 258 0 0 0 0 0 0 0
car 0.0 0 0 263 56 277 74 0 0 0 0 0 0 0
car 0.0 0 0 215 199 237 216 0 0 0 0 0 0 0
car 0.0 0 0 207 225 225 263 0 0 0 0 0 0 0
car 0.0 0 0 265 222 283 235 0 0 0 0 0 0 0
car 0.0 0 0 246 165 259 179 0 0 0 0 0 0 0
car 0.0 0 0 234 185 243 199 0 0 0 0 0 0 0
car 0.0 0 0 241 188 252 203 0 0 0 0 0 0 0
