car 0.0 0 0 66 67 78 82 0 0 0 0 0 0 0
car 0.0 0 0 65 185 87 199 0 0 0 0 0 0 0
car 0.0 0 0 210 269 229 282 0 0 0 0 0 0 0
car 0.0 0 0 143 229 166 247 0 0 0 0 0 0 0
car 0.0 0 0 173 119 188 139 0 0 0 0 0 0 0
car 0.0 0 0 212 89 222 104 0 0 0 0 0 0 0
car 0.0 0 0 161 256 177 267 0 0 0 0 0 0 0
car 0.0 0 0 234 14 251 30 0 0 0 0 0 0 0
car 0.0 0 0 199 261 215 274 0 0 0 0 0 0 0
car 0.0 0 0 219 29 234 48 0 0 0 0 0 0 0
car 0.0 0 0 195 277 214 292 0 0 0 0 0 0 0
car 0.823529411765 0 0 185 349 209 352 0 0 0 0 0 0 0
car 0.0 0 0 57 39 74 57 0 0 0 0 0 0 0
car 0.0 0 0 70 22 86 45 0 0 0 0 0 0 0
car 0.157894736842 0 0 336 106 352 125 0 0 0 0 0 0 0
car 0.0 0 0 266 297 285 314 0 0 0 0 0 0 0
car 0.0 0 0 176 105 192 134 0 0 0 0 0 0 0
car 0.217391304348 0 0 164 334 178 352 0 0 0 0 0 0 0
car 0.0 0 0 283 204 296 223 0 0 0 0 0 0 0
car 0.0 0 0 170 274 189 288 0 0 0 0 0 0 0
