car 0.0 0 0 30 299 43 315 0 0 0 0 0 0 0
car 0.0 0 0 104 163 118 178 0 0 0 0 0 0 0
car 0.0 0 0 121 133 140 151 0 0 0 0 0 0 0
car 0.0 0 0 219 238 232 259 0 0 0 0 0 0 0
car 0.0 0 0 203 265 221 282 0 0 0 0 0 0 0
car 0.0 0 0 178 310 196 329 0 0 0 0 0 0 0
car 0.0 0 0 199 280 210 294 0 0 0 0 0 0 0
car 0.0 0 0 171 330 182 345 0 0 0 0 0 0 0
car 0.0 0 0 263 114 278 128 0 0 0 0 0 0 0
car 0.0 0 0 302 42 320 58 0 0 0 0 0 0 0
car 0.0 0 0 167 50 189 71 0 0 0 0 0 0 0
car 0.0 0 0 335 27 349 45 0 0 0 0 0 0 0
car 0.0 0 0 9 24 27 46 0 0 0 0 0 0 0
car 0.0 0 0 28 27 46 49 0 0 0 0 0 0 0
