car 0.0 0 0 196 1 211 10 0 0 0 0 0 0 0
car 0.0 0 0 216 278 230 295 0 0 0 0 0 0 0
car 0.0 0 0 202 272 214 286 0 0 0 0 0 0 0
car 0.0 0 0 168 190 182 202 0 0 0 0 0 0 0
car 0.0 0 0 89 158 104 170 0 0 0 0 0 0 0
car 0.0 0 0 72 136 88 148 0 0 0 0 0 0 0
car 0.0 0 0 61 128 77 142 0 0 0 0 0 0 0
car 0.0 0 0 45 119 61 131 0 0 0 0 0 0 0
car 0.0 0 0 0 73 11 94 0 0 0 0 0 0 0
car 0.0 0 0 224 66 237 74 0 0 0 0 0 0 0
car 0.0 0 0 224 8 232 20 0 0 0 0 0 0 0
car 0.0 0 0 195 58 208 72 0 0 0 0 0 0 0
car 0.0 0 0 231 62 243 70 0 0 0 0 0 0 0
car 0.0 0 0 180 48 195 58 0 0 0 0 0 0 0
car 0.0 0 0 318 279 336 289 0 0 0 0 0 0 0
car 0.0 0 0 227 37 240 44 0 0 0 0 0 0 0
car 0.0 0 0 224 44 237 49 0 0 0 0 0 0 0
car 0.0 0 0 238 44 252 53 0 0 0 0 0 0 0
car 0.0 0 0 274 8 294 20 0 0 0 0 0 0 0
car 0.0 0 0 6 112 26 125 0 0 0 0 0 0 0
car 0.0 0 0 201 12 218 23 0 0 0 0 0 0 0
car 0.0 0 0 218 103 232 112 0 0 0 0 0 0 0
car 0.0 0 0 269 21 286 30 0 0 0 0 0 0 0
car 0.0 0 0 236 75 251 81 0 0 0 0 0 0 0
car 0.0 0 0 324 266 340 279 0 0 0 0 0 0 0
car 0.0 0 0 267 28 281 36 0 0 0 0 0 0 0
car 0.0 0 0 179 22 192 33 0 0 0 0 0 0 0
car 0.0 0 0 241 11 257 21 0 0 0 0 0 0 0
car 0.0 0 0 219 23 231 38 0 0 0 0 0 0 0
car 0.0 0 0 25 22 39 38 0 0 0 0 0 0 0
car 0.0 0 0 31 113 45 122 0 0 0 0 0 0 0
car 0.0 0 0 231 23 247 31 0 0 0 0 0 0 0
car 0.0 0 0 197 157 208 168 0 0 0 0 0 0 0
car 0.0 0 0 199 77 212 88 0 0 0 0 0 0 0
car 0.0 0 0 208 65 224 74 0 0 0 0 0 0 0
car 0.0 0 0 243 31 260 39 0 0 0 0 0 0 0
car 0.0 0 0 259 39 273 46 0 0 0 0 0 0 0
car 0.0 0 0 209 91 223 97 0 0 0 0 0 0 0
car 0.0 0 0 87 146 99 154 0 0 0 0 0 0 0
car 0.0 0 0 65 141 82 157 0 0 0 0 0 0 0
car 0.0 0 0 259 254 275 268 0 0 0 0 0 0 0
car 0.0 0 0 205 31 213 46 0 0 0 0 0 0 0
car 0.0 0 0 161 20 175 30 0 0 0 0 0 0 0
car 0.0 0 0 242 68 252 77 0 0 0 0 0 0 0
car 0.0 0 0 219 194 231 210 0 0 0 0 0 0 0
car 0.0 0 0 162 59 175 69 0 0 0 0 0 0 0
car 0.0 0 0 221 96 236 105 0 0 0 0 0 0 0
car 0.0 0 0 219 72 233 80 0 0 0 0 0 0 0
car 0.0 0 0 228 91 241 99 0 0 0 0 0 0 0
car 0.0 0 0 212 78 230 92 0 0 0 0 0 0 0
car 0.0 0 0 80 17 99 29 0 0 0 0 0 0 0
car 0.0 0 0 260 31 277 42 0 0 0 0 0 0 0
car 0.0 0 0 151 38 163 48 0 0 0 0 0 0 0
car 0.0 0 0 235 49 251 55 0 0 0 0 0 0 0
car 0.0 0 0 231 85 246 94 0 0 0 0 0 0 0
car 0.0 0 0 256 12 270 22 0 0 0 0 0 0 0
car 0.0 0 0 271 17 288 24 0 0 0 0 0 0 0
car 0.0 0 0 214 53 228 61 0 0 0 0 0 0 0
car 0.0 0 0 185 11 202 22 0 0 0 0 0 0 0
car 0.0 0 0 118 165 132 173 0 0 0 0 0 0 0
