car 0.0 0 0 104 60 119 72 0 0 0 0 0 0 0
car 0.0 0 0 247 112 265 126 0 0 0 0 0 0 0
car 0.0 0 0 192 82 217 98 0 0 0 0 0 0 0
car 0.0 0 0 182 26 198 43 0 0 0 0 0 0 0
car 0.0 0 0 260 173 272 190 0 0 0 0 0 0 0
car 0.0 0 0 2 71 13 86 0 0 0 0 0 0 0
car 0.0 0 0 14 73 32 96 0 0 0 0 0 0 0
car 0.857142857143 0 0 350 323 352 339 0 0 0 0 0 0 0
car 0.0 0 0 216 284 229 299 0 0 0 0 0 0 0
car 0.0 0 0 182 312 192 326 0 0 0 0 0 0 0
car 0.0 0 0 15 3 29 21 0 0 0 0 0 0 0
car 0.65 0 0 345 286 352 311 0 0 0 0 0 0 0
car 0.0 0 0 274 152 296 172 0 0 0 0 0 0 0
car 0.0 0 0 78 13 99 32 0 0 0 0 0 0 0
car 0.526315789474 0 0 343 187 352 207 0 0 0 0 0 0 0
car 0.0 0 0 239 242 253 263 0 0 0 0 0 0 0
car 0.0 0 0 242 136 260 153 0 0 0 0 0 0 0
car 0.235294117647 0 0 193 0 215 13 0 0 0 0 0 0 0
