car 0.0 0 0 244 184 263 204 0 0 0 0 0 0 0
car 0.909090909091 0 0 192 0 216 2 0 0 0 0 0 0 0
car 0.0 0 0 34 303 53 324 0 0 0 0 0 0 0
car 0.0 0 0 26 323 40 339 0 0 0 0 0 0 0
car 0.0 0 0 68 249 83 264 0 0 0 0 0 0 0
car 0.0 0 0 103 145 123 167 0 0 0 0 0 0 0
car 0.0 0 0 98 244 113 254 0 0 0 0 0 0 0
car 0.0 0 0 41 209 61 227 0 0 0 0 0 0 0
car 0.0 0 0 123 110 137 129 0 0 0 0 0 0 0
car 0.0 0 0 252 162 270 185 0 0 0 0 0 0 0
car 0.0 0 0 291 108 305 126 0 0 0 0 0 0 0
car 0.0 0 0 309 72 323 90 0 0 0 0 0 0 0
car 0.0 0 0 300 328 320 344 0 0 0 0 0 0 0
car 0.0 0 0 170 316 188 337 0 0 0 0 0 0 0
car 0.0 0 0 21 286 41 311 0 0 0 0 0 0 0
car 0.0 0 0 333 24 351 46 0 0 0 0 0 0 0
car 0.0 0 0 125 256 142 271 0 0 0 0 0 0 0
car 0.0 0 0 251 327 269 349 0 0 0 0 0 0 0
car 0.0 0 0 19 187 38 207 0 0 0 0 0 0 0
car 0.0 0 0 294 89 313 109 0 0 0 0 0 0 0
car 0.0 0 0 92 157 110 177 0 0 0 0 0 0 0
