car 0.0 0 0 152 39 167 52 0 0 0 0 0 0 0
car 0.0 0 0 167 137 180 158 0 0 0 0 0 0 0
car 0.0 0 0 236 117 257 134 0 0 0 0 0 0 0
car 0.0 0 0 117 204 131 220 0 0 0 0 0 0 0
car 0.0 0 0 259 101 278 116 0 0 0 0 0 0 0
car 0.0 0 0 103 233 119 244 0 0 0 0 0 0 0
car 0.0 0 0 63 41 78 58 0 0 0 0 0 0 0
car 0.0 0 0 50 322 63 341 0 0 0 0 0 0 0
car 0.0 0 0 109 260 119 269 0 0 0 0 0 0 0
car 0.0 0 0 154 133 169 150 0 0 0 0 0 0 0
car 0.0 0 0 96 273 112 293 0 0 0 0 0 0 0
car 0.0 0 0 12 106 31 125 0 0 0 0 0 0 0
car 0.0 0 0 173 98 191 118 0 0 0 0 0 0 0
car 0.0 0 0 122 22 137 39 0 0 0 0 0 0 0
car 0.0 0 0 274 111 292 127 0 0 0 0 0 0 0
car 0.0 0 0 165 46 183 61 0 0 0 0 0 0 0
car 0.0 0 0 77 274 92 289 0 0 0 0 0 0 0
