car 0.0 0 0 110 190 121 205 0 0 0 0 0 0 0
car 0.0 0 0 150 157 160 171 0 0 0 0 0 0 0
car 0.0 0 0 330 17 345 30 0 0 0 0 0 0 0
car 0.0 0 0 238 231 258 257 0 0 0 0 0 0 0
car 0.0 0 0 60 273 70 291 0 0 0 0 0 0 0
car 0.0 0 0 179 39 195 57 0 0 0 0 0 0 0
car 0.0 0 0 208 5 221 22 0 0 0 0 0 0 0
car 0.0 0 0 89 247 107 268 0 0 0 0 0 0 0
car 0.588235294118 0 0 0 284 7 303 0 0 0 0 0 0 0
car 0.944444444444 0 0 335 351 349 352 0 0 0 0 0 0 0
car 0.0 0 0 81 230 99 253 0 0 0 0 0 0 0
car 0.0 0 0 108 162 137 183 0 0 0 0 0 0 0
car 0.818181818182 0 0 9 348 27 352 0 0 0 0 0 0 0
car 0.954545454545 0 0 28 351 46 352 0 0 0 0 0 0 0
car 0.0 0 0 67 279 90 300 0 0 0 0 0 0 0
car 0.0 0 0 133 185 151 200 0 0 0 0 0 0 0
