car 0.0 0 0 213 117 228 139 0 0 0 0 0 0 0
car 0.0 0 0 150 142 167 161 0 0 0 0 0 0 0
car 0.0 0 0 103 94 123 107 0 0 0 0 0 0 0
car 0.0 0 0 99 99 118 114 0 0 0 0 0 0 0
car 0.0 0 0 93 105 117 121 0 0 0 0 0 0 0
car 0.0 0 0 92 109 112 127 0 0 0 0 0 0 0
car 0.0 0 0 231 129 250 148 0 0 0 0 0 0 0
car 0.0 0 0 99 46 117 63 0 0 0 0 0 0 0
car 0.0 0 0 184 35 203 46 0 0 0 0 0 0 0
car 1.0 0 0 34 0 55 0 0 0 0 0 0 0 0
car 0.0 0 0 158 19 172 28 0 0 0 0 0 0 0
car 0.0 0 0 149 119 163 133 0 0 0 0 0 0 0
car 0.0 0 0 203 106 216 127 0 0 0 0 0 0 0
car 0.0 0 0 118 310 125 325 0 0 0 0 0 0 0
car 0.0 0 0 90 256 100 271 0 0 0 0 0 0 0
car 0.0 0 0 55 178 71 191 0 0 0 0 0 0 0
car 0.0 0 0 89 318 100 332 0 0 0 0 0 0 0
car 0.0 0 0 189 101 201 116 0 0 0 0 0 0 0
car 0.0 0 0 104 327 116 343 0 0 0 0 0 0 0
car 0.0 0 0 41 331 54 351 0 0 0 0 0 0 0
car 0.0 0 0 210 154 224 170 0 0 0 0 0 0 0
car 0.0 0 0 6 308 25 328 0 0 0 0 0 0 0
car 0.0 0 0 76 251 88 267 0 0 0 0 0 0 0
car 0.0 0 0 46 190 63 203 0 0 0 0 0 0 0
car 0.0 0 0 140 75 151 92 0 0 0 0 0 0 0
car 0.0 0 0 53 276 65 290 0 0 0 0 0 0 0
car 0.0 0 0 197 169 217 187 0 0 0 0 0 0 0
car 0.0 0 0 73 309 87 327 0 0 0 0 0 0 0
car 0.0 0 0 88 293 95 307 0 0 0 0 0 0 0
car 0.0 0 0 62 281 73 295 0 0 0 0 0 0 0
car 0.0 0 0 106 266 116 282 0 0 0 0 0 0 0
car 0.0 0 0 84 250 93 267 0 0 0 0 0 0 0
car 0.0 0 0 136 131 146 146 0 0 0 0 0 0 0
car 0.0 0 0 174 22 190 40 0 0 0 0 0 0 0
car 0.0 0 0 26 280 41 298 0 0 0 0 0 0 0
car 0.0 0 0 112 34 123 48 0 0 0 0 0 0 0
car 0.0 0 0 18 237 31 249 0 0 0 0 0 0 0
car 0.0 0 0 73 283 84 299 0 0 0 0 0 0 0
car 0.0 0 0 160 83 174 103 0 0 0 0 0 0 0
car 0.0 0 0 67 4 85 17 0 0 0 0 0 0 0
car 0.142857142857 0 0 0 326 12 344 0 0 0 0 0 0 0
car 0.0 0 0 118 271 130 289 0 0 0 0 0 0 0
car 0.0 0 0 108 303 119 320 0 0 0 0 0 0 0
car 0.0 0 0 168 133 181 146 0 0 0 0 0 0 0
car 0.217391304348 0 0 124 0 146 18 0 0 0 0 0 0 0
car 0.0 0 0 85 15 105 27 0 0 0 0 0 0 0
car 0.0 0 0 93 296 105 312 0 0 0 0 0 0 0
car 0.0 0 0 132 109 145 128 0 0 0 0 0 0 0
car 0.0 0 0 40 291 51 305 0 0 0 0 0 0 0
car 0.0 0 0 100 301 111 316 0 0 0 0 0 0 0
car 0.0 0 0 57 239 68 255 0 0 0 0 0 0 0
car 0.0 0 0 42 271 54 289 0 0 0 0 0 0 0
car 0.0 0 0 80 290 89 304 0 0 0 0 0 0 0
car 0.0 0 0 111 183 125 198 0 0 0 0 0 0 0
car 0.0 0 0 62 304 75 320 0 0 0 0 0 0 0
car 0.0 0 0 127 278 135 291 0 0 0 0 0 0 0
car 0.0 0 0 98 259 109 276 0 0 0 0 0 0 0
car 0.0 0 0 97 321 109 336 0 0 0 0 0 0 0
car 0.0 0 0 113 271 121 283 0 0 0 0 0 0 0
car 0.0 0 0 22 322 34 336 0 0 0 0 0 0 0
car 0.0 0 0 130 67 143 87 0 0 0 0 0 0 0
car 0.0 0 0 54 296 67 311 0 0 0 0 0 0 0
car 0.0 0 0 82 312 94 328 0 0 0 0 0 0 0
car 0.0 0 0 133 281 143 297 0 0 0 0 0 0 0
