car 0.0 0 0 251 331 265 346 0 0 0 0 0 0 0
car 0.0 0 0 50 88 64 97 0 0 0 0 0 0 0
car 0.0 0 0 233 267 246 285 0 0 0 0 0 0 0
car 0.0 0 0 326 69 336 81 0 0 0 0 0 0 0
car 0.0 0 0 332 45 350 71 0 0 0 0 0 0 0
car 0.0 0 0 7 149 18 159 0 0 0 0 0 0 0
car 0.0 0 0 11 136 27 149 0 0 0 0 0 0 0
car 0.0 0 0 30 113 48 124 0 0 0 0 0 0 0
car 0.0 0 0 6 16 29 47 0 0 0 0 0 0 0
car 0.238095238095 0 0 309 336 341 352 0 0 0 0 0 0 0
car 0.0 0 0 194 249 213 271 0 0 0 0 0 0 0
car 0.973684210526 0 0 184 351 203 352 0 0 0 0 0 0 0
car 0.0 0 0 10 163 21 177 0 0 0 0 0 0 0
car 0.0 0 0 20 152 29 166 0 0 0 0 0 0 0
car 0.0 0 0 145 226 165 253 0 0 0 0 0 0 0
car 0.548387096774 0 0 165 338 183 352 0 0 0 0 0 0 0
car 0.0 0 0 229 331 241 344 0 0 0 0 0 0 0
car 0.0 0 0 241 317 253 332 0 0 0 0 0 0 0
car 0.787878787879 0 0 175 345 191 352 0 0 0 0 0 0 0
car 0.0 0 0 187 237 199 252 0 0 0 0 0 0 0
car 0.0 0 0 158 203 183 229 0 0 0 0 0 0 0
car 0.0 0 0 27 140 39 158 0 0 0 0 0 0 0
car 0.0 0 0 225 260 240 281 0 0 0 0 0 0 0
car 0.0 0 0 4 179 15 190 0 0 0 0 0 0 0
car 0.0 0 0 261 323 273 342 0 0 0 0 0 0 0
car 0.0 0 0 22 126 37 136 0 0 0 0 0 0 0
car 0.666666666667 0 0 302 348 327 352 0 0 0 0 0 0 0
car 0.0 0 0 47 111 58 126 0 0 0 0 0 0 0
car 0.0 0 0 16 130 32 141 0 0 0 0 0 0 0
car 0.0 0 0 37 105 48 115 0 0 0 0 0 0 0
car 0.0 0 0 326 324 342 335 0 0 0 0 0 0 0
car 0.0 0 0 0 160 11 172 0 0 0 0 0 0 0
car 0.461538461538 0 0 144 338 163 352 0 0 0 0 0 0 0
car 0.0 0 0 24 120 37 130 0 0 0 0 0 0 0
car 0.0 0 0 220 256 229 274 0 0 0 0 0 0 0
car 0.0 0 0 3 157 15 167 0 0 0 0 0 0 0
car 0.606060606061 0 0 151 339 180 352 0 0 0 0 0 0 0
car 0.0 0 0 45 93 59 106 0 0 0 0 0 0 0
car 0.0 0 0 234 322 248 337 0 0 0 0 0 0 0
car 0.0 0 0 41 101 54 111 0 0 0 0 0 0 0
car 0.0 0 0 211 251 220 273 0 0 0 0 0 0 0
car 0.0 0 0 35 124 46 139 0 0 0 0 0 0 0
car 0.0 0 0 248 312 262 324 0 0 0 0 0 0 0
