car 0.0 0 0 274 55 291 82 0 0 0 0 0 0 0
car 0.0 0 0 250 44 270 60 0 0 0 0 0 0 0
car 0.0 0 0 241 37 260 49 0 0 0 0 0 0 0
car 0.625 0 0 213 0 237 6 0 0 0 0 0 0 0
car 0.0 0 0 210 11 231 25 0 0 0 0 0 0 0
car 0.0 0 0 49 302 61 317 0 0 0 0 0 0 0
car 0.0 0 0 298 9 313 19 0 0 0 0 0 0 0
car 0.0 0 0 251 173 273 196 0 0 0 0 0 0 0
car 0.0 0 0 292 73 310 92 0 0 0 0 0 0 0
car 0.0 0 0 32 144 69 167 0 0 0 0 0 0 0
car 0.0 0 0 260 206 328 237 0 0 0 0 0 0 0
car 0.0 0 0 100 110 124 129 0 0 0 0 0 0 0
car 0.0 0 0 191 210 263 257 0 0 0 0 0 0 0
car 0.0 0 0 94 90 114 110 0 0 0 0 0 0 0
car 0.0 0 0 265 21 285 36 0 0 0 0 0 0 0
car 0.8 0 0 0 28 4 42 0 0 0 0 0 0 0
car 0.55 0 0 0 91 9 106 0 0 0 0 0 0 0
car 0.368421052632 0 0 292 0 318 12 0 0 0 0 0 0 0
car 0.0 0 0 282 66 299 86 0 0 0 0 0 0 0
car 0.0 0 0 168 143 194 166 0 0 0 0 0 0 0
car 0.0 0 0 217 315 229 330 0 0 0 0 0 0 0
car 0.0 0 0 281 22 299 43 0 0 0 0 0 0 0
car 0.0 0 0 72 166 105 184 0 0 0 0 0 0 0
car 0.0 0 0 308 70 322 92 0 0 0 0 0 0 0
car 0.0 0 0 61 76 87 99 0 0 0 0 0 0 0
