car 0.0 0 0 314 185 322 201 0 0 0 0 0 0 0
car 0.0 0 0 308 155 321 164 0 0 0 0 0 0 0
car 0.0 0 0 147 73 170 83 0 0 0 0 0 0 0
car 0.0 0 0 281 327 293 343 0 0 0 0 0 0 0
car 0.0 0 0 176 243 189 259 0 0 0 0 0 0 0
car 0.0 0 0 198 278 208 294 0 0 0 0 0 0 0
car 0.0 0 0 202 45 220 60 0 0 0 0 0 0 0
car 0.0 0 0 165 102 181 118 0 0 0 0 0 0 0
car 0.0 0 0 229 195 243 204 0 0 0 0 0 0 0
car 0.0 0 0 240 135 256 143 0 0 0 0 0 0 0
car 0.8 0 0 350 147 352 166 0 0 0 0 0 0 0
car 0.0 0 0 109 207 125 221 0 0 0 0 0 0 0
car 0.0 0 0 175 30 196 45 0 0 0 0 0 0 0
car 0.0 0 0 93 23 106 39 0 0 0 0 0 0 0
car 0.0 0 0 138 246 155 258 0 0 0 0 0 0 0
car 0.0 0 0 198 54 212 68 0 0 0 0 0 0 0
car 0.0 0 0 186 306 200 321 0 0 0 0 0 0 0
car 0.0 0 0 299 211 313 219 0 0 0 0 0 0 0
car 0.0 0 0 33 78 49 98 0 0 0 0 0 0 0
car 0.0 0 0 337 144 346 163 0 0 0 0 0 0 0
car 0.0 0 0 267 224 275 239 0 0 0 0 0 0 0
car 0.0 0 0 154 113 178 124 0 0 0 0 0 0 0
car 0.0 0 0 207 68 224 82 0 0 0 0 0 0 0
car 0.0 0 0 65 46 81 67 0 0 0 0 0 0 0
car 0.0 0 0 299 175 320 185 0 0 0 0 0 0 0
car 0.0 0 0 224 203 242 214 0 0 0 0 0 0 0
car 0.0 0 0 142 284 151 302 0 0 0 0 0 0 0
car 0.0 0 0 166 243 179 256 0 0 0 0 0 0 0
car 0.0 0 0 241 219 260 228 0 0 0 0 0 0 0
car 0.0 0 0 1 131 20 147 0 0 0 0 0 0 0
car 0.0 0 0 282 216 300 225 0 0 0 0 0 0 0
car 0.0 0 0 126 273 140 289 0 0 0 0 0 0 0
car 0.0 0 0 111 271 123 288 0 0 0 0 0 0 0
car 0.0 0 0 242 303 252 322 0 0 0 0 0 0 0
car 0.0 0 0 138 225 150 239 0 0 0 0 0 0 0
car 0.0 0 0 148 230 159 245 0 0 0 0 0 0 0
car 0.0 0 0 53 129 64 144 0 0 0 0 0 0 0
car 0.0 0 0 305 163 320 171 0 0 0 0 0 0 0
car 0.0 0 0 145 79 162 88 0 0 0 0 0 0 0
car 0.0 0 0 225 51 245 65 0 0 0 0 0 0 0
car 0.0 0 0 278 230 291 238 0 0 0 0 0 0 0
car 0.0 0 0 257 148 271 157 0 0 0 0 0 0 0
car 0.0 0 0 231 323 242 341 0 0 0 0 0 0 0
car 0.0 0 0 252 179 267 191 0 0 0 0 0 0 0
car 0.0 0 0 343 122 352 135 0 0 0 0 0 0 0
car 0.0 0 0 220 92 233 102 0 0 0 0 0 0 0
car 0.0 0 0 165 257 173 276 0 0 0 0 0 0 0
car 0.0 0 0 150 290 158 303 0 0 0 0 0 0 0
car 0.0 0 0 306 148 323 155 0 0 0 0 0 0 0
car 0.0 0 0 230 174 249 180 0 0 0 0 0 0 0
car 0.0 0 0 205 113 220 123 0 0 0 0 0 0 0
car 0.0 0 0 210 106 226 117 0 0 0 0 0 0 0
car 0.0 0 0 177 319 189 334 0 0 0 0 0 0 0
car 0.5454545454545454 0 0 347 165 352 177 0 0 0 0 0 0 0
car 0.0 0 0 335 188 343 205 0 0 0 0 0 0 0
car 0.0 0 0 308 141 325 148 0 0 0 0 0 0 0
car 0.0 0 0 152 64 170 74 0 0 0 0 0 0 0
car 0.0 0 0 189 253 204 271 0 0 0 0 0 0 0
car 0.0 0 0 213 99 226 108 0 0 0 0 0 0 0
car 0.0 0 0 168 46 185 60 0 0 0 0 0 0 0
car 0.0 0 0 97 265 107 282 0 0 0 0 0 0 0
car 0.0 0 0 299 219 313 226 0 0 0 0 0 0 0
car 0.0 0 0 122 211 131 224 0 0 0 0 0 0 0
car 0.0 0 0 155 250 168 268 0 0 0 0 0 0 0
car 0.0 0 0 338 120 345 135 0 0 0 0 0 0 0
car 0.0 0 0 289 239 307 247 0 0 0 0 0 0 0
car 0.0 0 0 258 144 273 152 0 0 0 0 0 0 0
car 0.0 0 0 244 208 260 220 0 0 0 0 0 0 0
car 0.0 0 0 131 240 141 252 0 0 0 0 0 0 0
car 0.0 0 0 234 147 250 159 0 0 0 0 0 0 0
car 0.0 0 0 310 135 330 140 0 0 0 0 0 0 0
car 0.0 0 0 218 220 237 233 0 0 0 0 0 0 0
car 0.0 0 0 321 186 331 202 0 0 0 0 0 0 0
car 0.0 0 0 220 85 236 95 0 0 0 0 0 0 0
car 0.0 0 0 177 267 193 282 0 0 0 0 0 0 0
car 0.0 0 0 328 120 337 135 0 0 0 0 0 0 0
car 0.0 0 0 103 287 113 299 0 0 0 0 0 0 0
