car 0.0 0 0 26 147 36 166 0 0 0 0 0 0 0
car 0.0 0 0 31 192 45 209 0 0 0 0 0 0 0
car 0.0 0 0 33 125 42 138 0 0 0 0 0 0 0
car 0.0 0 0 149 257 169 280 0 0 0 0 0 0 0
car 0.0 0 0 44 126 51 140 0 0 0 0 0 0 0
car 0.0 0 0 34 248 47 262 0 0 0 0 0 0 0
car 0.0 0 0 13 144 22 163 0 0 0 0 0 0 0
car 0.0 0 0 57 154 64 168 0 0 0 0 0 0 0
car 0.0 0 0 61 167 66 182 0 0 0 0 0 0 0
car 0.0 0 0 62 247 76 258 0 0 0 0 0 0 0
car 0.0 0 0 96 159 112 170 0 0 0 0 0 0 0
car 0.0 0 0 76 158 86 169 0 0 0 0 0 0 0
car 0.0 0 0 33 263 42 278 0 0 0 0 0 0 0
car 0.0 0 0 91 178 105 189 0 0 0 0 0 0 0
car 0.0 0 0 73 168 83 182 0 0 0 0 0 0 0
car 0.0 0 0 19 122 28 135 0 0 0 0 0 0 0
car 0.0 0 0 54 167 60 182 0 0 0 0 0 0 0
car 0.0 0 0 23 165 34 177 0 0 0 0 0 0 0
car 0.0 0 0 11 188 19 205 0 0 0 0 0 0 0
car 0.9411764705882353 0 0 0 141 1 148 0 0 0 0 0 0 0
car 0.0 0 0 43 268 52 281 0 0 0 0 0 0 0
car 0.0 0 0 87 201 104 209 0 0 0 0 0 0 0
car 0.0 0 0 77 203 88 215 0 0 0 0 0 0 0
car 0.0 0 0 91 141 117 154 0 0 0 0 0 0 0
car 0.0 0 0 38 166 49 179 0 0 0 0 0 0 0
car 0.0 0 0 228 2 248 15 0 0 0 0 0 0 0
car 0.0 0 0 33 148 43 164 0 0 0 0 0 0 0
car 0.0 0 0 14 120 21 135 0 0 0 0 0 0 0
car 0.0 0 0 49 125 60 140 0 0 0 0 0 0 0
car 0.0 0 0 223 44 261 72 0 0 0 0 0 0 0
car 0.7 0 0 0 135 6 140 0 0 0 0 0 0 0
car 0.0 0 0 88 194 107 204 0 0 0 0 0 0 0
car 0.0 0 0 48 195 58 211 0 0 0 0 0 0 0
car 0.30000000000000004 0 0 0 186 7 202 0 0 0 0 0 0 0
car 0.0 0 0 60 257 73 269 0 0 0 0 0 0 0
car 0.0 0 0 4 120 13 135 0 0 0 0 0 0 0
car 0.0 0 0 45 166 56 183 0 0 0 0 0 0 0
car 0.0 0 0 45 251 59 265 0 0 0 0 0 0 0
