car 0.0 0 0 253 19 267 37 0 0 0 0 0 0 0
car 0.0 0 0 138 38 149 54 0 0 0 0 0 0 0
car 0.0 0 0 193 138 210 156 0 0 0 0 0 0 0
car 1.0 0 0 0 130 0 148 0 0 0 0 0 0 0
car 0.0 0 0 124 33 131 48 0 0 0 0 0 0 0
car 0.0 0 0 263 30 278 48 0 0 0 0 0 0 0
car 0.0 0 0 57 36 67 51 0 0 0 0 0 0 0
car 0.25 0 0 86 0 99 9 0 0 0 0 0 0 0
car 0.0 0 0 207 292 261 323 0 0 0 0 0 0 0
car 0.0 0 0 253 292 270 304 0 0 0 0 0 0 0
car 0.0 0 0 43 7 53 19 0 0 0 0 0 0 0
car 0.0 0 0 285 297 302 309 0 0 0 0 0 0 0
car 0.0 0 0 77 256 94 271 0 0 0 0 0 0 0
car 0.0 0 0 139 207 156 225 0 0 0 0 0 0 0
car 0.0 0 0 266 307 279 323 0 0 0 0 0 0 0
car 0.0 0 0 50 15 58 26 0 0 0 0 0 0 0
car 0.0 0 0 337 297 348 310 0 0 0 0 0 0 0
car 0.0 0 0 54 76 66 90 0 0 0 0 0 0 0
car 0.0 0 0 73 330 89 346 0 0 0 0 0 0 0
car 0.0 0 0 144 223 157 242 0 0 0 0 0 0 0
car 0.8125 0 0 149 0 163 3 0 0 0 0 0 0 0
car 0.0 0 0 102 2 116 17 0 0 0 0 0 0 0
car 0.0 0 0 55 17 68 31 0 0 0 0 0 0 0
car 0.0 0 0 167 317 183 330 0 0 0 0 0 0 0
car 0.0 0 0 113 62 126 82 0 0 0 0 0 0 0
car 0.0 0 0 325 331 342 345 0 0 0 0 0 0 0
car 0.0 0 0 221 79 247 114 0 0 0 0 0 0 0
car 0.0 0 0 292 312 308 322 0 0 0 0 0 0 0
car 0.0 0 0 295 327 310 340 0 0 0 0 0 0 0
car 0.0 0 0 116 30 125 44 0 0 0 0 0 0 0
car 0.5 0 0 0 194 7 205 0 0 0 0 0 0 0
car 0.0 0 0 87 244 109 251 0 0 0 0 0 0 0
car 0.0 0 0 35 3 45 19 0 0 0 0 0 0 0
car 0.0 0 0 68 66 80 80 0 0 0 0 0 0 0
car 0.0 0 0 153 151 169 162 0 0 0 0 0 0 0
car 0.0 0 0 131 83 149 97 0 0 0 0 0 0 0
car 0.0 0 0 280 316 295 332 0 0 0 0 0 0 0
car 0.0 0 0 205 113 218 130 0 0 0 0 0 0 0
car 0.0 0 0 120 118 133 133 0 0 0 0 0 0 0
car 0.0 0 0 33 21 44 37 0 0 0 0 0 0 0
car 0.0 0 0 236 138 252 150 0 0 0 0 0 0 0
car 0.0 0 0 93 17 106 33 0 0 0 0 0 0 0
car 0.0 0 0 266 320 282 333 0 0 0 0 0 0 0
car 0.0 0 0 71 26 82 41 0 0 0 0 0 0 0
car 0.0 0 0 308 335 324 348 0 0 0 0 0 0 0
car 0.0 0 0 107 218 121 237 0 0 0 0 0 0 0
car 0.7857142857142857 0 0 72 0 84 3 0 0 0 0 0 0 0
car 0.0 0 0 109 23 120 40 0 0 0 0 0 0 0
car 0.0 0 0 25 16 38 33 0 0 0 0 0 0 0
car 0.0 0 0 49 31 60 43 0 0 0 0 0 0 0
car 0.0 0 0 281 3 302 24 0 0 0 0 0 0 0
car 0.0 0 0 171 143 179 155 0 0 0 0 0 0 0
car 0.0 0 0 102 20 110 37 0 0 0 0 0 0 0
car 0.0 0 0 108 108 120 121 0 0 0 0 0 0 0
car 0.95 0 0 0 263 1 273 0 0 0 0 0 0 0
car 0.0 0 0 40 28 51 42 0 0 0 0 0 0 0
car 0.0 0 0 69 272 90 287 0 0 0 0 0 0 0
car 0.0 0 0 312 324 326 335 0 0 0 0 0 0 0
car 0.0 0 0 193 274 233 293 0 0 0 0 0 0 0
car 0.0 0 0 41 240 63 261 0 0 0 0 0 0 0
car 0.0 0 0 269 303 288 315 0 0 0 0 0 0 0
car 0.0 0 0 37 223 50 236 0 0 0 0 0 0 0
car 0.0 0 0 282 333 300 346 0 0 0 0 0 0 0
car 0.0 0 0 138 2 154 18 0 0 0 0 0 0 0
car 0.0 0 0 10 49 27 62 0 0 0 0 0 0 0
car 0.65 0 0 175 0 188 7 0 0 0 0 0 0 0
car 0.0 0 0 244 98 258 112 0 0 0 0 0 0 0
car 0.15384615384615385 0 0 207 341 228 352 0 0 0 0 0 0 0
