car 0.6923076923076923 0 0 108 0 127 4 0 0 0 0 0 0 0
car 0.0 0 0 209 76 218 89 0 0 0 0 0 0 0
car 0.0 0 0 234 124 254 139 0 0 0 0 0 0 0
car 0.0 0 0 143 268 161 286 0 0 0 0 0 0 0
car 0.0 0 0 220 128 233 145 0 0 0 0 0 0 0
car 0.0 0 0 183 3 197 21 0 0 0 0 0 0 0
car 0.0 0 0 180 210 196 227 0 0 0 0 0 0 0
car 0.0 0 0 198 84 208 97 0 0 0 0 0 0 0
car 0.0 0 0 182 25 197 53 0 0 0 0 0 0 0
car 0.0 0 0 192 191 209 207 0 0 0 0 0 0 0
car 0.8947368421052632 0 0 199 0 213 2 0 0 0 0 0 0 0
car 0.0 0 0 286 150 307 160 0 0 0 0 0 0 0
car 0.0 0 0 197 105 208 121 0 0 0 0 0 0 0
car 0.0 0 0 178 70 193 84 0 0 0 0 0 0 0
car 0.0 0 0 330 147 350 164 0 0 0 0 0 0 0
car 0.0 0 0 43 329 62 341 0 0 0 0 0 0 0
car 0.0 0 0 137 2 160 18 0 0 0 0 0 0 0
car 0.0 0 0 221 103 231 113 0 0 0 0 0 0 0
car 0.0 0 0 305 166 328 176 0 0 0 0 0 0 0
