car 0.0 0 0 235 128 252 143 0 0 0 0 0 0 0
car 0.0 0 0 282 33 293 48 0 0 0 0 0 0 0
car 0.0 0 0 270 14 284 27 0 0 0 0 0 0 0
car 0.0 0 0 194 34 206 53 0 0 0 0 0 0 0
car 0.0 0 0 209 9 225 27 0 0 0 0 0 0 0
car 0.0 0 0 302 211 316 227 0 0 0 0 0 0 0
car 0.0 0 0 249 148 263 160 0 0 0 0 0 0 0
car 0.0 0 0 216 301 235 327 0 0 0 0 0 0 0
car 0.5555555555555556 0 0 187 0 202 8 0 0 0 0 0 0 0
car 0.0 0 0 320 183 330 193 0 0 0 0 0 0 0
car 0.0 0 0 177 5 186 25 0 0 0 0 0 0 0
car 0.0 0 0 261 100 277 115 0 0 0 0 0 0 0
car 1.0 0 0 237 0 250 0 0 0 0 0 0 0 0
car 0.0 0 0 239 119 259 133 0 0 0 0 0 0 0
car 0.52 0 0 249 0 265 12 0 0 0 0 0 0 0
car 0.0 0 0 235 9 251 25 0 0 0 0 0 0 0
car 0.0 0 0 299 5 315 18 0 0 0 0 0 0 0
car 0.0 0 0 200 71 215 98 0 0 0 0 0 0 0
car 0.0 0 0 298 166 314 182 0 0 0 0 0 0 0
