car 0.0 0 0 200 182 213 199 0 0 0 0 0 0 0
car 0.0 0 0 160 245 173 260 0 0 0 0 0 0 0
car 0.0 0 0 120 307 132 323 0 0 0 0 0 0 0
car 0.4285714285714286 0 0 0 111 8 127 0 0 0 0 0 0 0
car 0.9333333333333333 0 0 0 125 1 141 0 0 0 0 0 0 0
car 0.0 0 0 205 32 224 42 0 0 0 0 0 0 0
car 0.0 0 0 73 6 89 22 0 0 0 0 0 0 0
car 0.0 0 0 103 328 123 343 0 0 0 0 0 0 0
car 0.5384615384615384 0 0 167 0 183 6 0 0 0 0 0 0 0
car 0.0 0 0 325 7 342 21 0 0 0 0 0 0 0
car 0.0 0 0 295 3 310 16 0 0 0 0 0 0 0
car 0.0 0 0 174 218 190 235 0 0 0 0 0 0 0
car 0.0 0 0 255 42 280 61 0 0 0 0 0 0 0
car 0.5 0 0 280 0 295 8 0 0 0 0 0 0 0
car 0.0 0 0 12 88 25 102 0 0 0 0 0 0 0
car 0.3076923076923077 0 0 266 0 282 9 0 0 0 0 0 0 0
car 0.0 0 0 313 89 326 105 0 0 0 0 0 0 0
car 0.0 0 0 308 11 324 24 0 0 0 0 0 0 0
car 0.0 0 0 226 34 243 45 0 0 0 0 0 0 0
car 1.0 0 0 0 78 0 98 0 0 0 0 0 0 0
car 0.0 0 0 312 0 326 11 0 0 0 0 0 0 0
car 0.0 0 0 282 9 300 22 0 0 0 0 0 0 0
car 0.0 0 0 273 68 291 79 0 0 0 0 0 0 0
car 0.0 0 0 237 47 256 63 0 0 0 0 0 0 0
car 0.0 0 0 32 69 49 86 0 0 0 0 0 0 0
car 0.0 0 0 252 94 270 114 0 0 0 0 0 0 0
car 0.0 0 0 207 17 228 30 0 0 0 0 0 0 0
