car 0.0 0 0 108 315 127 328 0 0 0 0 0 0 0
car 0.0 0 0 36 242 51 254 0 0 0 0 0 0 0
car 0.0 0 0 200 175 219 184 0 0 0 0 0 0 0
car 0.0 0 0 127 63 143 75 0 0 0 0 0 0 0
car 0.0 0 0 183 327 197 345 0 0 0 0 0 0 0
car 0.0 0 0 258 242 275 255 0 0 0 0 0 0 0
car 0.0 0 0 27 88 50 105 0 0 0 0 0 0 0
car 0.0 0 0 186 278 199 294 0 0 0 0 0 0 0
car 0.0 0 0 220 256 239 272 0 0 0 0 0 0 0
car 0.8928571428571429 0 0 182 349 197 352 0 0 0 0 0 0 0
car 0.0 0 0 236 263 251 275 0 0 0 0 0 0 0
car 0.0 0 0 246 90 266 98 0 0 0 0 0 0 0
car 0.0 0 0 199 307 213 326 0 0 0 0 0 0 0
car 0.0 0 0 156 165 193 185 0 0 0 0 0 0 0
car 0.0 0 0 101 60 116 69 0 0 0 0 0 0 0
car 0.0 0 0 210 227 226 237 0 0 0 0 0 0 0
car 0.0 0 0 198 257 213 276 0 0 0 0 0 0 0
car 0.0 0 0 281 236 302 246 0 0 0 0 0 0 0
car 0.0 0 0 84 274 102 286 0 0 0 0 0 0 0
car 0.0 0 0 118 49 134 68 0 0 0 0 0 0 0
car 0.0 0 0 262 229 278 241 0 0 0 0 0 0 0
car 0.0 0 0 137 326 160 342 0 0 0 0 0 0 0
car 0.0 0 0 7 125 24 136 0 0 0 0 0 0 0
car 0.0 0 0 34 219 49 233 0 0 0 0 0 0 0
car 0.0 0 0 50 264 66 276 0 0 0 0 0 0 0
car 0.0 0 0 323 40 336 58 0 0 0 0 0 0 0
car 0.0 0 0 220 276 234 290 0 0 0 0 0 0 0
car 0.0 0 0 118 187 135 200 0 0 0 0 0 0 0
car 0.0 0 0 104 300 131 317 0 0 0 0 0 0 0
car 0.0 0 0 109 69 126 83 0 0 0 0 0 0 0
car 0.0 0 0 107 145 131 159 0 0 0 0 0 0 0
car 0.0 0 0 195 157 276 174 0 0 0 0 0 0 0
car 0.8125 0 0 0 237 3 248 0 0 0 0 0 0 0
car 0.0 0 0 177 297 191 314 0 0 0 0 0 0 0
car 0.0 0 0 134 153 159 175 0 0 0 0 0 0 0
car 0.11111111111111116 0 0 0 221 16 237 0 0 0 0 0 0 0
