car 0.0 0 0 104 93 118 104 0 0 0 0 0 0 0
car 0.0 0 0 209 48 225 60 0 0 0 0 0 0 0
car 0.0 0 0 318 242 333 256 0 0 0 0 0 0 0
car 0.6875 0 0 93 347 106 352 0 0 0 0 0 0 0
car 0.0 0 0 314 267 327 283 0 0 0 0 0 0 0
car 0.0 0 0 239 301 248 316 0 0 0 0 0 0 0
car 0.0 0 0 249 301 259 318 0 0 0 0 0 0 0
car 0.0 0 0 12 224 30 238 0 0 0 0 0 0 0
car 0.0 0 0 338 281 349 299 0 0 0 0 0 0 0
car 0.0 0 0 220 291 233 304 0 0 0 0 0 0 0
car 0.0 0 0 64 180 82 193 0 0 0 0 0 0 0
car 0.0 0 0 262 285 277 305 0 0 0 0 0 0 0
car 0.0 0 0 325 271 337 290 0 0 0 0 0 0 0
