car 0.0 0 0 221 24 230 37 0 0 0 0 0 0 0
car 0.0 0 0 246 72 266 87 0 0 0 0 0 0 0
car 0.0 0 0 95 295 116 306 0 0 0 0 0 0 0
car 0.0 0 0 155 216 173 234 0 0 0 0 0 0 0
car 0.0 0 0 232 76 245 93 0 0 0 0 0 0 0
car 0.0 0 0 192 158 208 175 0 0 0 0 0 0 0
car 0.0 0 0 140 331 151 350 0 0 0 0 0 0 0
car 0.0 0 0 210 32 220 45 0 0 0 0 0 0 0
car 0.0 0 0 204 139 221 155 0 0 0 0 0 0 0
car 0.0 0 0 298 98 319 108 0 0 0 0 0 0 0
car 0.0 0 0 209 53 220 69 0 0 0 0 0 0 0
car 0.0 0 0 190 18 205 32 0 0 0 0 0 0 0
car 0.8371040723981901 0 0 349 340 352 352 0 0 0 0 0 0 0
car 0.5 0 0 342 95 352 112 0 0 0 0 0 0 0
car 0.0 0 0 55 277 74 289 0 0 0 0 0 0 0
car 0.0 0 0 233 51 243 61 0 0 0 0 0 0 0
car 0.0 0 0 317 114 340 124 0 0 0 0 0 0 0
car 0.0 0 0 9 294 20 308 0 0 0 0 0 0 0
car 0.0 0 0 121 285 138 305 0 0 0 0 0 0 0
car 1.0 0 0 0 274 0 283 0 0 0 0 0 0 0
car 0.0 0 0 65 338 83 352 0 0 0 0 0 0 0
