car 0.0 0 0 253 28 272 41 0 0 0 0 0 0 0
car 0.0 0 0 255 39 266 57 0 0 0 0 0 0 0
car 0.0 0 0 272 68 281 85 0 0 0 0 0 0 0
car 0.0 0 0 110 328 132 337 0 0 0 0 0 0 0
car 0.0 0 0 274 114 303 137 0 0 0 0 0 0 0
car 0.0 0 0 319 249 334 262 0 0 0 0 0 0 0
car 0.0 0 0 51 0 69 22 0 0 0 0 0 0 0
car 0.0 0 0 231 301 248 311 0 0 0 0 0 0 0
car 0.0 0 0 134 215 142 229 0 0 0 0 0 0 0
car 0.0 0 0 305 213 325 233 0 0 0 0 0 0 0
car 0.0 0 0 78 84 91 99 0 0 0 0 0 0 0
car 0.0 0 0 312 234 325 249 0 0 0 0 0 0 0
car 0.0 0 0 249 296 267 309 0 0 0 0 0 0 0
car 0.0 0 0 81 111 99 130 0 0 0 0 0 0 0
car 0.0 0 0 64 63 88 89 0 0 0 0 0 0 0
car 0.0 0 0 75 6 92 20 0 0 0 0 0 0 0
car 0.0 0 0 76 69 89 84 0 0 0 0 0 0 0
car 0.0 0 0 199 310 215 320 0 0 0 0 0 0 0
car 0.0 0 0 101 167 110 185 0 0 0 0 0 0 0
car 0.0 0 0 93 170 115 191 0 0 0 0 0 0 0
car 0.0 0 0 75 84 89 102 0 0 0 0 0 0 0
car 0.9444444444444444 0 0 30 351 72 352 0 0 0 0 0 0 0
