car 0.0 0 0 219 137 229 153 0 0 0 0 0 0 0
car 0.0 0 0 56 260 66 274 0 0 0 0 0 0 0
car 0.0 0 0 233 104 249 125 0 0 0 0 0 0 0
car 0.0 0 0 46 211 58 236 0 0 0 0 0 0 0
car 0.0 0 0 288 317 298 332 0 0 0 0 0 0 0
car 0.0 0 0 31 160 44 189 0 0 0 0 0 0 0
car 0.0 0 0 133 60 152 78 0 0 0 0 0 0 0
car 0.0 0 0 90 204 104 223 0 0 0 0 0 0 0
car 0.0 0 0 59 202 73 218 0 0 0 0 0 0 0
car 0.0 0 0 97 247 108 264 0 0 0 0 0 0 0
car 0.0 0 0 91 250 99 263 0 0 0 0 0 0 0
car 0.0 0 0 73 252 83 266 0 0 0 0 0 0 0
car 0.0 0 0 154 10 180 31 0 0 0 0 0 0 0
car 0.0 0 0 105 241 123 262 0 0 0 0 0 0 0
car 0.0 0 0 67 229 80 247 0 0 0 0 0 0 0
car 0.0 0 0 70 328 87 347 0 0 0 0 0 0 0
car 0.0 0 0 235 202 248 220 0 0 0 0 0 0 0
car 0.0 0 0 102 201 114 221 0 0 0 0 0 0 0
car 0.0 0 0 48 243 63 264 0 0 0 0 0 0 0
car 0.8636363636363636 0 0 75 349 90 352 0 0 0 0 0 0 0
car 0.0 0 0 88 59 117 80 0 0 0 0 0 0 0
