car 0.0 0 0 212 212 228 222 0 0 0 0 0 0 0
car 0.0 0 0 83 87 105 101 0 0 0 0 0 0 0
car 0.0 0 0 270 338 284 351 0 0 0 0 0 0 0
car 0.0 0 0 78 240 87 249 0 0 0 0 0 0 0
car 0.0 0 0 101 259 113 275 0 0 0 0 0 0 0
car 0.0 0 0 18 227 35 238 0 0 0 0 0 0 0
car 0.0 0 0 46 245 61 257 0 0 0 0 0 0 0
car 0.0 0 0 209 333 225 351 0 0 0 0 0 0 0
car 0.0 0 0 186 250 203 264 0 0 0 0 0 0 0
car 0.0 0 0 57 248 70 259 0 0 0 0 0 0 0
car 0.0 0 0 165 178 178 191 0 0 0 0 0 0 0
car 0.0 0 0 107 247 115 257 0 0 0 0 0 0 0
car 0.0 0 0 187 314 202 332 0 0 0 0 0 0 0
car 0.0 0 0 177 329 186 349 0 0 0 0 0 0 0
car 0.0 0 0 188 291 200 306 0 0 0 0 0 0 0
car 0.0 0 0 69 248 78 261 0 0 0 0 0 0 0
car 0.0 0 0 237 303 250 324 0 0 0 0 0 0 0
car 0.0 0 0 114 249 127 261 0 0 0 0 0 0 0
car 0.0 0 0 98 242 108 253 0 0 0 0 0 0 0
car 0.0 0 0 125 164 145 177 0 0 0 0 0 0 0
car 0.0 0 0 257 297 276 314 0 0 0 0 0 0 0
car 0.0 0 0 166 259 179 279 0 0 0 0 0 0 0
car 0.0 0 0 41 82 68 105 0 0 0 0 0 0 0
car 0.0 0 0 249 311 265 336 0 0 0 0 0 0 0
car 0.0 0 0 93 256 105 268 0 0 0 0 0 0 0
car 0.0 0 0 235 333 251 349 0 0 0 0 0 0 0
car 0.0 0 0 196 273 212 290 0 0 0 0 0 0 0
car 0.0 0 0 333 294 344 308 0 0 0 0 0 0 0
car 0.0 0 0 299 329 315 342 0 0 0 0 0 0 0
car 0.0 0 0 194 285 205 298 0 0 0 0 0 0 0
car 0.0 0 0 305 274 324 283 0 0 0 0 0 0 0
car 0.0 0 0 27 239 43 252 0 0 0 0 0 0 0
car 0.0 0 0 58 237 68 247 0 0 0 0 0 0 0
