car 0.0 0 0 296 192 310 207 0 0 0 0 0 0 0
car 0.0 0 0 179 324 198 346 0 0 0 0 0 0 0
car 0.0 0 0 318 111 332 127 0 0 0 0 0 0 0
car 0.0 0 0 310 125 325 141 0 0 0 0 0 0 0
car 0.0 0 0 271 179 288 193 0 0 0 0 0 0 0
car 0.0 0 0 179 314 201 328 0 0 0 0 0 0 0
car 0.0 0 0 275 169 292 185 0 0 0 0 0 0 0
car 0.0 0 0 208 324 222 340 0 0 0 0 0 0 0
car 0.0 0 0 336 88 349 102 0 0 0 0 0 0 0
car 0.0 0 0 225 291 236 308 0 0 0 0 0 0 0
car 0.0 0 0 305 78 324 98 0 0 0 0 0 0 0
car 0.0 0 0 281 151 300 166 0 0 0 0 0 0 0
car 0.0 0 0 249 210 268 230 0 0 0 0 0 0 0
car 0.0 0 0 280 159 302 179 0 0 0 0 0 0 0
car 0.0 0 0 220 260 235 284 0 0 0 0 0 0 0
