car 0.5 0 0 253 343 267 352 0 0 0 0 0 0 0
car 0.0 0 0 289 32 298 49 0 0 0 0 0 0 0
car 0.0 0 0 318 13 328 30 0 0 0 0 0 0 0
car 0.0 0 0 333 23 342 37 0 0 0 0 0 0 0
car 0.0 0 0 281 71 293 86 0 0 0 0 0 0 0
car 0.0 0 0 256 92 268 111 0 0 0 0 0 0 0
car 0.0 0 0 213 121 225 136 0 0 0 0 0 0 0
car 0.0 0 0 177 178 190 197 0 0 0 0 0 0 0
car 0.0 0 0 291 171 303 185 0 0 0 0 0 0 0
car 0.0 0 0 256 76 268 95 0 0 0 0 0 0 0
car 0.0 0 0 104 293 115 307 0 0 0 0 0 0 0
car 0.0 0 0 180 258 194 276 0 0 0 0 0 0 0
car 0.0 0 0 295 79 306 93 0 0 0 0 0 0 0
car 0.0 0 0 196 151 206 165 0 0 0 0 0 0 0
car 0.0 0 0 79 233 93 251 0 0 0 0 0 0 0
car 0.0 0 0 133 216 149 234 0 0 0 0 0 0 0
car 0.0 0 0 86 321 99 333 0 0 0 0 0 0 0
car 0.0 0 0 314 50 325 67 0 0 0 0 0 0 0
car 0.0 0 0 296 17 306 32 0 0 0 0 0 0 0
car 0.0 0 0 43 331 53 343 0 0 0 0 0 0 0
car 0.0 0 0 274 48 285 64 0 0 0 0 0 0 0
car 0.0 0 0 312 68 323 84 0 0 0 0 0 0 0
car 0.0 0 0 94 306 108 321 0 0 0 0 0 0 0
car 0.0 0 0 50 339 58 350 0 0 0 0 0 0 0
car 0.0 0 0 231 222 245 239 0 0 0 0 0 0 0
car 0.0 0 0 248 92 258 110 0 0 0 0 0 0 0
car 0.0 0 0 234 9 251 25 0 0 0 0 0 0 0
car 0.0 0 0 149 311 163 327 0 0 0 0 0 0 0
car 0.0 0 0 242 207 255 224 0 0 0 0 0 0 0
car 0.0 0 0 300 119 315 137 0 0 0 0 0 0 0
car 0.0 0 0 319 30 327 44 0 0 0 0 0 0 0
car 0.0 0 0 131 22 141 37 0 0 0 0 0 0 0
car 0.0 0 0 200 154 212 173 0 0 0 0 0 0 0
car 0.0 0 0 102 326 116 341 0 0 0 0 0 0 0
car 0.2142857142857143 0 0 55 341 68 352 0 0 0 0 0 0 0
car 0.0 0 0 276 287 290 307 0 0 0 0 0 0 0
car 0.0 0 0 169 264 180 280 0 0 0 0 0 0 0
car 0.0 0 0 142 204 158 219 0 0 0 0 0 0 0
car 0.0 0 0 98 272 110 285 0 0 0 0 0 0 0
car 0.0 0 0 296 62 307 76 0 0 0 0 0 0 0
car 0.0 0 0 287 93 298 108 0 0 0 0 0 0 0
car 0.0 0 0 177 81 194 95 0 0 0 0 0 0 0
car 0.0 0 0 128 180 142 196 0 0 0 0 0 0 0
car 0.0 0 0 113 282 124 296 0 0 0 0 0 0 0
car 0.0 0 0 190 243 201 259 0 0 0 0 0 0 0
car 0.0 0 0 307 2 318 16 0 0 0 0 0 0 0
car 0.0 0 0 75 113 96 127 0 0 0 0 0 0 0
car 0.0 0 0 35 327 45 343 0 0 0 0 0 0 0
car 0.0 0 0 212 157 223 174 0 0 0 0 0 0 0
car 0.5625 0 0 33 345 44 352 0 0 0 0 0 0 0
car 0.0 0 0 259 192 274 207 0 0 0 0 0 0 0
car 0.0 0 0 279 89 288 106 0 0 0 0 0 0 0
car 0.0 0 0 277 64 285 78 0 0 0 0 0 0 0
car 0.0 0 0 51 123 67 135 0 0 0 0 0 0 0
car 0.0 0 0 107 258 121 274 0 0 0 0 0 0 0
car 0.0 0 0 81 301 93 315 0 0 0 0 0 0 0
car 0.3125 0 0 93 341 106 352 0 0 0 0 0 0 0
car 0.0 0 0 284 52 296 65 0 0 0 0 0 0 0
car 0.8666666666666667 0 0 71 350 82 352 0 0 0 0 0 0 0
car 0.0 0 0 214 249 226 268 0 0 0 0 0 0 0
car 0.0 0 0 223 25 239 41 0 0 0 0 0 0 0
car 0.0 0 0 223 127 233 144 0 0 0 0 0 0 0
car 0.0 0 0 212 69 219 82 0 0 0 0 0 0 0
car 0.0 0 0 141 32 148 46 0 0 0 0 0 0 0
car 0.0 0 0 72 313 84 327 0 0 0 0 0 0 0
car 0.0 0 0 310 28 321 43 0 0 0 0 0 0 0
car 0.0 0 0 201 63 215 79 0 0 0 0 0 0 0
car 0.0 0 0 168 193 181 208 0 0 0 0 0 0 0
car 0.0 0 0 126 228 136 244 0 0 0 0 0 0 0
car 0.7058823529411764 0 0 109 347 120 352 0 0 0 0 0 0 0
car 0.0 0 0 282 160 295 176 0 0 0 0 0 0 0
car 0.0 0 0 322 128 334 145 0 0 0 0 0 0 0
car 0.0 0 0 270 106 280 120 0 0 0 0 0 0 0
car 0.0 0 0 31 127 46 138 0 0 0 0 0 0 0
car 0.2941176470588235 0 0 25 340 38 352 0 0 0 0 0 0 0
car 0.0 0 0 281 327 302 348 0 0 0 0 0 0 0
car 0.0 0 0 303 24 311 38 0 0 0 0 0 0 0
car 0.0 0 0 341 9 351 23 0 0 0 0 0 0 0
car 0.0 0 0 304 63 316 80 0 0 0 0 0 0 0
car 0.0 0 0 202 133 214 151 0 0 0 0 0 0 0
car 0.5294117647058824 0 0 102 344 110 352 0 0 0 0 0 0 0
car 0.0 0 0 271 174 285 193 0 0 0 0 0 0 0
car 0.0 0 0 309 124 323 142 0 0 0 0 0 0 0
car 0.0 0 0 273 85 283 102 0 0 0 0 0 0 0
car 0.0 0 0 293 97 304 115 0 0 0 0 0 0 0
car 0.0 0 0 18 95 38 112 0 0 0 0 0 0 0
car 0.0 0 0 88 284 101 301 0 0 0 0 0 0 0
car 0.0 0 0 201 268 214 285 0 0 0 0 0 0 0
car 0.0 0 0 329 13 340 28 0 0 0 0 0 0 0
car 0.0 0 0 151 221 162 236 0 0 0 0 0 0 0
car 0.0 0 0 313 5 323 25 0 0 0 0 0 0 0
car 0.0 0 0 167 8 177 23 0 0 0 0 0 0 0
car 0.0 0 0 139 234 152 254 0 0 0 0 0 0 0
car 0.0 0 0 117 244 128 258 0 0 0 0 0 0 0
car 0.0 0 0 138 326 154 342 0 0 0 0 0 0 0
car 0.0 0 0 284 114 294 129 0 0 0 0 0 0 0
car 0.0 0 0 277 110 283 124 0 0 0 0 0 0 0
car 0.0 0 0 212 138 222 156 0 0 0 0 0 0 0
car 0.30434782608695654 0 0 0 114 16 124 0 0 0 0 0 0 0
car 0.0 0 0 323 54 333 68 0 0 0 0 0 0 0
car 0.0 0 0 292 56 302 72 0 0 0 0 0 0 0
car 0.0 0 0 150 187 165 206 0 0 0 0 0 0 0
car 0.0 0 0 121 267 133 281 0 0 0 0 0 0 0
car 0.0 0 0 187 299 195 312 0 0 0 0 0 0 0
car 0.0 0 0 293 36 306 52 0 0 0 0 0 0 0
car 0.0 0 0 300 42 311 56 0 0 0 0 0 0 0
car 0.0 0 0 287 76 298 90 0 0 0 0 0 0 0
car 0.0 0 0 264 101 272 115 0 0 0 0 0 0 0
car 0.0 0 0 161 24 172 35 0 0 0 0 0 0 0
car 0.0 0 0 114 70 137 85 0 0 0 0 0 0 0
car 0.0 0 0 187 165 198 178 0 0 0 0 0 0 0
car 0.0 0 0 175 311 188 331 0 0 0 0 0 0 0
car 0.0 0 0 320 280 339 296 0 0 0 0 0 0 0
car 0.0 0 0 222 238 236 256 0 0 0 0 0 0 0
car 0.0 0 0 305 46 317 63 0 0 0 0 0 0 0
car 0.0 0 0 303 247 318 263 0 0 0 0 0 0 0
car 0.0 0 0 192 283 206 300 0 0 0 0 0 0 0
car 0.0 0 0 318 257 328 270 0 0 0 0 0 0 0
car 0.0 0 0 324 36 336 50 0 0 0 0 0 0 0
car 0.0 0 0 268 79 275 98 0 0 0 0 0 0 0
car 0.0 0 0 267 63 279 77 0 0 0 0 0 0 0
car 0.0 0 0 229 54 239 72 0 0 0 0 0 0 0
car 0.0 0 0 157 209 173 221 0 0 0 0 0 0 0
car 0.0 0 0 132 251 144 265 0 0 0 0 0 0 0
