car 0.0 0 0 123 50 138 60 0 0 0 0 0 0 0
car 0.0 0 0 193 103 207 117 0 0 0 0 0 0 0
car 0.0 0 0 90 167 108 180 0 0 0 0 0 0 0
car 0.0 0 0 290 136 308 148 0 0 0 0 0 0 0
car 0.0 0 0 51 324 69 346 0 0 0 0 0 0 0
car 0.0 0 0 41 2 69 27 0 0 0 0 0 0 0
car 0.0 0 0 122 141 147 163 0 0 0 0 0 0 0
car 0.0 0 0 230 102 252 123 0 0 0 0 0 0 0
car 0.0 0 0 209 182 226 197 0 0 0 0 0 0 0
car 0.15384615384615385 0 0 0 179 22 199 0 0 0 0 0 0 0
car 0.0 0 0 312 152 328 177 0 0 0 0 0 0 0
car 0.0 0 0 48 303 62 321 0 0 0 0 0 0 0
car 0.0 0 0 75 330 92 344 0 0 0 0 0 0 0
car 0.0 0 0 39 268 57 288 0 0 0 0 0 0 0
car 0.0 0 0 117 32 136 51 0 0 0 0 0 0 0
car 0.0 0 0 58 182 82 206 0 0 0 0 0 0 0
