car 0.4 0 0 0 31 9 44 0 0 0 0 0 0 0
car 0.0 0 0 1 24 19 38 0 0 0 0 0 0 0
car 0.0 0 0 8 21 22 36 0 0 0 0 0 0 0
car 0.0 0 0 22 9 35 25 0 0 0 0 0 0 0
car 0.0 0 0 31 1 55 11 0 0 0 0 0 0 0
car 0.0 0 0 119 0 136 12 0 0 0 0 0 0 0
car 0.0 0 0 134 5 151 20 0 0 0 0 0 0 0
car 0.0 0 0 151 13 169 27 0 0 0 0 0 0 0
car 0.0 0 0 171 23 186 32 0 0 0 0 0 0 0
car 0.0 0 0 290 71 307 83 0 0 0 0 0 0 0
car 0.0 0 0 320 65 336 77 0 0 0 0 0 0 0
car 0.0 0 0 334 71 351 82 0 0 0 0 0 0 0
car 0.0 0 0 323 61 337 70 0 0 0 0 0 0 0
car 0.428571428571 0 0 99 348 111 352 0 0 0 0 0 0 0
car 0.0 0 0 112 342 126 350 0 0 0 0 0 0 0
car 0.0 0 0 202 318 229 332 0 0 0 0 0 0 0
car 0.0 0 0 184 145 195 158 0 0 0 0 0 0 0
car 0.0 0 0 231 318 247 339 0 0 0 0 0 0 0
car 0.0 0 0 165 332 185 345 0 0 0 0 0 0 0
car 0.0 0 0 172 132 184 145 0 0 0 0 0 0 0
