car 0.133333333333 0 0 81 0 102 13 0 0 0 0 0 0 0
car 0.0 0 0 327 61 340 76 0 0 0 0 0 0 0
car 0.0 0 0 264 102 278 114 0 0 0 0 0 0 0
car 0.0 0 0 297 68 309 83 0 0 0 0 0 0 0
car 0.0 0 0 312 64 324 80 0 0 0 0 0 0 0
car 0.0 0 0 189 156 200 170 0 0 0 0 0 0 0
car 0.0 0 0 261 245 277 261 0 0 0 0 0 0 0
car 0.0 0 0 154 195 172 206 0 0 0 0 0 0 0
car 0.0 0 0 152 187 173 198 0 0 0 0 0 0 0
car 0.0 0 0 115 226 131 243 0 0 0 0 0 0 0
car 0.0 0 0 107 226 120 242 0 0 0 0 0 0 0
car 0.0 0 0 109 220 128 229 0 0 0 0 0 0 0
car 0.0 0 0 98 228 111 243 0 0 0 0 0 0 0
car 0.0 0 0 88 230 96 242 0 0 0 0 0 0 0
car 0.0 0 0 78 233 93 250 0 0 0 0 0 0 0
car 0.0 0 0 14 204 25 216 0 0 0 0 0 0 0
car 0.0 0 0 50 209 62 223 0 0 0 0 0 0 0
car 0.0 0 0 60 207 72 219 0 0 0 0 0 0 0
car 0.0 0 0 69 205 80 219 0 0 0 0 0 0 0
car 0.0 0 0 182 254 200 264 0 0 0 0 0 0 0
car 0.0 0 0 75 202 89 218 0 0 0 0 0 0 0
car 0.0 0 0 84 202 95 215 0 0 0 0 0 0 0
car 0.0 0 0 90 200 102 213 0 0 0 0 0 0 0
car 0.0 0 0 99 199 110 210 0 0 0 0 0 0 0
car 0.0 0 0 105 196 119 209 0 0 0 0 0 0 0
car 0.0 0 0 115 193 128 208 0 0 0 0 0 0 0
car 0.0 0 0 120 189 137 206 0 0 0 0 0 0 0
car 0.0 0 0 38 196 50 211 0 0 0 0 0 0 0
car 0.0 0 0 45 194 60 208 0 0 0 0 0 0 0
car 0.0 0 0 53 191 67 207 0 0 0 0 0 0 0
car 0.0 0 0 59 193 75 206 0 0 0 0 0 0 0
car 0.0 0 0 70 191 81 203 0 0 0 0 0 0 0
car 0.0 0 0 79 189 89 204 0 0 0 0 0 0 0
car 0.0 0 0 86 186 99 203 0 0 0 0 0 0 0
car 0.0 0 0 92 185 106 201 0 0 0 0 0 0 0
car 0.0 0 0 98 183 112 199 0 0 0 0 0 0 0
car 0.0 0 0 107 178 122 195 0 0 0 0 0 0 0
car 0.0 0 0 149 175 160 183 0 0 0 0 0 0 0
car 0.0 0 0 144 168 159 178 0 0 0 0 0 0 0
car 0.0 0 0 144 162 160 172 0 0 0 0 0 0 0
car 0.0 0 0 141 155 160 167 0 0 0 0 0 0 0
car 0.0 0 0 140 149 157 160 0 0 0 0 0 0 0
car 0.0 0 0 137 145 152 154 0 0 0 0 0 0 0
car 0.0 0 0 135 136 155 145 0 0 0 0 0 0 0
car 0.0 0 0 131 130 148 142 0 0 0 0 0 0 0
car 0.0 0 0 128 122 146 134 0 0 0 0 0 0 0
car 0.0 0 0 126 117 145 128 0 0 0 0 0 0 0
car 0.0 0 0 123 110 143 122 0 0 0 0 0 0 0
car 0.0 0 0 22 169 31 184 0 0 0 0 0 0 0
car 0.0 0 0 16 156 28 169 0 0 0 0 0 0 0
car 0.0 0 0 25 154 36 167 0 0 0 0 0 0 0
car 0.0 0 0 30 153 41 168 0 0 0 0 0 0 0
car 0.0 0 0 40 150 53 166 0 0 0 0 0 0 0
car 0.0 0 0 45 146 60 163 0 0 0 0 0 0 0
car 0.0 0 0 55 147 66 161 0 0 0 0 0 0 0
car 0.0 0 0 64 145 74 160 0 0 0 0 0 0 0
car 0.0 0 0 69 143 86 159 0 0 0 0 0 0 0
car 0.0 0 0 78 141 91 154 0 0 0 0 0 0 0
car 0.0 0 0 87 138 98 153 0 0 0 0 0 0 0
car 0.0 0 0 95 136 109 150 0 0 0 0 0 0 0
car 0.0 0 0 27 166 40 183 0 0 0 0 0 0 0
car 0.0 0 0 38 164 49 178 0 0 0 0 0 0 0
car 0.0 0 0 44 165 54 177 0 0 0 0 0 0 0
car 0.0 0 0 49 160 65 175 0 0 0 0 0 0 0
car 0.0 0 0 67 158 83 172 0 0 0 0 0 0 0
car 0.0 0 0 76 156 88 170 0 0 0 0 0 0 0
car 0.0 0 0 83 153 95 166 0 0 0 0 0 0 0
car 0.0 0 0 90 153 101 166 0 0 0 0 0 0 0
car 0.0 0 0 96 150 112 166 0 0 0 0 0 0 0
car 0.0 0 0 121 100 137 107 0 0 0 0 0 0 0
car 0.0 0 0 119 92 137 104 0 0 0 0 0 0 0
car 0.0 0 0 115 86 134 96 0 0 0 0 0 0 0
car 0.0 0 0 110 78 130 91 0 0 0 0 0 0 0
car 0.0 0 0 111 69 125 77 0 0 0 0 0 0 0
car 0.0 0 0 109 61 125 71 0 0 0 0 0 0 0
car 0.0 0 0 105 55 124 66 0 0 0 0 0 0 0
car 0.0 0 0 102 42 120 53 0 0 0 0 0 0 0
car 0.0 0 0 83 105 96 122 0 0 0 0 0 0 0
car 0.0 0 0 74 112 82 123 0 0 0 0 0 0 0
car 0.0 0 0 66 113 74 126 0 0 0 0 0 0 0
car 0.0 0 0 57 117 64 128 0 0 0 0 0 0 0
car 0.0 0 0 41 117 52 130 0 0 0 0 0 0 0
car 0.0 0 0 29 122 40 134 0 0 0 0 0 0 0
car 0.0 0 0 20 122 31 135 0 0 0 0 0 0 0
car 0.0 0 0 11 122 24 137 0 0 0 0 0 0 0
car 0.0 0 0 2 127 16 140 0 0 0 0 0 0 0
car 0.363636363636 0 0 0 95 7 111 0 0 0 0 0 0 0
car 0.0 0 0 3 94 17 107 0 0 0 0 0 0 0
car 0.0 0 0 12 93 27 107 0 0 0 0 0 0 0
car 0.0 0 0 23 90 39 107 0 0 0 0 0 0 0
car 0.0 0 0 31 89 46 99 0 0 0 0 0 0 0
car 0.0 0 0 44 84 55 101 0 0 0 0 0 0 0
car 0.692307692308 0 0 0 80 4 97 0 0 0 0 0 0 0
car 0.0 0 0 0 80 12 97 0 0 0 0 0 0 0
car 0.0 0 0 9 79 21 94 0 0 0 0 0 0 0
car 0.0 0 0 17 78 28 92 0 0 0 0 0 0 0
car 0.0 0 0 25 74 37 88 0 0 0 0 0 0 0
car 0.0 0 0 31 71 42 86 0 0 0 0 0 0 0
car 0.0 0 0 41 72 52 85 0 0 0 0 0 0 0
car 0.0 0 0 99 36 115 46 0 0 0 0 0 0 0
car 0.0 0 0 95 29 115 41 0 0 0 0 0 0 0
car 0.0 0 0 50 21 64 35 0 0 0 0 0 0 0
car 0.0 0 0 46 38 55 51 0 0 0 0 0 0 0
car 0.0 0 0 35 41 47 54 0 0 0 0 0 0 0
car 0.0 0 0 26 42 39 56 0 0 0 0 0 0 0
car 0.0 0 0 18 44 30 57 0 0 0 0 0 0 0
car 0.0 0 0 7 49 20 62 0 0 0 0 0 0 0
car 0.272727272727 0 0 0 50 8 70 0 0 0 0 0 0 0
car 0.0 0 0 39 23 50 37 0 0 0 0 0 0 0
car 0.0 0 0 23 28 34 41 0 0 0 0 0 0 0
car 0.0 0 0 16 32 28 44 0 0 0 0 0 0 0
car 0.0 0 0 6 32 20 49 0 0 0 0 0 0 0
car 0.111111111111 0 0 0 36 8 49 0 0 0 0 0 0 0
car 0.857142857143 0 0 0 5 2 19 0 0 0 0 0 0 0
car 0.0 0 0 3 2 14 16 0 0 0 0 0 0 0
car 0.0 0 0 14 0 24 14 0 0 0 0 0 0 0
car 0.230769230769 0 0 28 0 40 10 0 0 0 0 0 0 0
car 0.583333333333 0 0 41 0 54 5 0 0 0 0 0 0 0
car 1.0 0 0 0 0 8 0 0 0 0 0 0 0 0
car 1.0 0 0 7 0 18 0 0 0 0 0 0 0 0
car 0.0 0 0 213 338 225 351 0 0 0 0 0 0 0
car 0.0 0 0 99 340 107 351 0 0 0 0 0 0 0
car 0.0 0 0 104 336 116 349 0 0 0 0 0 0 0
car 0.0 0 0 120 334 131 347 0 0 0 0 0 0 0
car 0.0 0 0 128 333 137 346 0 0 0 0 0 0 0
car 0.0 0 0 135 329 145 344 0 0 0 0 0 0 0
car 0.0 0 0 148 325 161 341 0 0 0 0 0 0 0
car 0.0 0 0 155 324 168 339 0 0 0 0 0 0 0
car 0.0 0 0 166 323 175 336 0 0 0 0 0 0 0
car 0.0 0 0 173 323 180 336 0 0 0 0 0 0 0
car 0.0 0 0 202 325 216 334 0 0 0 0 0 0 0
