car 0.0 0 0 338 204 349 216 0 0 0 0 0 0 0
car 0.0 0 0 287 178 305 188 0 0 0 0 0 0 0
car 0.333333333333 0 0 346 169 352 184 0 0 0 0 0 0 0
car 0.0 0 0 340 156 352 169 0 0 0 0 0 0 0
car 0.727272727273 0 0 349 154 352 167 0 0 0 0 0 0 0
car 0.923076923077 0 0 351 166 352 183 0 0 0 0 0 0 0
car 0.272727272727 0 0 344 122 352 135 0 0 0 0 0 0 0
car 0.0 0 0 335 122 348 137 0 0 0 0 0 0 0
car 0.0 0 0 326 127 340 140 0 0 0 0 0 0 0
car 0.0 0 0 320 95 331 111 0 0 0 0 0 0 0
car 0.0 0 0 327 94 341 107 0 0 0 0 0 0 0
car 0.0 0 0 336 93 351 107 0 0 0 0 0 0 0
car 0.6875 0 0 347 90 352 107 0 0 0 0 0 0 0
car 0.0 0 0 315 80 328 97 0 0 0 0 0 0 0
car 0.0 0 0 324 80 336 97 0 0 0 0 0 0 0
car 0.0 0 0 333 79 345 94 0 0 0 0 0 0 0
car 0.0 0 0 341 78 352 92 0 0 0 0 0 0 0
car 0.75 0 0 349 74 352 88 0 0 0 0 0 0 0
car 0.846153846154 0 0 350 42 352 56 0 0 0 0 0 0 0
car 0.166666666667 0 0 342 44 352 57 0 0 0 0 0 0 0
car 0.0 0 0 331 49 344 62 0 0 0 0 0 0 0
car 0.0 0 0 321 50 332 70 0 0 0 0 0 0 0
car 0.545454545455 0 0 347 28 352 41 0 0 0 0 0 0 0
car 0.0 0 0 340 32 352 44 0 0 0 0 0 0 0
car 0.0 0 0 330 32 344 49 0 0 0 0 0 0 0
car 0.0 0 0 323 36 332 49 0 0 0 0 0 0 0
car 0.0 0 0 308 40 320 56 0 0 0 0 0 0 0
car 0.0 0 0 260 54 288 66 0 0 0 0 0 0 0
car 0.0 0 0 269 68 284 78 0 0 0 0 0 0 0
car 0.0 0 0 271 78 287 86 0 0 0 0 0 0 0
car 0.0 0 0 279 113 297 124 0 0 0 0 0 0 0
car 0.0 0 0 273 106 292 119 0 0 0 0 0 0 0
car 0.0 0 0 274 100 292 108 0 0 0 0 0 0 0
car 0.0 0 0 270 92 291 101 0 0 0 0 0 0 0
car 0.0 0 0 270 84 290 97 0 0 0 0 0 0 0
car 0.0 0 0 312 5 326 19 0 0 0 0 0 0 0
car 0.0 0 0 327 2 338 16 0 0 0 0 0 0 0
car 0.0 0 0 338 0 348 14 0 0 0 0 0 0 0
car 0.666666666667 0 0 306 0 319 5 0 0 0 0 0 0 0
car 1.0 0 0 323 0 332 0 0 0 0 0 0 0 0
car 1.0 0 0 331 0 342 0 0 0 0 0 0 0 0
car 0.0 0 0 10 6 24 20 0 0 0 0 0 0 0
car 0.0 0 0 0 40 11 58 0 0 0 0 0 0 0
car 0.0 0 0 1 55 11 71 0 0 0 0 0 0 0
car 0.0 0 0 45 11 65 23 0 0 0 0 0 0 0
car 0.0 0 0 42 40 56 49 0 0 0 0 0 0 0
car 0.0 0 0 7 42 17 55 0 0 0 0 0 0 0
car 0.0 0 0 2 88 10 100 0 0 0 0 0 0 0
car 0.0 0 0 5 104 14 114 0 0 0 0 0 0 0
car 0.0 0 0 14 102 24 115 0 0 0 0 0 0 0
car 0.0 0 0 7 84 22 102 0 0 0 0 0 0 0
car 0.0 0 0 53 100 62 115 0 0 0 0 0 0 0
car 0.0 0 0 57 99 72 115 0 0 0 0 0 0 0
car 0.0 0 0 70 98 81 112 0 0 0 0 0 0 0
car 0.0 0 0 79 97 89 111 0 0 0 0 0 0 0
car 0.0 0 0 75 134 88 144 0 0 0 0 0 0 0
car 0.0 0 0 74 184 93 194 0 0 0 0 0 0 0
car 0.0 0 0 1 178 10 193 0 0 0 0 0 0 0
car 0.0 0 0 8 176 21 191 0 0 0 0 0 0 0
car 0.0 0 0 21 176 38 188 0 0 0 0 0 0 0
car 0.0 0 0 22 184 37 191 0 0 0 0 0 0 0
car 0.0 0 0 25 190 38 197 0 0 0 0 0 0 0
car 0.0 0 0 25 196 41 206 0 0 0 0 0 0 0
car 0.0 0 0 30 203 42 213 0 0 0 0 0 0 0
car 0.0 0 0 28 208 45 216 0 0 0 0 0 0 0
car 0.0 0 0 30 215 44 224 0 0 0 0 0 0 0
car 0.0 0 0 29 223 44 230 0 0 0 0 0 0 0
car 0.0 0 0 33 228 48 236 0 0 0 0 0 0 0
car 0.0 0 0 33 234 51 243 0 0 0 0 0 0 0
car 0.0 0 0 34 241 51 250 0 0 0 0 0 0 0
car 0.0 0 0 36 248 52 255 0 0 0 0 0 0 0
car 0.0 0 0 40 253 53 261 0 0 0 0 0 0 0
car 0.0 0 0 40 260 54 267 0 0 0 0 0 0 0
car 0.0 0 0 43 264 57 273 0 0 0 0 0 0 0
car 0.0 0 0 44 270 58 279 0 0 0 0 0 0 0
car 0.0 0 0 45 278 60 287 0 0 0 0 0 0 0
car 0.0 0 0 43 284 63 294 0 0 0 0 0 0 0
car 0.0 0 0 50 294 65 302 0 0 0 0 0 0 0
car 0.0 0 0 50 301 66 310 0 0 0 0 0 0 0
car 0.0 0 0 54 308 70 317 0 0 0 0 0 0 0
car 0.0 0 0 54 317 69 328 0 0 0 0 0 0 0
