car 0.0 0 0 62 295 81 307 0 0 0 0 0 0 0
car 0.0 0 0 56 285 69 293 0 0 0 0 0 0 0
car 0.0 0 0 102 304 115 318 0 0 0 0 0 0 0
car 0.0 0 0 86 237 98 248 0 0 0 0 0 0 0
car 0.0 0 0 99 251 113 262 0 0 0 0 0 0 0
car 0.0 0 0 103 261 117 269 0 0 0 0 0 0 0
car 0.0 0 0 108 265 121 274 0 0 0 0 0 0 0
car 0.0 0 0 127 225 143 235 0 0 0 0 0 0 0
car 0.0 0 0 137 235 150 242 0 0 0 0 0 0 0
car 0.0 0 0 147 253 164 260 0 0 0 0 0 0 0
car 0.733333333333 0 0 0 71 4 80 0 0 0 0 0 0 0
car 0.0 0 0 5 64 19 71 0 0 0 0 0 0 0
car 0.0 0 0 43 47 59 55 0 0 0 0 0 0 0
car 0.0 0 0 59 40 75 49 0 0 0 0 0 0 0
car 0.0 0 0 69 71 84 79 0 0 0 0 0 0 0
car 0.0 0 0 99 24 111 31 0 0 0 0 0 0 0
car 0.0 0 0 112 18 126 26 0 0 0 0 0 0 0
car 0.0 0 0 130 36 137 48 0 0 0 0 0 0 0
car 0.0 0 0 149 76 159 87 0 0 0 0 0 0 0
car 0.0 0 0 170 110 180 121 0 0 0 0 0 0 0
car 0.0 0 0 164 136 180 154 0 0 0 0 0 0 0
car 0.0 0 0 180 160 191 172 0 0 0 0 0 0 0
car 0.0 0 0 190 138 201 150 0 0 0 0 0 0 0
car 0.0 0 0 232 222 244 237 0 0 0 0 0 0 0
car 0.25 0 0 343 38 352 51 0 0 0 0 0 0 0
car 0.428571428571 0 0 202 0 229 8 0 0 0 0 0 0 0
car 0.285714285714 0 0 231 0 247 15 0 0 0 0 0 0 0
car 0.0 0 0 165 8 185 21 0 0 0 0 0 0 0
