car 0.25 0 0 0 65 12 77 0 0 0 0 0 0 0
car 0.0 0 0 10 71 27 82 0 0 0 0 0 0 0
car 0.0 0 0 71 110 89 119 0 0 0 0 0 0 0
car 0.0714285714286 0 0 0 61 13 70 0 0 0 0 0 0 0
car 0.0 0 0 37 47 52 62 0 0 0 0 0 0 0
car 0.0 0 0 51 43 66 59 0 0 0 0 0 0 0
car 0.0 0 0 61 43 74 55 0 0 0 0 0 0 0
car 0.0 0 0 69 37 82 52 0 0 0 0 0 0 0
car 0.0 0 0 79 38 91 52 0 0 0 0 0 0 0
car 0.0 0 0 85 33 98 47 0 0 0 0 0 0 0
car 0.0 0 0 94 31 106 44 0 0 0 0 0 0 0
car 0.0 0 0 41 13 52 30 0 0 0 0 0 0 0
car 0.0 0 0 33 2 47 15 0 0 0 0 0 0 0
car 0.0 0 0 53 11 65 22 0 0 0 0 0 0 0
car 0.0 0 0 60 7 72 20 0 0 0 0 0 0 0
car 0.0 0 0 74 2 90 17 0 0 0 0 0 0 0
car 0.0 0 0 108 27 121 41 0 0 0 0 0 0 0
car 0.0 0 0 116 22 129 39 0 0 0 0 0 0 0
car 0.0 0 0 326 9 339 22 0 0 0 0 0 0 0
car 0.0 0 0 328 45 338 58 0 0 0 0 0 0 0
car 0.0 0 0 210 295 225 312 0 0 0 0 0 0 0
car 0.8 0 0 277 349 291 352 0 0 0 0 0 0 0
car 0.333333333333 0 0 282 342 297 352 0 0 0 0 0 0 0
