car 0.0 0 0 89 203 99 217 0 0 0 0 0 0 0
car 0.0 0 0 180 192 190 206 0 0 0 0 0 0 0
car 0.0 0 0 147 196 159 210 0 0 0 0 0 0 0
car 0.0 0 0 108 200 120 215 0 0 0 0 0 0 0
car 0.0 0 0 117 199 129 214 0 0 0 0 0 0 0
car 0.0 0 0 253 145 264 160 0 0 0 0 0 0 0
car 0.0 0 0 279 192 291 207 0 0 0 0 0 0 0
car 0.0 0 0 288 222 304 239 0 0 0 0 0 0 0
car 0.0 0 0 293 239 306 255 0 0 0 0 0 0 0
car 0.0 0 0 303 236 315 253 0 0 0 0 0 0 0
car 0.0 0 0 310 235 321 247 0 0 0 0 0 0 0
car 0.0 0 0 337 226 350 243 0 0 0 0 0 0 0
car 0.0 0 0 319 218 328 232 0 0 0 0 0 0 0
car 0.0 0 0 332 212 341 228 0 0 0 0 0 0 0
car 0.0 0 0 312 329 326 343 0 0 0 0 0 0 0
car 0.0 0 0 327 326 338 340 0 0 0 0 0 0 0
car 0.0 0 0 338 324 348 338 0 0 0 0 0 0 0
car 0.0 0 0 306 314 319 329 0 0 0 0 0 0 0
car 0.0 0 0 323 311 332 324 0 0 0 0 0 0 0
car 0.0 0 0 331 310 342 324 0 0 0 0 0 0 0
car 0.0 0 0 341 309 352 322 0 0 0 0 0 0 0
car 0.0 0 0 294 287 306 302 0 0 0 0 0 0 0
car 0.0 0 0 301 284 315 299 0 0 0 0 0 0 0
car 0.0 0 0 311 282 323 297 0 0 0 0 0 0 0
car 0.0 0 0 318 282 330 294 0 0 0 0 0 0 0
car 0.0 0 0 334 278 344 289 0 0 0 0 0 0 0
car 0.428571428571 0 0 344 277 352 292 0 0 0 0 0 0 0
car 0.0 0 0 286 270 298 284 0 0 0 0 0 0 0
car 0.0 0 0 295 270 307 284 0 0 0 0 0 0 0
car 0.0 0 0 305 268 319 283 0 0 0 0 0 0 0
car 0.0 0 0 312 264 322 281 0 0 0 0 0 0 0
car 0.0 0 0 10 330 24 344 0 0 0 0 0 0 0
car 0.0 0 0 45 335 65 347 0 0 0 0 0 0 0
car 0.0 0 0 19 179 27 190 0 0 0 0 0 0 0
car 0.0 0 0 8 182 15 194 0 0 0 0 0 0 0
car 0.0 0 0 134 131 140 141 0 0 0 0 0 0 0
car 0.0 0 0 178 131 193 137 0 0 0 0 0 0 0
car 0.0 0 0 192 153 200 164 0 0 0 0 0 0 0
