car 0.0 0 0 222 216 235 229 0 0 0 0 0 0 0
car 0.0 0 0 150 336 164 346 0 0 0 0 0 0 0
car 0.0 0 0 211 312 225 321 0 0 0 0 0 0 0
car 0.0 0 0 140 162 156 170 0 0 0 0 0 0 0
car 0.0 0 0 174 145 192 154 0 0 0 0 0 0 0
car 0.0 0 0 186 156 202 167 0 0 0 0 0 0 0
car 0.0 0 0 218 145 233 153 0 0 0 0 0 0 0
car 0.0 0 0 246 116 260 124 0 0 0 0 0 0 0
car 0.0 0 0 268 111 286 120 0 0 0 0 0 0 0
car 0.0 0 0 283 104 300 114 0 0 0 0 0 0 0
car 0.0 0 0 300 96 320 107 0 0 0 0 0 0 0
car 0.0 0 0 333 48 345 60 0 0 0 0 0 0 0
car 0.352941176471 0 0 0 55 11 65 0 0 0 0 0 0 0
car 0.0 0 0 2 46 16 53 0 0 0 0 0 0 0
car 0.0 0 0 34 50 52 60 0 0 0 0 0 0 0
