car 0.0 0 0 162 285 178 300 0 0 0 0 0 0 0
car 0.0 0 0 125 330 142 348 0 0 0 0 0 0 0
car 0.0 0 0 149 266 164 283 0 0 0 0 0 0 0
car 0.0 0 0 216 322 232 332 0 0 0 0 0 0 0
car 0.882352941176 0 0 350 266 352 278 0 0 0 0 0 0 0
car 0.0 0 0 101 152 112 163 0 0 0 0 0 0 0
car 0.0 0 0 77 119 88 133 0 0 0 0 0 0 0
car 0.0 0 0 211 157 227 167 0 0 0 0 0 0 0
car 0.0 0 0 9 59 23 73 0 0 0 0 0 0 0
car 0.0 0 0 196 1 208 13 0 0 0 0 0 0 0
car 0.0 0 0 222 3 234 16 0 0 0 0 0 0 0
car 0.0 0 0 234 18 246 32 0 0 0 0 0 0 0
car 0.0 0 0 236 51 245 63 0 0 0 0 0 0 0
