car 0.0 0 0 4 8 18 19 0 0 0 0 0 0 0
car 0.0 0 0 15 77 29 92 0 0 0 0 0 0 0
car 0.0 0 0 25 90 41 103 0 0 0 0 0 0 0
car 0.0 0 0 37 104 51 117 0 0 0 0 0 0 0
car 0.0 0 0 117 111 136 121 0 0 0 0 0 0 0
car 0.0 0 0 120 95 140 107 0 0 0 0 0 0 0
car 0.0 0 0 155 59 167 71 0 0 0 0 0 0 0
car 0.0 0 0 184 63 205 75 0 0 0 0 0 0 0
car 0.0 0 0 186 51 207 65 0 0 0 0 0 0 0
car 0.0 0 0 189 73 210 86 0 0 0 0 0 0 0
car 0.0 0 0 318 31 333 44 0 0 0 0 0 0 0
car 0.0 0 0 325 24 343 38 0 0 0 0 0 0 0
car 0.0 0 0 332 21 346 36 0 0 0 0 0 0 0
car 0.538461538462 0 0 346 9 352 25 0 0 0 0 0 0 0
car 0.0 0 0 64 337 82 347 0 0 0 0 0 0 0
car 0.0 0 0 72 163 83 177 0 0 0 0 0 0 0
car 0.0 0 0 69 173 81 186 0 0 0 0 0 0 0
car 0.0 0 0 80 193 91 206 0 0 0 0 0 0 0
car 0.0 0 0 96 211 107 225 0 0 0 0 0 0 0
car 0.0 0 0 175 282 187 295 0 0 0 0 0 0 0
car 0.0 0 0 191 308 201 323 0 0 0 0 0 0 0
car 0.0 0 0 19 300 38 313 0 0 0 0 0 0 0
car 0.0 0 0 91 289 101 301 0 0 0 0 0 0 0
car 0.0 0 0 99 285 108 297 0 0 0 0 0 0 0
car 0.0 0 0 177 329 190 343 0 0 0 0 0 0 0
car 0.25 0 0 190 343 200 352 0 0 0 0 0 0 0
car 0.0 0 0 210 332 222 344 0 0 0 0 0 0 0
car 0.0 0 0 34 268 88 302 0 0 0 0 0 0 0
car 0.0 0 0 59 302 71 314 0 0 0 0 0 0 0
car 0.0 0 0 63 287 87 304 0 0 0 0 0 0 0
car 0.0 0 0 3 273 16 281 0 0 0 0 0 0 0
