car 0.0 0 0 78 269 89 284 0 0 0 0 0 0 0
car 0.0 0 0 87 263 102 284 0 0 0 0 0 0 0
car 0.0 0 0 26 266 43 278 0 0 0 0 0 0 0
car 0.0 0 0 60 249 79 261 0 0 0 0 0 0 0
car 0.0 0 0 157 318 176 335 0 0 0 0 0 0 0
car 0.0 0 0 305 258 316 271 0 0 0 0 0 0 0
car 0.0 0 0 319 240 331 253 0 0 0 0 0 0 0
car 0.0 0 0 287 233 301 247 0 0 0 0 0 0 0
car 0.0 0 0 284 191 296 202 0 0 0 0 0 0 0
car 0.866666666667 0 0 350 131 352 139 0 0 0 0 0 0 0
car 0.416666666667 0 0 345 124 352 131 0 0 0 0 0 0 0
car 0.0 0 0 256 141 272 156 0 0 0 0 0 0 0
