car 0.0 0 0 33 282 45 296 0 0 0 0 0 0 0
car 0.416666666667 0 0 0 240 7 253 0 0 0 0 0 0 0
car 0.0 0 0 44 159 61 166 0 0 0 0 0 0 0
car 0.0 0 0 42 151 57 158 0 0 0 0 0 0 0
car 0.0 0 0 29 138 45 145 0 0 0 0 0 0 0
car 0.0 0 0 26 131 41 139 0 0 0 0 0 0 0
car 0.0 0 0 21 124 33 131 0 0 0 0 0 0 0
car 0.0 0 0 206 166 221 174 0 0 0 0 0 0 0
car 0.0 0 0 229 244 239 255 0 0 0 0 0 0 0
car 0.0 0 0 232 153 246 163 0 0 0 0 0 0 0
car 0.0 0 0 201 169 217 182 0 0 0 0 0 0 0
car 0.0 0 0 239 260 250 270 0 0 0 0 0 0 0
car 0.0 0 0 291 312 310 324 0 0 0 0 0 0 0
car 0.0 0 0 195 33 210 43 0 0 0 0 0 0 0
