car 0.0 0 0 106 308 118 321 0 0 0 0 0 0 0
car 0.0 0 0 137 296 150 311 0 0 0 0 0 0 0
car 0.0 0 0 168 286 182 300 0 0 0 0 0 0 0
car 0.0 0 0 189 279 200 292 0 0 0 0 0 0 0
car 0.0 0 0 199 276 209 288 0 0 0 0 0 0 0
car 0.0 0 0 208 272 216 286 0 0 0 0 0 0 0
car 0.0 0 0 218 269 228 281 0 0 0 0 0 0 0
car 0.0 0 0 227 266 235 278 0 0 0 0 0 0 0
car 0.0 0 0 233 263 244 275 0 0 0 0 0 0 0
car 0.0 0 0 243 259 253 272 0 0 0 0 0 0 0
car 0.0 0 0 252 256 262 269 0 0 0 0 0 0 0
car 0.0 0 0 260 255 270 266 0 0 0 0 0 0 0
car 0.0 0 0 270 250 281 263 0 0 0 0 0 0 0
car 0.0 0 0 280 248 291 260 0 0 0 0 0 0 0
car 0.0 0 0 289 246 298 256 0 0 0 0 0 0 0
car 0.0 0 0 297 241 306 252 0 0 0 0 0 0 0
car 0.0 0 0 308 237 321 249 0 0 0 0 0 0 0
car 0.0 0 0 163 249 172 259 0 0 0 0 0 0 0
car 0.0 0 0 170 245 181 257 0 0 0 0 0 0 0
car 0.0 0 0 179 241 189 252 0 0 0 0 0 0 0
car 0.0 0 0 187 239 196 249 0 0 0 0 0 0 0
car 0.0 0 0 196 236 206 248 0 0 0 0 0 0 0
car 0.0 0 0 204 232 214 243 0 0 0 0 0 0 0
car 0.0 0 0 212 229 222 240 0 0 0 0 0 0 0
car 0.0 0 0 222 225 233 237 0 0 0 0 0 0 0
car 0.0 0 0 231 221 241 231 0 0 0 0 0 0 0
car 0.0 0 0 242 216 255 229 0 0 0 0 0 0 0
car 0.0 0 0 260 209 272 221 0 0 0 0 0 0 0
car 0.0 0 0 271 205 280 215 0 0 0 0 0 0 0
car 0.0 0 0 280 199 290 211 0 0 0 0 0 0 0
car 0.0 0 0 288 197 299 208 0 0 0 0 0 0 0
car 0.0 0 0 297 195 307 207 0 0 0 0 0 0 0
car 0.0 0 0 309 191 318 203 0 0 0 0 0 0 0
car 0.0 0 0 322 188 332 199 0 0 0 0 0 0 0
car 0.0 0 0 332 182 343 196 0 0 0 0 0 0 0
car 0.0 0 0 341 180 351 192 0 0 0 0 0 0 0
car 0.0 0 0 333 25 349 35 0 0 0 0 0 0 0
car 0.0 0 0 291 24 304 31 0 0 0 0 0 0 0
car 0.0 0 0 293 29 307 37 0 0 0 0 0 0 0
car 0.0 0 0 297 34 311 43 0 0 0 0 0 0 0
car 0.0 0 0 284 47 297 54 0 0 0 0 0 0 0
car 0.0 0 0 249 61 263 68 0 0 0 0 0 0 0
car 0.0 0 0 247 55 261 62 0 0 0 0 0 0 0
car 0.0 0 0 241 50 256 58 0 0 0 0 0 0 0
car 0.0 0 0 226 60 244 69 0 0 0 0 0 0 0
car 0.0 0 0 231 66 248 76 0 0 0 0 0 0 0
car 0.0 0 0 193 79 206 85 0 0 0 0 0 0 0
car 0.0 0 0 191 71 206 80 0 0 0 0 0 0 0
car 0.0 0 0 182 88 197 97 0 0 0 0 0 0 0
car 0.0 0 0 195 83 209 90 0 0 0 0 0 0 0
car 0.0 0 0 148 102 163 110 0 0 0 0 0 0 0
car 0.0 0 0 95 39 106 50 0 0 0 0 0 0 0
car 0.0 0 0 86 43 100 56 0 0 0 0 0 0 0
car 0.0 0 0 70 52 81 62 0 0 0 0 0 0 0
car 0.0 0 0 57 60 68 72 0 0 0 0 0 0 0
car 0.0 0 0 47 63 59 75 0 0 0 0 0 0 0
car 0.0 0 0 40 65 52 77 0 0 0 0 0 0 0
car 0.0 0 0 34 69 44 80 0 0 0 0 0 0 0
car 0.0 0 0 26 73 37 83 0 0 0 0 0 0 0
car 0.0 0 0 5 103 18 111 0 0 0 0 0 0 0
car 0.0 0 0 18 73 28 85 0 0 0 0 0 0 0
car 0.0 0 0 9 76 23 89 0 0 0 0 0 0 0
car 0.0 0 0 2 80 13 91 0 0 0 0 0 0 0
car 0.384615384615 0 0 0 84 8 95 0 0 0 0 0 0 0
car 1.0 0 0 0 87 0 99 0 0 0 0 0 0 0
car 0.0 0 0 46 141 62 151 0 0 0 0 0 0 0
car 0.0 0 0 28 144 43 152 0 0 0 0 0 0 0
car 0.0 0 0 33 149 47 157 0 0 0 0 0 0 0
car 0.0 0 0 7 337 22 345 0 0 0 0 0 0 0
car 0.0 0 0 5 330 19 338 0 0 0 0 0 0 0
car 0.0 0 0 6 322 19 330 0 0 0 0 0 0 0
car 0.1875 0 0 0 315 13 325 0 0 0 0 0 0 0
car 0.333333333333 0 0 0 309 8 317 0 0 0 0 0 0 0
car 0.769230769231 0 0 0 304 3 313 0 0 0 0 0 0 0
car 1.0 0 0 0 298 0 306 0 0 0 0 0 0 0
