car 0.0 0 0 38 342 52 351 0 0 0 0 0 0 0
car 0.0 0 0 104 298 111 309 0 0 0 0 0 0 0
car 0.0 0 0 42 152 51 166 0 0 0 0 0 0 0
car 0.0 0 0 89 237 102 249 0 0 0 0 0 0 0
car 0.0 0 0 115 289 125 302 0 0 0 0 0 0 0
car 0.0 0 0 126 282 134 295 0 0 0 0 0 0 0
car 0.0 0 0 150 264 166 276 0 0 0 0 0 0 0
car 0.0 0 0 135 273 148 285 0 0 0 0 0 0 0
car 0.0 0 0 166 254 181 264 0 0 0 0 0 0 0
car 0.0 0 0 180 247 193 256 0 0 0 0 0 0 0
car 0.0 0 0 240 223 254 232 0 0 0 0 0 0 0
car 0.0 0 0 206 237 219 246 0 0 0 0 0 0 0
car 0.0 0 0 219 229 236 239 0 0 0 0 0 0 0
car 0.0 0 0 335 129 346 139 0 0 0 0 0 0 0
car 0.0 0 0 324 133 336 143 0 0 0 0 0 0 0
car 0.0 0 0 321 166 335 175 0 0 0 0 0 0 0
car 0.0 0 0 307 174 320 182 0 0 0 0 0 0 0
car 0.214285714286 0 0 341 164 352 176 0 0 0 0 0 0 0
car 0.8 0 0 349 158 352 172 0 0 0 0 0 0 0
car 0.0 0 0 316 139 329 153 0 0 0 0 0 0 0
car 0.0 0 0 307 146 318 157 0 0 0 0 0 0 0
car 0.0 0 0 299 149 311 161 0 0 0 0 0 0 0
car 0.0 0 0 242 166 253 177 0 0 0 0 0 0 0
car 0.0 0 0 316 116 330 127 0 0 0 0 0 0 0
car 0.0 0 0 296 132 308 142 0 0 0 0 0 0 0
car 0.0 0 0 289 137 301 147 0 0 0 0 0 0 0
car 0.0 0 0 282 141 295 151 0 0 0 0 0 0 0
car 0.0 0 0 273 142 288 155 0 0 0 0 0 0 0
car 0.0 0 0 255 152 271 167 0 0 0 0 0 0 0
car 0.0 0 0 265 148 278 159 0 0 0 0 0 0 0
car 0.5 0 0 345 40 352 51 0 0 0 0 0 0 0
car 0.0 0 0 334 68 347 80 0 0 0 0 0 0 0
car 0.0 0 0 301 68 313 79 0 0 0 0 0 0 0
car 0.0 0 0 318 80 328 89 0 0 0 0 0 0 0
car 0.0 0 0 287 77 300 87 0 0 0 0 0 0 0
car 0.0 0 0 299 89 313 100 0 0 0 0 0 0 0
car 0.0 0 0 290 95 303 106 0 0 0 0 0 0 0
car 0.0 0 0 279 82 290 91 0 0 0 0 0 0 0
car 0.0 0 0 273 88 285 97 0 0 0 0 0 0 0
car 0.0 0 0 282 101 296 112 0 0 0 0 0 0 0
car 0.0 0 0 265 91 277 101 0 0 0 0 0 0 0
car 0.0 0 0 275 105 287 116 0 0 0 0 0 0 0
car 0.0 0 0 256 94 271 107 0 0 0 0 0 0 0
car 0.0 0 0 269 110 278 119 0 0 0 0 0 0 0
car 0.0 0 0 251 100 263 110 0 0 0 0 0 0 0
car 0.0 0 0 262 113 273 124 0 0 0 0 0 0 0
car 0.0 0 0 252 118 267 131 0 0 0 0 0 0 0
car 0.0 0 0 243 104 255 116 0 0 0 0 0 0 0
car 0.0 0 0 246 123 259 134 0 0 0 0 0 0 0
car 0.0 0 0 235 108 248 120 0 0 0 0 0 0 0
car 0.0 0 0 228 116 241 125 0 0 0 0 0 0 0
car 0.0 0 0 235 128 247 138 0 0 0 0 0 0 0
car 0.0 0 0 205 125 219 138 0 0 0 0 0 0 0
car 0.0 0 0 217 137 229 147 0 0 0 0 0 0 0
car 0.0 0 0 228 131 243 144 0 0 0 0 0 0 0
car 0.0 0 0 218 120 229 129 0 0 0 0 0 0 0
car 0.0 0 0 324 74 339 87 0 0 0 0 0 0 0
car 0.0 0 0 308 63 322 75 0 0 0 0 0 0 0
car 0.0 0 0 321 54 334 67 0 0 0 0 0 0 0
car 0.833333333333 0 0 280 0 295 1 0 0 0 0 0 0 0
car 0.0 0 0 303 25 318 40 0 0 0 0 0 0 0
car 0.0 0 0 292 13 304 23 0 0 0 0 0 0 0
car 0.0 0 0 277 21 291 34 0 0 0 0 0 0 0
car 0.0 0 0 226 180 239 191 0 0 0 0 0 0 0
car 0.0 0 0 200 151 211 161 0 0 0 0 0 0 0
car 0.0 0 0 189 141 201 151 0 0 0 0 0 0 0
car 0.0 0 0 54 137 66 144 0 0 0 0 0 0 0
car 0.0 0 0 57 120 69 129 0 0 0 0 0 0 0
car 0.0 0 0 49 104 56 113 0 0 0 0 0 0 0
car 0.0 0 0 20 151 31 162 0 0 0 0 0 0 0
car 0.0 0 0 1 160 13 172 0 0 0 0 0 0 0
car 0.0 0 0 167 114 179 125 0 0 0 0 0 0 0
car 0.0 0 0 156 103 169 114 0 0 0 0 0 0 0
car 0.0 0 0 184 101 195 111 0 0 0 0 0 0 0
car 0.0 0 0 285 39 297 49 0 0 0 0 0 0 0
car 0.0 0 0 279 43 290 54 0 0 0 0 0 0 0
car 0.0 0 0 264 51 275 61 0 0 0 0 0 0 0
car 0.0 0 0 257 55 272 68 0 0 0 0 0 0 0
car 0.0 0 0 251 62 262 71 0 0 0 0 0 0 0
car 0.0 0 0 243 64 255 75 0 0 0 0 0 0 0
car 0.0 0 0 235 68 247 80 0 0 0 0 0 0 0
car 0.0 0 0 228 73 241 86 0 0 0 0 0 0 0
car 0.0 0 0 222 78 232 87 0 0 0 0 0 0 0
car 0.0 0 0 194 94 202 102 0 0 0 0 0 0 0
car 0.0 0 0 199 90 210 101 0 0 0 0 0 0 0
car 0.0 0 0 207 89 215 97 0 0 0 0 0 0 0
car 0.0 0 0 212 82 226 94 0 0 0 0 0 0 0
car 0.0 0 0 262 31 276 44 0 0 0 0 0 0 0
car 0.0 0 0 256 37 268 47 0 0 0 0 0 0 0
car 0.0 0 0 250 39 262 51 0 0 0 0 0 0 0
car 0.0 0 0 224 39 241 48 0 0 0 0 0 0 0
car 0.0 0 0 228 12 238 21 0 0 0 0 0 0 0
car 0.0 0 0 218 17 229 28 0 0 0 0 0 0 0
car 0.0 0 0 212 23 224 34 0 0 0 0 0 0 0
car 0.0 0 0 176 26 187 37 0 0 0 0 0 0 0
car 0.0 0 0 196 33 208 44 0 0 0 0 0 0 0
car 0.0 0 0 189 37 201 48 0 0 0 0 0 0 0
car 0.0 0 0 182 42 191 53 0 0 0 0 0 0 0
car 0.0 0 0 175 47 184 57 0 0 0 0 0 0 0
car 0.0 0 0 173 88 186 99 0 0 0 0 0 0 0
car 0.0 0 0 185 79 197 90 0 0 0 0 0 0 0
car 0.0 0 0 193 77 205 86 0 0 0 0 0 0 0
car 0.0 0 0 199 73 211 81 0 0 0 0 0 0 0
car 0.0 0 0 206 66 219 78 0 0 0 0 0 0 0
car 0.0 0 0 213 61 227 73 0 0 0 0 0 0 0
car 0.0 0 0 228 50 242 63 0 0 0 0 0 0 0
car 0.0 0 0 150 60 160 72 0 0 0 0 0 0 0
car 0.0 0 0 138 50 151 59 0 0 0 0 0 0 0
car 0.0 0 0 128 71 143 84 0 0 0 0 0 0 0
car 0.0 0 0 120 62 132 72 0 0 0 0 0 0 0
car 0.0 0 0 112 53 122 61 0 0 0 0 0 0 0
car 0.0 0 0 91 22 107 34 0 0 0 0 0 0 0
car 0.0 0 0 22 75 46 89 0 0 0 0 0 0 0
car 0.0 0 0 276 256 312 280 0 0 0 0 0 0 0
car 0.0 0 0 316 183 352 200 0 0 0 0 0 0 0
car 0.0 0 0 39 179 51 191 0 0 0 0 0 0 0
car 0.0 0 0 9 18 46 55 0 0 0 0 0 0 0
car 0.0 0 0 41 50 82 77 0 0 0 0 0 0 0
car 0.0 0 0 266 297 285 316 0 0 0 0 0 0 0
