car 0.0 0 0 64 312 78 323 0 0 0 0 0 0 0
car 0.0 0 0 42 335 70 352 0 0 0 0 0 0 0
car 0.6 0 0 286 348 301 352 0 0 0 0 0 0 0
car 0.342857142857 0 0 300 329 349 352 0 0 0 0 0 0 0
car 0.923076923077 0 0 350 322 352 338 0 0 0 0 0 0 0
car 0.727272727273 0 0 349 310 352 319 0 0 0 0 0 0 0
car 0.0 0 0 343 39 350 51 0 0 0 0 0 0 0
car 0.0 0 0 337 36 343 47 0 0 0 0 0 0 0
car 0.0 0 0 322 33 330 44 0 0 0 0 0 0 0
car 0.0 0 0 314 31 321 44 0 0 0 0 0 0 0
car 0.0 0 0 303 28 312 42 0 0 0 0 0 0 0
car 0.0 0 0 294 29 301 41 0 0 0 0 0 0 0
car 0.0 0 0 284 30 294 43 0 0 0 0 0 0 0
car 0.0 0 0 276 32 282 44 0 0 0 0 0 0 0
car 0.0 0 0 267 31 275 44 0 0 0 0 0 0 0
car 0.0 0 0 258 31 267 45 0 0 0 0 0 0 0
car 0.0 0 0 251 34 258 45 0 0 0 0 0 0 0
car 0.0 0 0 243 34 250 48 0 0 0 0 0 0 0
car 0.0 0 0 233 36 242 48 0 0 0 0 0 0 0
car 0.0 0 0 226 38 233 49 0 0 0 0 0 0 0
car 0.0 0 0 286 12 300 20 0 0 0 0 0 0 0
car 0.0 0 0 281 5 294 13 0 0 0 0 0 0 0
car 0.125 0 0 276 0 288 7 0 0 0 0 0 0 0
car 0.0 0 0 331 13 346 21 0 0 0 0 0 0 0
car 0.0 0 0 329 6 343 14 0 0 0 0 0 0 0
car 0.25 0 0 330 0 343 6 0 0 0 0 0 0 0
car 0.9 0 0 321 0 337 1 0 0 0 0 0 0 0
car 0.0 0 0 153 40 168 53 0 0 0 0 0 0 0
car 0.0 0 0 258 12 275 20 0 0 0 0 0 0 0
car 0.0 0 0 256 5 270 12 0 0 0 0 0 0 0
car 0.0 0 0 186 23 200 33 0 0 0 0 0 0 0
car 0.0 0 0 194 19 204 27 0 0 0 0 0 0 0
car 1.0 0 0 237 0 248 0 0 0 0 0 0 0 0
car 0.916666666667 0 0 229 0 238 1 0 0 0 0 0 0 0
car 0.545454545455 0 0 220 0 231 5 0 0 0 0 0 0 0
car 0.25 0 0 213 0 225 9 0 0 0 0 0 0 0
car 0.0 0 0 207 0 215 13 0 0 0 0 0 0 0
car 0.0 0 0 8 76 22 87 0 0 0 0 0 0 0
car 0.0 0 0 3 71 14 81 0 0 0 0 0 0 0
car 0.307692307692 0 0 0 66 9 77 0 0 0 0 0 0 0
car 0.909090909091 0 0 0 60 1 70 0 0 0 0 0 0 0
car 0.0 0 0 69 81 79 87 0 0 0 0 0 0 0
car 0.0 0 0 40 38 56 45 0 0 0 0 0 0 0
car 0.0 0 0 36 31 56 38 0 0 0 0 0 0 0
car 0.0 0 0 34 22 50 28 0 0 0 0 0 0 0
car 0.0 0 0 7 29 21 38 0 0 0 0 0 0 0
car 0.5 0 0 0 36 7 46 0 0 0 0 0 0 0
car 0.0714285714286 0 0 0 42 13 50 0 0 0 0 0 0 0
car 0.0 0 0 28 13 46 20 0 0 0 0 0 0 0
car 0.0 0 0 4 23 18 32 0 0 0 0 0 0 0
car 0.733333333333 0 0 0 29 4 38 0 0 0 0 0 0 0
car 0.0 0 0 29 3 44 10 0 0 0 0 0 0 0
car 0.0 0 0 2 16 16 23 0 0 0 0 0 0 0
car 0.2 0 0 0 11 8 18 0 0 0 0 0 0 0
car 0.705882352941 0 0 0 2 5 14 0 0 0 0 0 0 0
car 0.692307692308 0 0 0 218 4 227 0 0 0 0 0 0 0
car 0.5 0 0 17 0 32 3 0 0 0 0 0 0 0
