car 0.0 0 0 6 153 21 163 0 0 0 0 0 0 0
car 0.0 0 0 101 108 115 119 0 0 0 0 0 0 0
car 0.0 0 0 80 122 92 133 0 0 0 0 0 0 0
car 0.0 0 0 38 66 52 75 0 0 0 0 0 0 0
car 0.0 0 0 104 22 111 33 0 0 0 0 0 0 0
car 0.0 0 0 115 13 125 26 0 0 0 0 0 0 0
car 0.0 0 0 126 6 134 19 0 0 0 0 0 0 0
car 1.0 0 0 150 0 166 0 0 0 0 0 0 0 0
car 0.25 0 0 135 0 148 9 0 0 0 0 0 0 0
car 0.0 0 0 118 79 140 106 0 0 0 0 0 0 0
car 0.0 0 0 182 107 205 123 0 0 0 0 0 0 0
car 0.0 0 0 207 89 227 107 0 0 0 0 0 0 0
car 0.833333333333 0 0 276 0 312 4 0 0 0 0 0 0 0
car 0.0 0 0 266 21 285 40 0 0 0 0 0 0 0
