car 0.0 0 0 99 76 153 100 0 0 0 0 0 0 0
car 0.805555555556 0 0 0 245 7 260 0 0 0 0 0 0 0
car 0.631578947368 0 0 0 257 14 273 0 0 0 0 0 0 0
car 0.315789473684 0 0 0 267 26 285 0 0 0 0 0 0 0
car 0.222222222222 0 0 0 280 35 299 0 0 0 0 0 0 0
car 0.0 0 0 87 268 125 284 0 0 0 0 0 0 0
car 0.0 0 0 108 243 129 258 0 0 0 0 0 0 0
car 0.0 0 0 87 226 135 245 0 0 0 0 0 0 0
car 0.0 0 0 90 176 142 197 0 0 0 0 0 0 0
car 0.0 0 0 85 163 131 183 0 0 0 0 0 0 0
car 0.0 0 0 104 195 137 209 0 0 0 0 0 0 0
car 0.0 0 0 43 318 58 329 0 0 0 0 0 0 0
car 0.0 0 0 36 325 52 337 0 0 0 0 0 0 0
car 0.0 0 0 28 335 44 344 0 0 0 0 0 0 0
car 0.0 0 0 20 341 39 351 0 0 0 0 0 0 0
car 0.555555555556 0 0 13 348 27 352 0 0 0 0 0 0 0
car 0.0 0 0 293 339 306 347 0 0 0 0 0 0 0
