car 0.0 0 0 224 63 238 74 0 0 0 0 0 0 0
car 0.0 0 0 77 83 92 94 0 0 0 0 0 0 0
car 0.0 0 0 94 118 107 129 0 0 0 0 0 0 0
car 0.0 0 0 60 97 73 109 0 0 0 0 0 0 0
car 0.0 0 0 46 106 60 117 0 0 0 0 0 0 0
car 0.0 0 0 39 111 53 123 0 0 0 0 0 0 0
car 0.0 0 0 32 117 45 128 0 0 0 0 0 0 0
car 0.0 0 0 49 143 63 155 0 0 0 0 0 0 0
car 0.0 0 0 44 149 56 160 0 0 0 0 0 0 0
car 0.0 0 0 36 155 49 166 0 0 0 0 0 0 0
car 0.0 0 0 11 129 22 139 0 0 0 0 0 0 0
car 0.0 0 0 0 133 12 143 0 0 0 0 0 0 0
car 0.214285714286 0 0 0 166 11 175 0 0 0 0 0 0 0
car 0.0 0 0 17 164 31 176 0 0 0 0 0 0 0
car 0.0 0 0 25 158 40 172 0 0 0 0 0 0 0
car 0.615384615385 0 0 0 139 5 153 0 0 0 0 0 0 0
car 0.571428571429 0 0 0 116 6 127 0 0 0 0 0 0 0
car 0.0 0 0 21 40 35 51 0 0 0 0 0 0 0
car 0.0 0 0 10 68 23 80 0 0 0 0 0 0 0
car 0.6 0 0 0 80 4 89 0 0 0 0 0 0 0
car 0.0 0 0 83 122 96 135 0 0 0 0 0 0 0
car 0.0 0 0 0 74 15 87 0 0 0 0 0 0 0
car 0.230769230769 0 0 0 54 10 67 0 0 0 0 0 0 0
car 0.0 0 0 42 11 70 28 0 0 0 0 0 0 0
car 0.0 0 0 37 52 54 68 0 0 0 0 0 0 0
car 0.0 0 0 202 28 258 41 0 0 0 0 0 0 0
car 0.0 0 0 286 24 301 34 0 0 0 0 0 0 0
car 0.0 0 0 300 5 349 40 0 0 0 0 0 0 0
car 0.932692307692 0 0 350 0 352 14 0 0 0 0 0 0 0
car 0.222222222222 0 0 0 183 28 200 0 0 0 0 0 0 0
car 0.0 0 0 186 84 214 105 0 0 0 0 0 0 0
car 0.0 0 0 172 106 198 129 0 0 0 0 0 0 0
car 0.0 0 0 104 75 119 95 0 0 0 0 0 0 0
car 0.0 0 0 83 31 113 60 0 0 0 0 0 0 0
