car 0.66472303207 0 0 0 329 25 352 0 0 0 0 0 0 0
car 0.0 0 0 26 322 52 338 0 0 0 0 0 0 0
car 0.0 0 0 25 310 36 319 0 0 0 0 0 0 0
car 0.0 0 0 49 289 63 300 0 0 0 0 0 0 0
car 0.0 0 0 97 200 104 213 0 0 0 0 0 0 0
car 0.0 0 0 93 162 101 176 0 0 0 0 0 0 0
car 0.0 0 0 171 182 182 193 0 0 0 0 0 0 0
car 0.0 0 0 186 172 198 187 0 0 0 0 0 0 0
car 0.0 0 0 196 171 209 181 0 0 0 0 0 0 0
car 0.0 0 0 204 166 217 179 0 0 0 0 0 0 0
car 0.0 0 0 151 129 160 142 0 0 0 0 0 0 0
car 0.0 0 0 161 129 171 143 0 0 0 0 0 0 0
car 0.0 0 0 64 239 100 285 0 0 0 0 0 0 0
car 0.0 0 0 28 85 42 94 0 0 0 0 0 0 0
car 0.0 0 0 19 39 26 51 0 0 0 0 0 0 0
car 0.0 0 0 13 36 19 47 0 0 0 0 0 0 0
car 0.25 0 0 0 33 6 44 0 0 0 0 0 0 0
car 0.0 0 0 7 13 22 21 0 0 0 0 0 0 0
car 0.0 0 0 5 6 19 14 0 0 0 0 0 0 0
car 0.25 0 0 6 0 19 6 0 0 0 0 0 0 0
car 0.91875 0 0 0 0 13 1 0 0 0 0 0 0 0
car 0.0 0 0 217 75 256 102 0 0 0 0 0 0 0
