car 0.0 0 0 280 319 295 325 0 0 0 0 0 0 0
car 0.8 0 0 303 349 318 352 0 0 0 0 0 0 0
car 0.0 0 0 292 337 304 347 0 0 0 0 0 0 0
car 0.461538461538 0 0 277 345 291 352 0 0 0 0 0 0 0
car 0.0 0 0 228 336 238 345 0 0 0 0 0 0 0
car 0.0 0 0 218 341 229 352 0 0 0 0 0 0 0
car 0.545454545455 0 0 212 347 224 352 0 0 0 0 0 0 0
car 0.818181818182 0 0 176 350 187 352 0 0 0 0 0 0 0
car 0.5 0 0 91 346 107 352 0 0 0 0 0 0 0
car 0.0 0 0 332 76 346 87 0 0 0 0 0 0 0
car 0.0 0 0 327 71 338 81 0 0 0 0 0 0 0
car 0.0 0 0 320 66 333 77 0 0 0 0 0 0 0
car 0.0 0 0 314 60 325 70 0 0 0 0 0 0 0
car 0.0 0 0 331 29 345 38 0 0 0 0 0 0 0
car 0.0 0 0 317 36 331 46 0 0 0 0 0 0 0
car 0.0 0 0 323 42 337 50 0 0 0 0 0 0 0
car 0.0 0 0 328 23 342 32 0 0 0 0 0 0 0
car 0.0 0 0 313 29 328 38 0 0 0 0 0 0 0
car 0.0 0 0 308 23 321 30 0 0 0 0 0 0 0
car 0.0 0 0 259 25 273 35 0 0 0 0 0 0 0
car 0.0 0 0 326 16 340 23 0 0 0 0 0 0 0
car 0.0 0 0 322 11 332 18 0 0 0 0 0 0 0
car 0.0 0 0 302 15 320 25 0 0 0 0 0 0 0
car 0.0 0 0 312 2 329 14 0 0 0 0 0 0 0
car 0.0 0 0 298 9 312 18 0 0 0 0 0 0 0
car 0.714285714286 0 0 307 0 317 2 0 0 0 0 0 0 0
car 0.0 0 0 291 2 305 11 0 0 0 0 0 0 0
car 0.571428571429 0 0 287 0 302 3 0 0 0 0 0 0 0
car 1.0 0 0 276 0 293 0 0 0 0 0 0 0 0
car 0.0 0 0 234 3 249 11 0 0 0 0 0 0 0
car 0.8 0 0 206 0 221 2 0 0 0 0 0 0 0
car 0.111111111111 0 0 211 0 225 8 0 0 0 0 0 0 0
car 0.444444444444 0 0 229 0 244 5 0 0 0 0 0 0 0
car 0.0 0 0 216 7 229 15 0 0 0 0 0 0 0
car 0.0 0 0 220 15 235 23 0 0 0 0 0 0 0
car 0.0 0 0 238 10 252 18 0 0 0 0 0 0 0
car 0.0 0 0 242 16 256 25 0 0 0 0 0 0 0
car 0.0 0 0 225 22 236 28 0 0 0 0 0 0 0
car 0.0 0 0 229 27 242 37 0 0 0 0 0 0 0
car 0.0 0 0 245 23 259 31 0 0 0 0 0 0 0
car 0.25 0 0 154 0 168 6 0 0 0 0 0 0 0
car 0.0 0 0 160 3 173 10 0 0 0 0 0 0 0
car 0.0 0 0 165 8 180 16 0 0 0 0 0 0 0
car 0.0 0 0 169 13 185 23 0 0 0 0 0 0 0
car 0.0 0 0 175 20 189 29 0 0 0 0 0 0 0
car 0.0 0 0 185 31 199 40 0 0 0 0 0 0 0
car 0.0 0 0 188 38 202 45 0 0 0 0 0 0 0
car 0.0 0 0 192 45 207 54 0 0 0 0 0 0 0
car 0.0 0 0 143 45 158 55 0 0 0 0 0 0 0
car 0.0 0 0 137 38 153 47 0 0 0 0 0 0 0
car 0.0 0 0 131 33 144 41 0 0 0 0 0 0 0
car 0.0 0 0 126 19 137 26 0 0 0 0 0 0 0
car 0.0 0 0 121 13 133 22 0 0 0 0 0 0 0
car 0.0 0 0 117 7 129 15 0 0 0 0 0 0 0
car 0.125 0 0 111 0 124 7 0 0 0 0 0 0 0
car 0.0 0 0 315 218 328 227 0 0 0 0 0 0 0
car 0.0 0 0 261 229 281 246 0 0 0 0 0 0 0
car 0.72972972973 0 0 9 342 46 352 0 0 0 0 0 0 0
car 0.633333333333 0 0 341 0 352 3 0 0 0 0 0 0 0
