car 0.0 0 0 224 111 238 122 0 0 0 0 0 0 0
car 0.0 0 0 77 131 92 142 0 0 0 0 0 0 0
car 0.0 0 0 94 166 107 177 0 0 0 0 0 0 0
car 0.0 0 0 60 145 73 157 0 0 0 0 0 0 0
car 0.0 0 0 46 154 60 165 0 0 0 0 0 0 0
car 0.0 0 0 39 159 53 171 0 0 0 0 0 0 0
car 0.0 0 0 32 165 45 176 0 0 0 0 0 0 0
car 0.0 0 0 49 191 63 203 0 0 0 0 0 0 0
car 0.0 0 0 44 197 56 208 0 0 0 0 0 0 0
car 0.0 0 0 36 203 49 214 0 0 0 0 0 0 0
car 0.0 0 0 11 177 22 187 0 0 0 0 0 0 0
car 0.0 0 0 0 181 12 191 0 0 0 0 0 0 0
car 0.214285714286 0 0 0 214 11 223 0 0 0 0 0 0 0
car 0.0 0 0 17 212 31 224 0 0 0 0 0 0 0
car 0.0 0 0 25 206 40 220 0 0 0 0 0 0 0
car 0.615384615385 0 0 0 187 5 201 0 0 0 0 0 0 0
car 0.571428571429 0 0 0 164 6 175 0 0 0 0 0 0 0
car 0.0 0 0 21 88 35 99 0 0 0 0 0 0 0
car 0.0 0 0 10 116 23 128 0 0 0 0 0 0 0
car 0.6 0 0 0 128 4 137 0 0 0 0 0 0 0
car 0.0 0 0 83 170 96 183 0 0 0 0 0 0 0
car 0.0 0 0 0 122 15 135 0 0 0 0 0 0 0
car 0.230769230769 0 0 0 102 10 115 0 0 0 0 0 0 0
car 0.0 0 0 64 36 78 47 0 0 0 0 0 0 0
car 0.0 0 0 42 59 70 76 0 0 0 0 0 0 0
car 0.0 0 0 37 100 54 116 0 0 0 0 0 0 0
car 0.0 0 0 202 76 258 89 0 0 0 0 0 0 0
car 0.0 0 0 286 72 301 82 0 0 0 0 0 0 0
car 0.0 0 0 300 53 349 88 0 0 0 0 0 0 0
car 0.923076923077 0 0 350 46 352 62 0 0 0 0 0 0 0
car 0.727272727273 0 0 349 34 352 43 0 0 0 0 0 0 0
car 0.222222222222 0 0 0 231 28 248 0 0 0 0 0 0 0
car 0.0 0 0 186 132 214 153 0 0 0 0 0 0 0
car 0.0 0 0 172 154 198 177 0 0 0 0 0 0 0
car 0.0 0 0 104 123 119 143 0 0 0 0 0 0 0
car 0.0 0 0 83 79 113 108 0 0 0 0 0 0 0
