car 0.818181818182 0 0 350 73 352 83 0 0 0 0 0 0 0
car 0.0 0 0 329 103 342 111 0 0 0 0 0 0 0
car 0.0 0 0 342 73 352 85 0 0 0 0 0 0 0
car 0.0 0 0 333 76 347 89 0 0 0 0 0 0 0
car 0.0 0 0 326 80 337 91 0 0 0 0 0 0 0
car 0.0 0 0 319 84 332 95 0 0 0 0 0 0 0
car 0.0 0 0 305 91 315 102 0 0 0 0 0 0 0
car 0.0 0 0 313 87 324 99 0 0 0 0 0 0 0
car 0.0 0 0 289 105 304 114 0 0 0 0 0 0 0
car 0.0 0 0 294 111 309 119 0 0 0 0 0 0 0
car 0.0 0 0 262 96 271 107 0 0 0 0 0 0 0
car 0.0 0 0 286 336 300 344 0 0 0 0 0 0 0
car 0.0 0 0 281 329 294 337 0 0 0 0 0 0 0
car 0.0 0 0 276 323 288 331 0 0 0 0 0 0 0
car 0.0 0 0 331 337 346 345 0 0 0 0 0 0 0
car 0.0 0 0 329 330 343 338 0 0 0 0 0 0 0
car 0.0 0 0 330 322 343 330 0 0 0 0 0 0 0
car 0.0 0 0 321 315 337 325 0 0 0 0 0 0 0
car 0.0 0 0 320 309 332 317 0 0 0 0 0 0 0
car 0.0 0 0 314 304 327 313 0 0 0 0 0 0 0
car 0.0 0 0 308 298 324 306 0 0 0 0 0 0 0
car 0.0 0 0 258 336 275 344 0 0 0 0 0 0 0
car 0.0 0 0 256 329 270 336 0 0 0 0 0 0 0
car 0.5 0 0 186 347 200 352 0 0 0 0 0 0 0
car 0.0 0 0 194 343 204 351 0 0 0 0 0 0 0
car 0.0 0 0 294 285 305 295 0 0 0 0 0 0 0
car 0.0 0 0 288 287 298 298 0 0 0 0 0 0 0
car 0.0 0 0 280 291 290 303 0 0 0 0 0 0 0
car 0.0 0 0 273 295 282 305 0 0 0 0 0 0 0
car 0.0 0 0 265 299 277 312 0 0 0 0 0 0 0
car 0.0 0 0 254 304 265 314 0 0 0 0 0 0 0
car 0.0 0 0 247 308 255 318 0 0 0 0 0 0 0
car 0.0 0 0 237 311 248 324 0 0 0 0 0 0 0
car 0.0 0 0 229 313 238 325 0 0 0 0 0 0 0
car 0.0 0 0 220 318 231 329 0 0 0 0 0 0 0
car 0.0 0 0 213 321 225 333 0 0 0 0 0 0 0
car 0.0 0 0 207 324 215 337 0 0 0 0 0 0 0
car 0.0 0 0 263 268 277 278 0 0 0 0 0 0 0
car 0.0 0 0 251 275 263 283 0 0 0 0 0 0 0
car 0.0 0 0 262 263 275 272 0 0 0 0 0 0 0
car 0.0 0 0 249 268 262 276 0 0 0 0 0 0 0
car 0.0 0 0 260 257 271 265 0 0 0 0 0 0 0
car 0.0 0 0 256 252 269 259 0 0 0 0 0 0 0
car 0.0 0 0 237 254 251 262 0 0 0 0 0 0 0
car 0.0 0 0 252 246 266 255 0 0 0 0 0 0 0
car 0.0 0 0 248 242 262 248 0 0 0 0 0 0 0
car 0.0 0 0 234 247 250 256 0 0 0 0 0 0 0
car 0.0 0 0 229 240 244 250 0 0 0 0 0 0 0
car 0.0 0 0 245 236 259 243 0 0 0 0 0 0 0
car 0.0 0 0 239 227 254 236 0 0 0 0 0 0 0
car 0.0 0 0 224 234 237 241 0 0 0 0 0 0 0
car 0.0 0 0 221 227 234 235 0 0 0 0 0 0 0
car 0.0 0 0 234 218 249 229 0 0 0 0 0 0 0
car 0.0 0 0 230 211 244 220 0 0 0 0 0 0 0
car 0.0 0 0 215 218 230 228 0 0 0 0 0 0 0
car 0.0 0 0 226 207 238 215 0 0 0 0 0 0 0
car 0.0 0 0 223 200 237 208 0 0 0 0 0 0 0
car 0.0 0 0 209 208 222 215 0 0 0 0 0 0 0
car 0.0 0 0 205 202 220 210 0 0 0 0 0 0 0
car 0.0 0 0 220 196 232 203 0 0 0 0 0 0 0
car 0.0 0 0 215 189 229 199 0 0 0 0 0 0 0
car 0.0 0 0 202 196 216 205 0 0 0 0 0 0 0
car 0.0 0 0 197 191 211 199 0 0 0 0 0 0 0
car 0.0 0 0 209 178 222 187 0 0 0 0 0 0 0
car 0.0 0 0 188 172 204 182 0 0 0 0 0 0 0
car 0.0 0 0 202 167 215 175 0 0 0 0 0 0 0
car 0.0 0 0 155 158 171 177 0 0 0 0 0 0 0
car 0.0 0 0 230 152 241 167 0 0 0 0 0 0 0
car 0.0 0 0 187 143 202 153 0 0 0 0 0 0 0
car 0.0 0 0 193 148 207 158 0 0 0 0 0 0 0
car 0.0 0 0 177 126 193 135 0 0 0 0 0 0 0
car 0.0 0 0 164 133 176 140 0 0 0 0 0 0 0
car 0.0 0 0 160 127 172 135 0 0 0 0 0 0 0
car 0.0 0 0 170 117 184 125 0 0 0 0 0 0 0
car 0.0 0 0 143 98 159 108 0 0 0 0 0 0 0
car 0.0 0 0 146 105 161 113 0 0 0 0 0 0 0
car 0.0 0 0 148 111 163 121 0 0 0 0 0 0 0
car 0.0 0 0 153 116 168 126 0 0 0 0 0 0 0
car 0.0 0 0 158 92 173 101 0 0 0 0 0 0 0
car 0.0 0 0 162 97 177 107 0 0 0 0 0 0 0
car 0.0 0 0 164 105 177 115 0 0 0 0 0 0 0
car 0.0 0 0 167 110 181 119 0 0 0 0 0 0 0
car 0.0 0 0 187 81 195 89 0 0 0 0 0 0 0
car 0.0 0 0 196 81 206 93 0 0 0 0 0 0 0
car 0.0 0 0 144 68 158 78 0 0 0 0 0 0 0
car 0.0 0 0 129 76 145 84 0 0 0 0 0 0 0
car 0.0 0 0 126 69 142 77 0 0 0 0 0 0 0
car 0.0 0 0 140 64 155 72 0 0 0 0 0 0 0
car 0.0 0 0 137 56 152 66 0 0 0 0 0 0 0
car 0.0 0 0 124 64 137 71 0 0 0 0 0 0 0
car 0.0 0 0 112 53 129 62 0 0 0 0 0 0 0
car 0.0 0 0 116 59 132 67 0 0 0 0 0 0 0
car 0.0 0 0 105 44 112 54 0 0 0 0 0 0 0
car 0.0 0 0 85 46 94 56 0 0 0 0 0 0 0
car 0.0 0 0 76 33 86 45 0 0 0 0 0 0 0
car 0.0 0 0 93 28 105 41 0 0 0 0 0 0 0
car 0.0 0 0 84 15 94 25 0 0 0 0 0 0 0
car 0.0 0 0 34 346 50 352 0 0 0 0 0 0 0
car 0.0 0 0 28 337 46 344 0 0 0 0 0 0 0
car 0.444444444444 0 0 4 347 18 352 0 0 0 0 0 0 0
car 0.0 0 0 29 327 44 334 0 0 0 0 0 0 0
car 0.0 0 0 2 340 16 347 0 0 0 0 0 0 0
car 0.2 0 0 0 335 8 342 0 0 0 0 0 0 0
car 0.705882352941 0 0 0 326 5 338 0 0 0 0 0 0 0
car 0.0 0 0 17 304 29 311 0 0 0 0 0 0 0
car 0.0 0 0 15 296 28 303 0 0 0 0 0 0 0
car 0.0 0 0 8 281 21 291 0 0 0 0 0 0 0
car 0.0 0 0 3 277 15 284 0 0 0 0 0 0 0
car 0.0909090909091 0 0 0 271 10 280 0 0 0 0 0 0 0
car 0.545454545455 0 0 0 264 5 272 0 0 0 0 0 0 0
car 0.769230769231 0 0 0 255 3 265 0 0 0 0 0 0 0
car 0.0 0 0 82 255 109 286 0 0 0 0 0 0 0
car 0.0 0 0 258 169 271 174 0 0 0 0 0 0 0
car 0.0 0 0 259 175 274 182 0 0 0 0 0 0 0
car 0.0 0 0 278 167 287 177 0 0 0 0 0 0 0
car 0.0 0 0 267 181 281 187 0 0 0 0 0 0 0
car 0.0 0 0 271 187 282 193 0 0 0 0 0 0 0
car 0.0 0 0 115 2 141 30 0 0 0 0 0 0 0
car 0.0 0 0 9 288 22 297 0 0 0 0 0 0 0
car 0.0 0 0 17 321 32 327 0 0 0 0 0 0 0
