car 0.444444444444 0 0 328 347 342 352 0 0 0 0 0 0 0
car 0.285714285714 0 0 308 347 321 352 0 0 0 0 0 0 0
car 0.7 0 0 259 349 273 352 0 0 0 0 0 0 0
car 0.0 0 0 326 340 340 347 0 0 0 0 0 0 0
car 0.0 0 0 322 335 332 342 0 0 0 0 0 0 0
car 0.0 0 0 302 339 320 349 0 0 0 0 0 0 0
car 0.0 0 0 312 326 329 338 0 0 0 0 0 0 0
car 0.0 0 0 298 333 312 342 0 0 0 0 0 0 0
car 0.0 0 0 307 319 317 326 0 0 0 0 0 0 0
car 0.0 0 0 291 326 305 335 0 0 0 0 0 0 0
car 0.0 0 0 299 311 316 321 0 0 0 0 0 0 0
car 0.0 0 0 287 320 302 327 0 0 0 0 0 0 0
car 0.0 0 0 293 308 307 317 0 0 0 0 0 0 0
car 0.0 0 0 276 314 293 324 0 0 0 0 0 0 0
car 0.0 0 0 288 304 301 309 0 0 0 0 0 0 0
car 0.0 0 0 288 294 301 303 0 0 0 0 0 0 0
car 0.0 0 0 270 304 284 314 0 0 0 0 0 0 0
car 0.0 0 0 271 297 284 305 0 0 0 0 0 0 0
car 0.0 0 0 283 288 297 297 0 0 0 0 0 0 0
car 0.0 0 0 268 289 281 300 0 0 0 0 0 0 0
car 0.0 0 0 282 281 294 290 0 0 0 0 0 0 0
car 0.0 0 0 262 285 275 293 0 0 0 0 0 0 0
car 0.0 0 0 257 279 271 286 0 0 0 0 0 0 0
car 0.0 0 0 275 273 292 286 0 0 0 0 0 0 0
car 0.0 0 0 251 269 271 281 0 0 0 0 0 0 0
car 0.0 0 0 268 268 289 279 0 0 0 0 0 0 0
car 0.0 0 0 249 264 264 273 0 0 0 0 0 0 0
car 0.0 0 0 265 257 281 268 0 0 0 0 0 0 0
car 0.0 0 0 260 250 276 261 0 0 0 0 0 0 0
car 0.0 0 0 245 257 260 268 0 0 0 0 0 0 0
car 0.0 0 0 242 251 257 259 0 0 0 0 0 0 0
car 0.0 0 0 256 243 271 253 0 0 0 0 0 0 0
car 0.0 0 0 240 244 253 252 0 0 0 0 0 0 0
car 0.0 0 0 249 236 269 247 0 0 0 0 0 0 0
car 0.0 0 0 232 237 248 246 0 0 0 0 0 0 0
car 0.0 0 0 247 230 259 239 0 0 0 0 0 0 0
car 0.0 0 0 244 223 258 232 0 0 0 0 0 0 0
car 0.0 0 0 228 230 245 238 0 0 0 0 0 0 0
car 0.0 0 0 239 217 254 226 0 0 0 0 0 0 0
car 0.0 0 0 224 223 241 233 0 0 0 0 0 0 0
car 0.0 0 0 235 209 249 218 0 0 0 0 0 0 0
car 0.0 0 0 223 217 234 223 0 0 0 0 0 0 0
car 0.0 0 0 230 203 246 213 0 0 0 0 0 0 0
car 0.0 0 0 216 209 232 218 0 0 0 0 0 0 0
car 0.0 0 0 225 196 242 206 0 0 0 0 0 0 0
car 0.0 0 0 211 204 226 213 0 0 0 0 0 0 0
car 0.0 0 0 206 197 221 206 0 0 0 0 0 0 0
car 0.0 0 0 220 189 237 198 0 0 0 0 0 0 0
car 0.0 0 0 218 182 233 190 0 0 0 0 0 0 0
car 0.0 0 0 205 188 218 197 0 0 0 0 0 0 0
car 0.0 0 0 202 182 217 191 0 0 0 0 0 0 0
car 0.0 0 0 215 176 229 184 0 0 0 0 0 0 0
car 0.0 0 0 211 168 226 179 0 0 0 0 0 0 0
car 0.0 0 0 196 177 210 186 0 0 0 0 0 0 0
car 0.0 0 0 206 162 221 171 0 0 0 0 0 0 0
car 0.0 0 0 192 168 206 179 0 0 0 0 0 0 0
car 0.0 0 0 190 162 204 170 0 0 0 0 0 0 0
car 0.0 0 0 202 154 217 164 0 0 0 0 0 0 0
car 0.0 0 0 199 148 211 157 0 0 0 0 0 0 0
car 0.0 0 0 188 154 202 165 0 0 0 0 0 0 0
car 0.0 0 0 177 144 190 155 0 0 0 0 0 0 0
car 0.0 0 0 172 137 188 147 0 0 0 0 0 0 0
car 0.0 0 0 140 123 150 134 0 0 0 0 0 0 0
car 0.0 0 0 127 106 139 114 0 0 0 0 0 0 0
car 0.0 0 0 148 92 162 103 0 0 0 0 0 0 0
car 0.0 0 0 176 96 189 110 0 0 0 0 0 0 0
car 0.0 0 0 169 104 177 114 0 0 0 0 0 0 0
car 0.0 0 0 161 108 172 120 0 0 0 0 0 0 0
car 0.0 0 0 154 114 168 125 0 0 0 0 0 0 0
car 0.0 0 0 148 119 160 130 0 0 0 0 0 0 0
car 0.0 0 0 186 150 194 155 0 0 0 0 0 0 0
car 0.0 0 0 195 144 206 151 0 0 0 0 0 0 0
car 0.0 0 0 190 138 204 145 0 0 0 0 0 0 0
car 0.0 0 0 186 130 200 139 0 0 0 0 0 0 0
car 0.0 0 0 182 125 196 132 0 0 0 0 0 0 0
car 0.0 0 0 170 132 184 142 0 0 0 0 0 0 0
car 0.0 0 0 167 71 177 83 0 0 0 0 0 0 0
car 0.0 0 0 172 66 184 78 0 0 0 0 0 0 0
car 0.0 0 0 182 60 190 73 0 0 0 0 0 0 0
car 0.0 0 0 203 74 214 84 0 0 0 0 0 0 0
car 0.0 0 0 211 69 222 80 0 0 0 0 0 0 0
car 0.0833333333333 0 0 341 304 352 311 0 0 0 0 0 0 0
car 0.0 0 0 339 296 352 303 0 0 0 0 0 0 0
car 0.0 0 0 332 281 345 291 0 0 0 0 0 0 0
car 0.0 0 0 327 277 339 284 0 0 0 0 0 0 0
car 0.0 0 0 323 271 334 280 0 0 0 0 0 0 0
car 0.0 0 0 318 264 329 272 0 0 0 0 0 0 0
car 0.0 0 0 314 255 327 265 0 0 0 0 0 0 0
car 0.0 0 0 306 250 323 260 0 0 0 0 0 0 0
car 0.0 0 0 305 243 318 251 0 0 0 0 0 0 0
car 0.0 0 0 301 238 315 245 0 0 0 0 0 0 0
car 0.0 0 0 294 230 312 240 0 0 0 0 0 0 0
car 0.0 0 0 291 221 305 229 0 0 0 0 0 0 0
car 0.0 0 0 286 216 302 223 0 0 0 0 0 0 0
car 0.0 0 0 277 198 292 208 0 0 0 0 0 0 0
car 0.0 0 0 272 192 284 201 0 0 0 0 0 0 0
car 0.0 0 0 269 186 281 193 0 0 0 0 0 0 0
car 0.0 0 0 262 179 277 188 0 0 0 0 0 0 0
car 0.0 0 0 260 172 272 179 0 0 0 0 0 0 0
car 0.0 0 0 255 164 269 174 0 0 0 0 0 0 0
car 0.0 0 0 250 158 264 165 0 0 0 0 0 0 0
car 0.0 0 0 249 151 260 158 0 0 0 0 0 0 0
car 0.0 0 0 241 145 257 154 0 0 0 0 0 0 0
car 0.0 0 0 237 138 253 145 0 0 0 0 0 0 0
car 0.0 0 0 234 132 248 140 0 0 0 0 0 0 0
car 0.0 0 0 228 124 244 133 0 0 0 0 0 0 0
car 0.0 0 0 223 117 241 126 0 0 0 0 0 0 0
car 0.0 0 0 220 109 233 119 0 0 0 0 0 0 0
car 0.0 0 0 137 147 150 158 0 0 0 0 0 0 0
car 0.0 0 0 119 158 133 169 0 0 0 0 0 0 0
car 0.0 0 0 108 167 118 180 0 0 0 0 0 0 0
car 0.0 0 0 101 172 111 184 0 0 0 0 0 0 0
car 0.0 0 0 96 178 105 188 0 0 0 0 0 0 0
car 0.0 0 0 88 183 99 194 0 0 0 0 0 0 0
car 0.0 0 0 83 191 93 201 0 0 0 0 0 0 0
car 0.0 0 0 139 177 156 186 0 0 0 0 0 0 0
car 0.0 0 0 143 184 160 193 0 0 0 0 0 0 0
car 0.0 0 0 128 191 144 200 0 0 0 0 0 0 0
car 0.0 0 0 149 190 164 197 0 0 0 0 0 0 0
car 0.0 0 0 136 195 149 204 0 0 0 0 0 0 0
car 0.0 0 0 153 197 169 205 0 0 0 0 0 0 0
car 0.0 0 0 137 203 152 212 0 0 0 0 0 0 0
car 0.0 0 0 157 203 172 212 0 0 0 0 0 0 0
car 0.0 0 0 141 211 157 219 0 0 0 0 0 0 0
car 0.0 0 0 162 210 175 217 0 0 0 0 0 0 0
car 0.0 0 0 145 218 159 225 0 0 0 0 0 0 0
car 0.0 0 0 165 221 179 228 0 0 0 0 0 0 0
car 0.0 0 0 149 227 163 233 0 0 0 0 0 0 0
car 0.0 0 0 169 225 184 235 0 0 0 0 0 0 0
car 0.0 0 0 153 231 168 242 0 0 0 0 0 0 0
car 0.0 0 0 174 233 188 240 0 0 0 0 0 0 0
car 0.0 0 0 160 240 173 247 0 0 0 0 0 0 0
car 0.0 0 0 164 245 177 252 0 0 0 0 0 0 0
car 0.0 0 0 167 252 184 260 0 0 0 0 0 0 0
car 0.0 0 0 182 245 200 255 0 0 0 0 0 0 0
car 0.0 0 0 186 251 201 260 0 0 0 0 0 0 0
car 0.0 0 0 172 260 188 269 0 0 0 0 0 0 0
car 0.0 0 0 189 256 208 267 0 0 0 0 0 0 0
car 0.0 0 0 175 267 192 275 0 0 0 0 0 0 0
car 0.0 0 0 194 263 207 274 0 0 0 0 0 0 0
car 0.0 0 0 179 274 196 283 0 0 0 0 0 0 0
car 0.0 0 0 197 270 210 280 0 0 0 0 0 0 0
car 0.0 0 0 201 277 214 285 0 0 0 0 0 0 0
car 0.0 0 0 183 283 194 288 0 0 0 0 0 0 0
car 0.0 0 0 187 288 202 298 0 0 0 0 0 0 0
car 0.0 0 0 203 284 220 293 0 0 0 0 0 0 0
car 0.0 0 0 208 291 224 299 0 0 0 0 0 0 0
car 0.0 0 0 192 295 207 304 0 0 0 0 0 0 0
car 0.0 0 0 193 300 212 312 0 0 0 0 0 0 0
car 0.0 0 0 215 298 228 303 0 0 0 0 0 0 0
car 0.0 0 0 201 310 219 319 0 0 0 0 0 0 0
car 0.0 0 0 217 303 229 310 0 0 0 0 0 0 0
car 0.0 0 0 221 309 235 317 0 0 0 0 0 0 0
car 0.0 0 0 234 327 249 335 0 0 0 0 0 0 0
car 0.0 0 0 224 313 240 323 0 0 0 0 0 0 0
car 0.0 0 0 206 316 221 326 0 0 0 0 0 0 0
car 0.0 0 0 211 323 225 332 0 0 0 0 0 0 0
car 0.0 0 0 229 320 244 329 0 0 0 0 0 0 0
car 0.0 0 0 216 331 229 339 0 0 0 0 0 0 0
car 0.0 0 0 220 339 235 347 0 0 0 0 0 0 0
car 0.0 0 0 238 334 252 342 0 0 0 0 0 0 0
car 0.0 0 0 242 340 256 349 0 0 0 0 0 0 0
car 0.0 0 0 225 346 236 352 0 0 0 0 0 0 0
car 0.9 0 0 229 351 242 352 0 0 0 0 0 0 0
car 0.375 0 0 245 347 259 352 0 0 0 0 0 0 0
car 0.0 0 0 88 207 99 219 0 0 0 0 0 0 0
car 0.0 0 0 80 211 89 221 0 0 0 0 0 0 0
car 0.0 0 0 69 214 79 225 0 0 0 0 0 0 0
car 0.0 0 0 62 217 72 227 0 0 0 0 0 0 0
car 0.0 0 0 55 220 65 231 0 0 0 0 0 0 0
car 0.0 0 0 45 223 58 233 0 0 0 0 0 0 0
car 0.0 0 0 40 228 51 237 0 0 0 0 0 0 0
car 0.0 0 0 30 232 40 241 0 0 0 0 0 0 0
car 0.0 0 0 20 234 32 245 0 0 0 0 0 0 0
car 0.0 0 0 28 282 40 291 0 0 0 0 0 0 0
car 0.0 0 0 34 275 46 284 0 0 0 0 0 0 0
car 0.0 0 0 99 227 114 237 0 0 0 0 0 0 0
car 0.0 0 0 103 235 117 243 0 0 0 0 0 0 0
car 0.0 0 0 111 241 124 249 0 0 0 0 0 0 0
car 0.0 0 0 114 248 127 257 0 0 0 0 0 0 0
car 0.0 0 0 97 247 110 254 0 0 0 0 0 0 0
car 0.0 0 0 2 243 16 255 0 0 0 0 0 0 0
car 0.0 0 0 55 245 71 253 0 0 0 0 0 0 0
car 0.0 0 0 36 258 50 267 0 0 0 0 0 0 0
car 0.0 0 0 117 255 132 263 0 0 0 0 0 0 0
car 0.0 0 0 121 261 136 269 0 0 0 0 0 0 0
car 0.0 0 0 126 269 136 275 0 0 0 0 0 0 0
car 0.0 0 0 128 274 142 282 0 0 0 0 0 0 0
car 0.0 0 0 133 279 145 287 0 0 0 0 0 0 0
car 0.0 0 0 134 288 149 296 0 0 0 0 0 0 0
car 0.0 0 0 137 294 152 301 0 0 0 0 0 0 0
car 0.0 0 0 140 300 156 308 0 0 0 0 0 0 0
car 0.0 0 0 145 307 161 316 0 0 0 0 0 0 0
car 0.0 0 0 149 314 164 323 0 0 0 0 0 0 0
car 0.0 0 0 154 322 168 330 0 0 0 0 0 0 0
car 0.0 0 0 160 327 173 334 0 0 0 0 0 0 0
car 0.0 0 0 165 332 180 340 0 0 0 0 0 0 0
car 0.0 0 0 169 337 185 347 0 0 0 0 0 0 0
car 0.111111111111 0 0 175 344 189 352 0 0 0 0 0 0 0
car 0.0 0 0 126 343 137 350 0 0 0 0 0 0 0
car 0.0 0 0 121 337 133 346 0 0 0 0 0 0 0
car 0.0 0 0 117 331 129 339 0 0 0 0 0 0 0
car 0.0 0 0 111 323 124 331 0 0 0 0 0 0 0
car 0.0 0 0 106 315 121 323 0 0 0 0 0 0 0
car 0.0 0 0 101 309 117 317 0 0 0 0 0 0 0
car 0.0 0 0 99 302 112 310 0 0 0 0 0 0 0
car 0.0 0 0 71 261 86 269 0 0 0 0 0 0 0
car 0.0 0 0 79 266 96 276 0 0 0 0 0 0 0
car 0.0 0 0 151 10 165 17 0 0 0 0 0 0 0
car 0.0 0 0 156 17 172 25 0 0 0 0 0 0 0
car 0.0 0 0 164 30 180 38 0 0 0 0 0 0 0
car 0.0 0 0 169 38 185 44 0 0 0 0 0 0 0
car 0.0 0 0 171 46 185 52 0 0 0 0 0 0 0
car 0.0 0 0 104 4 118 13 0 0 0 0 0 0 0
car 0.0 0 0 84 3 101 12 0 0 0 0 0 0 0
car 0.0 0 0 109 10 122 18 0 0 0 0 0 0 0
car 0.0 0 0 91 9 103 16 0 0 0 0 0 0 0
car 0.0 0 0 94 15 107 24 0 0 0 0 0 0 0
car 0.0 0 0 112 17 126 26 0 0 0 0 0 0 0
car 0.0 0 0 97 22 111 31 0 0 0 0 0 0 0
car 0.0 0 0 116 23 131 32 0 0 0 0 0 0 0
car 0.0 0 0 99 30 113 39 0 0 0 0 0 0 0
car 0.0 0 0 121 31 133 37 0 0 0 0 0 0 0
car 0.0 0 0 106 36 121 44 0 0 0 0 0 0 0
car 0.0 0 0 125 37 138 45 0 0 0 0 0 0 0
car 0.0 0 0 110 42 124 50 0 0 0 0 0 0 0
car 0.0 0 0 66 9 77 20 0 0 0 0 0 0 0
car 0.0 0 0 128 43 141 52 0 0 0 0 0 0 0
car 0.0 0 0 112 48 127 56 0 0 0 0 0 0 0
car 0.0 0 0 119 53 132 63 0 0 0 0 0 0 0
car 0.0 0 0 132 49 144 57 0 0 0 0 0 0 0
car 0.0 0 0 41 9 55 18 0 0 0 0 0 0 0
car 0.0 0 0 45 16 59 25 0 0 0 0 0 0 0
car 0.0 0 0 48 22 61 31 0 0 0 0 0 0 0
car 0.0 0 0 52 29 66 38 0 0 0 0 0 0 0
car 0.0 0 0 56 36 68 44 0 0 0 0 0 0 0
car 0.0 0 0 66 42 79 50 0 0 0 0 0 0 0
car 0.0 0 0 74 48 85 56 0 0 0 0 0 0 0
car 0.0 0 0 78 53 92 63 0 0 0 0 0 0 0
car 0.0 0 0 86 59 98 68 0 0 0 0 0 0 0
car 0.0 0 0 86 65 101 75 0 0 0 0 0 0 0
car 0.0 0 0 91 74 104 82 0 0 0 0 0 0 0
car 0.0 0 0 119 60 132 69 0 0 0 0 0 0 0
car 0.0 0 0 299 99 309 112 0 0 0 0 0 0 0
car 0.0 0 0 88 278 102 288 0 0 0 0 0 0 0
car 0.0 0 0 88 288 102 298 0 0 0 0 0 0 0
car 0.0 0 0 93 293 106 303 0 0 0 0 0 0 0
car 0.0 0 0 284 209 298 216 0 0 0 0 0 0 0
car 0.0 0 0 333 288 346 297 0 0 0 0 0 0 0
car 0.266666666667 0 0 341 321 352 327 0 0 0 0 0 0 0
car 0.0 0 0 11 241 25 252 0 0 0 0 0 0 0
