car 0.0 0 0 26 20 48 29 0 0 0 0 0 0 0
car 0.0 0 0 30 29 48 36 0 0 0 0 0 0 0
car 0.0 0 0 33 36 53 47 0 0 0 0 0 0 0
car 0.0 0 0 72 10 81 26 0 0 0 0 0 0 0
car 0.0 0 0 75 31 89 51 0 0 0 0 0 0 0
car 0.0 0 0 109 84 120 98 0 0 0 0 0 0 0
car 0.0 0 0 106 66 118 82 0 0 0 0 0 0 0
car 0.0 0 0 96 19 110 33 0 0 0 0 0 0 0
car 0.0 0 0 84 21 96 36 0 0 0 0 0 0 0
car 0.0 0 0 81 1 91 19 0 0 0 0 0 0 0
car 0.0 0 0 91 4 108 19 0 0 0 0 0 0 0
car 0.0 0 0 41 227 54 239 0 0 0 0 0 0 0
car 0.0 0 0 61 226 72 241 0 0 0 0 0 0 0
car 0.928571428571 0 0 0 41 1 50 0 0 0 0 0 0 0
car 0.615384615385 0 0 0 48 5 56 0 0 0 0 0 0 0
