car 0.0 0 0 306 220 323 230 0 0 0 0 0 0 0
car 0.909090909091 0 0 351 234 352 243 0 0 0 0 0 0 0
car 0.0 0 0 209 84 216 95 0 0 0 0 0 0 0
car 0.0 0 0 192 77 203 88 0 0 0 0 0 0 0
car 0.0 0 0 255 62 264 70 0 0 0 0 0 0 0
car 0.0 0 0 174 40 184 52 0 0 0 0 0 0 0
car 0.0 0 0 187 61 196 72 0 0 0 0 0 0 0
car 0.0 0 0 211 67 220 79 0 0 0 0 0 0 0
car 0.0 0 0 157 7 166 20 0 0 0 0 0 0 0
car 0.0 0 0 171 299 184 308 0 0 0 0 0 0 0
car 0.0 0 0 94 7 108 20 0 0 0 0 0 0 0
car 0.0 0 0 275 324 290 338 0 0 0 0 0 0 0
car 0.0 0 0 244 292 262 309 0 0 0 0 0 0 0
car 0.0 0 0 36 292 51 308 0 0 0 0 0 0 0
car 0.25 0 0 142 346 159 352 0 0 0 0 0 0 0
