car 0.0 0 0 30 193 44 202 0 0 0 0 0 0 0
car 0.0 0 0 69 239 79 250 0 0 0 0 0 0 0
car 0.0 0 0 54 263 65 274 0 0 0 0 0 0 0
car 0.0 0 0 40 258 49 268 0 0 0 0 0 0 0
car 0.0 0 0 92 266 104 277 0 0 0 0 0 0 0
car 0.0 0 0 98 168 114 179 0 0 0 0 0 0 0
car 0.0 0 0 96 162 111 171 0 0 0 0 0 0 0
car 0.0 0 0 74 284 90 295 0 0 0 0 0 0 0
car 0.0 0 0 122 296 132 304 0 0 0 0 0 0 0
car 0.0 0 0 206 109 220 116 0 0 0 0 0 0 0
car 0.0 0 0 211 88 225 98 0 0 0 0 0 0 0
car 0.0 0 0 235 94 248 101 0 0 0 0 0 0 0
car 0.0 0 0 160 137 172 145 0 0 0 0 0 0 0
car 0.0 0 0 27 234 38 243 0 0 0 0 0 0 0
car 0.0 0 0 68 184 84 197 0 0 0 0 0 0 0
car 0.0 0 0 135 306 150 320 0 0 0 0 0 0 0
car 0.0 0 0 113 317 129 330 0 0 0 0 0 0 0
