car 0.0 0 0 314 298 326 309 0 0 0 0 0 0 0
car 0.0 0 0 301 299 313 310 0 0 0 0 0 0 0
car 0.0 0 0 192 252 219 280 0 0 0 0 0 0 0
car 0.0 0 0 227 259 239 270 0 0 0 0 0 0 0
car 0.0 0 0 247 230 261 243 0 0 0 0 0 0 0
car 0.0 0 0 254 260 267 272 0 0 0 0 0 0 0
car 0.0 0 0 266 251 278 262 0 0 0 0 0 0 0
car 0.0 0 0 284 287 297 297 0 0 0 0 0 0 0
car 0.0 0 0 291 276 306 289 0 0 0 0 0 0 0
car 0.0 0 0 207 207 222 217 0 0 0 0 0 0 0
car 0.0 0 0 205 186 218 198 0 0 0 0 0 0 0
car 0.0 0 0 195 192 208 203 0 0 0 0 0 0 0
car 0.0 0 0 175 159 187 170 0 0 0 0 0 0 0
car 0.0 0 0 178 86 194 103 0 0 0 0 0 0 0
car 0.0 0 0 141 118 153 130 0 0 0 0 0 0 0
car 0.0 0 0 159 155 173 171 0 0 0 0 0 0 0
car 0.0 0 0 206 101 218 114 0 0 0 0 0 0 0
car 0.0 0 0 102 76 115 89 0 0 0 0 0 0 0
car 0.0 0 0 72 82 85 94 0 0 0 0 0 0 0
car 0.0 0 0 62 93 76 109 0 0 0 0 0 0 0
car 0.0 0 0 72 47 86 60 0 0 0 0 0 0 0
car 0.0 0 0 30 5 44 16 0 0 0 0 0 0 0
car 0.0 0 0 14 1 27 13 0 0 0 0 0 0 0
car 0.0 0 0 142 31 157 46 0 0 0 0 0 0 0
car 0.0 0 0 129 17 142 31 0 0 0 0 0 0 0
car 0.333333333333 0 0 109 0 120 8 0 0 0 0 0 0 0
car 0.0 0 0 312 224 323 235 0 0 0 0 0 0 0
car 0.0 0 0 332 222 345 238 0 0 0 0 0 0 0
car 0.0 0 0 109 238 120 249 0 0 0 0 0 0 0
car 0.0 0 0 106 15 127 32 0 0 0 0 0 0 0
