car 0.0 0 0 94 318 108 330 0 0 0 0 0 0 0
car 0.0 0 0 12 321 33 340 0 0 0 0 0 0 0
car 0.333333333333 0 0 130 342 148 352 0 0 0 0 0 0 0
car 0.0 0 0 296 339 309 350 0 0 0 0 0 0 0
car 0.0 0 0 100 194 120 206 0 0 0 0 0 0 0
car 0.0 0 0 84 204 99 214 0 0 0 0 0 0 0
car 0.0 0 0 149 196 164 211 0 0 0 0 0 0 0
car 0.0 0 0 240 277 255 289 0 0 0 0 0 0 0
car 1.0 0 0 0 202 0 215 0 0 0 0 0 0 0
car 0.0 0 0 232 57 243 68 0 0 0 0 0 0 0
car 0.0 0 0 251 76 264 89 0 0 0 0 0 0 0
car 0.0 0 0 239 292 252 303 0 0 0 0 0 0 0
car 0.0 0 0 253 303 263 312 0 0 0 0 0 0 0
