car 0.0 0 0 338 325 351 337 0 0 0 0 0 0 0
car 0.0 0 0 321 295 334 305 0 0 0 0 0 0 0
car 0.0 0 0 242 227 254 237 0 0 0 0 0 0 0
car 0.0 0 0 295 171 309 184 0 0 0 0 0 0 0
car 0.0 0 0 310 182 318 194 0 0 0 0 0 0 0
car 0.0 0 0 252 137 268 151 0 0 0 0 0 0 0
car 0.0 0 0 268 174 283 187 0 0 0 0 0 0 0
car 0.5 0 0 94 0 108 6 0 0 0 0 0 0 0
car 0.157894736842 0 0 12 0 33 16 0 0 0 0 0 0 0
car 0.0 0 0 130 18 148 33 0 0 0 0 0 0 0
car 0.0 0 0 153 33 167 49 0 0 0 0 0 0 0
car 0.0 0 0 171 53 184 67 0 0 0 0 0 0 0
car 0.0 0 0 185 67 198 81 0 0 0 0 0 0 0
car 0.0 0 0 296 15 309 26 0 0 0 0 0 0 0
car 0.0 0 0 211 79 222 91 0 0 0 0 0 0 0
car 0.0 0 0 237 99 248 114 0 0 0 0 0 0 0
