car 0.0 0 0 30 329 44 340 0 0 0 0 0 0 0
car 0.0 0 0 14 325 27 337 0 0 0 0 0 0 0
car 0.230769230769 0 0 0 295 10 305 0 0 0 0 0 0 0
car 0.214285714286 0 0 129 341 142 352 0 0 0 0 0 0 0
car 0.0 0 0 109 320 120 332 0 0 0 0 0 0 0
car 0.0 0 0 195 201 210 212 0 0 0 0 0 0 0
car 0.0 0 0 147 154 159 166 0 0 0 0 0 0 0
car 0.0 0 0 93 99 109 111 0 0 0 0 0 0 0
car 0.235294117647 0 0 106 339 127 352 0 0 0 0 0 0 0
car 0.0 0 0 227 227 244 243 0 0 0 0 0 0 0
car 0.0 0 0 244 247 261 258 0 0 0 0 0 0 0
car 0.0 0 0 268 265 282 276 0 0 0 0 0 0 0
car 0.0 0 0 29 223 41 235 0 0 0 0 0 0 0
car 0.0 0 0 37 46 51 55 0 0 0 0 0 0 0
