car 0.0 0 0 108 0 117 15 0 0 0 0 0 0 0
car 0.0 0 0 137 98 155 107 0 0 0 0 0 0 0
car 0.0 0 0 183 322 196 333 0 0 0 0 0 0 0
car 0.0 0 0 132 155 150 170 0 0 0 0 0 0 0
car 0.0 0 0 96 311 115 318 0 0 0 0 0 0 0
car 0.0 0 0 63 284 98 307 0 0 0 0 0 0 0
car 0.0 0 0 99 116 117 138 0 0 0 0 0 0 0
car 0.0 0 0 258 279 274 293 0 0 0 0 0 0 0
car 0.0 0 0 134 251 153 262 0 0 0 0 0 0 0
car 0.0 0 0 136 278 152 295 0 0 0 0 0 0 0
car 0.0 0 0 144 292 161 303 0 0 0 0 0 0 0
car 0.0 0 0 141 12 157 22 0 0 0 0 0 0 0
car 0.0 0 0 233 291 254 306 0 0 0 0 0 0 0
car 0.0 0 0 149 278 164 296 0 0 0 0 0 0 0
car 0.0 0 0 102 136 117 150 0 0 0 0 0 0 0
car 0.0 0 0 136 244 150 254 0 0 0 0 0 0 0
car 0.0 0 0 136 144 153 153 0 0 0 0 0 0 0
car 0.0 0 0 335 6 344 26 0 0 0 0 0 0 0
car 0.0 0 0 314 243 338 263 0 0 0 0 0 0 0
car 0.0 0 0 26 305 41 315 0 0 0 0 0 0 0
car 0.0 0 0 122 234 139 256 0 0 0 0 0 0 0
car 0.0 0 0 165 283 174 292 0 0 0 0 0 0 0
car 0.888888888889 0 0 142 0 158 1 0 0 0 0 0 0 0
car 0.2 0 0 141 0 161 12 0 0 0 0 0 0 0
car 0.0 0 0 98 67 114 78 0 0 0 0 0 0 0
car 0.0 0 0 126 174 139 192 0 0 0 0 0 0 0
car 0.0 0 0 132 276 142 296 0 0 0 0 0 0 0
car 0.0 0 0 86 214 112 231 0 0 0 0 0 0 0
car 0.0 0 0 99 251 113 274 0 0 0 0 0 0 0
car 0.0 0 0 97 79 112 91 0 0 0 0 0 0 0
car 0.0 0 0 140 17 159 32 0 0 0 0 0 0 0
car 0.0 0 0 9 299 20 318 0 0 0 0 0 0 0
car 0.0 0 0 18 267 29 283 0 0 0 0 0 0 0
car 0.0 0 0 124 192 137 210 0 0 0 0 0 0 0
car 0.0 0 0 138 29 161 45 0 0 0 0 0 0 0
car 0.0 0 0 106 272 123 287 0 0 0 0 0 0 0
car 0.0 0 0 115 304 124 321 0 0 0 0 0 0 0
car 0.0 0 0 103 147 115 163 0 0 0 0 0 0 0
car 0.0 0 0 96 90 114 99 0 0 0 0 0 0 0
