car 0.0 0 0 23 8 41 15 0 0 0 0 0 0 0
car 0.0 0 0 62 10 77 18 0 0 0 0 0 0 0
car 0.0 0 0 199 26 214 35 0 0 0 0 0 0 0
car 0.0 0 0 120 220 151 232 0 0 0 0 0 0 0
car 0.0 0 0 85 217 107 227 0 0 0 0 0 0 0
car 0.0 0 0 200 221 227 232 0 0 0 0 0 0 0
car 0.0 0 0 148 270 162 289 0 0 0 0 0 0 0
car 0.0 0 0 105 216 126 229 0 0 0 0 0 0 0
car 0.809523809524 0 0 142 348 160 352 0 0 0 0 0 0 0
car 0.0 0 0 143 328 161 342 0 0 0 0 0 0 0
car 0.0 0 0 45 2 59 16 0 0 0 0 0 0 0
car 0.0 0 0 54 207 71 226 0 0 0 0 0 0 0
car 0.0 0 0 178 13 199 27 0 0 0 0 0 0 0
car 0.0 0 0 151 124 170 151 0 0 0 0 0 0 0
