car 0.315789473684 0 0 41 313 65 352 0 0 0 0 0 0 0
car 0.0 0 0 110 265 143 282 0 0 0 0 0 0 0
car 0.0 0 0 141 246 172 259 0 0 0 0 0 0 0
car 0.0 0 0 14 121 34 131 0 0 0 0 0 0 0
car 0.0 0 0 43 95 56 114 0 0 0 0 0 0 0
car 0.0 0 0 23 156 41 180 0 0 0 0 0 0 0
car 0.0 0 0 276 49 298 61 0 0 0 0 0 0 0
car 0.0 0 0 248 49 267 58 0 0 0 0 0 0 0
car 0.0 0 0 293 67 321 85 0 0 0 0 0 0 0
car 0.0 0 0 160 45 184 55 0 0 0 0 0 0 0
car 0.0 0 0 40 37 88 56 0 0 0 0 0 0 0
car 0.0 0 0 48 150 57 157 0 0 0 0 0 0 0
car 0.666666666667 0 0 326 347 334 352 0 0 0 0 0 0 0
car 0.0 0 0 91 264 109 277 0 0 0 0 0 0 0
car 0.0 0 0 293 46 317 62 0 0 0 0 0 0 0
car 0.08 0 0 0 238 23 251 0 0 0 0 0 0 0
car 0.0 0 0 30 338 40 350 0 0 0 0 0 0 0
car 0.0 0 0 290 253 306 265 0 0 0 0 0 0 0
car 0.0 0 0 293 54 307 68 0 0 0 0 0 0 0
car 0.0 0 0 104 267 121 278 0 0 0 0 0 0 0
car 0.0 0 0 318 64 344 83 0 0 0 0 0 0 0
car 0.0 0 0 333 173 347 197 0 0 0 0 0 0 0
car 0.0 0 0 43 175 62 194 0 0 0 0 0 0 0
car 0.0 0 0 24 179 37 196 0 0 0 0 0 0 0
car 0.0 0 0 219 250 240 264 0 0 0 0 0 0 0
car 0.0 0 0 48 281 62 297 0 0 0 0 0 0 0
car 0.7 0 0 27 346 40 352 0 0 0 0 0 0 0
car 0.0 0 0 332 153 347 175 0 0 0 0 0 0 0
car 0.0 0 0 63 240 81 255 0 0 0 0 0 0 0
car 0.0 0 0 174 247 197 263 0 0 0 0 0 0 0
car 0.0 0 0 107 244 124 259 0 0 0 0 0 0 0
car 0.0 0 0 19 208 38 219 0 0 0 0 0 0 0
car 0.0 0 0 46 142 56 152 0 0 0 0 0 0 0
car 0.0 0 0 15 217 36 226 0 0 0 0 0 0 0
car 0.0 0 0 12 200 40 210 0 0 0 0 0 0 0
car 0.0 0 0 25 273 44 294 0 0 0 0 0 0 0
car 0.0 0 0 20 194 37 207 0 0 0 0 0 0 0
