car 0.0 0 0 67 47 78 72 0 0 0 0 0 0 0
car 0.0 0 0 44 27 58 45 0 0 0 0 0 0 0
car 0.0 0 0 119 286 136 294 0 0 0 0 0 0 0
car 0.0 0 0 3 71 43 83 0 0 0 0 0 0 0
car 0.0 0 0 46 115 55 130 0 0 0 0 0 0 0
car 0.0 0 0 286 79 304 87 0 0 0 0 0 0 0
car 0.0 0 0 330 189 339 203 0 0 0 0 0 0 0
car 0.0 0 0 217 288 235 295 0 0 0 0 0 0 0
car 0.0 0 0 246 92 266 109 0 0 0 0 0 0 0
car 0.0 0 0 269 99 287 108 0 0 0 0 0 0 0
car 0.0 0 0 174 308 199 322 0 0 0 0 0 0 0
car 0.0 0 0 41 246 51 260 0 0 0 0 0 0 0
car 0.105263157895 0 0 0 299 17 312 0 0 0 0 0 0 0
car 0.0 0 0 234 95 246 112 0 0 0 0 0 0 0
car 0.0 0 0 213 98 230 106 0 0 0 0 0 0 0
car 0.0 0 0 239 73 258 89 0 0 0 0 0 0 0
car 0.0 0 0 147 93 167 107 0 0 0 0 0 0 0
car 0.0 0 0 259 287 282 300 0 0 0 0 0 0 0
car 0.0 0 0 75 301 98 320 0 0 0 0 0 0 0
car 0.0 0 0 175 92 194 111 0 0 0 0 0 0 0
car 0.0 0 0 306 79 325 92 0 0 0 0 0 0 0
car 0.0 0 0 176 284 198 299 0 0 0 0 0 0 0
car 0.0 0 0 62 238 81 259 0 0 0 0 0 0 0
car 0.0 0 0 205 73 229 93 0 0 0 0 0 0 0
car 0.0 0 0 250 333 267 352 0 0 0 0 0 0 0
car 0.0 0 0 247 282 261 303 0 0 0 0 0 0 0
car 0.0 0 0 129 73 149 87 0 0 0 0 0 0 0
car 0.0 0 0 297 289 315 303 0 0 0 0 0 0 0
car 0.0 0 0 196 97 214 106 0 0 0 0 0 0 0
car 0.0 0 0 44 72 84 88 0 0 0 0 0 0 0
car 0.0 0 0 281 290 298 301 0 0 0 0 0 0 0
