car 0.0 0 0 47 186 62 195 0 0 0 0 0 0 0
car 0.0 0 0 96 330 111 337 0 0 0 0 0 0 0
car 0.0 0 0 27 109 54 125 0 0 0 0 0 0 0
car 0.0 0 0 178 194 186 212 0 0 0 0 0 0 0
car 0.0 0 0 189 156 210 170 0 0 0 0 0 0 0
car 0.0 0 0 334 139 348 154 0 0 0 0 0 0 0
car 0.0 0 0 186 199 196 213 0 0 0 0 0 0 0
car 0.0 0 0 162 124 177 140 0 0 0 0 0 0 0
car 0.0 0 0 24 176 47 197 0 0 0 0 0 0 0
car 0.0 0 0 98 326 113 330 0 0 0 0 0 0 0
car 0.0 0 0 97 296 115 307 0 0 0 0 0 0 0
car 0.0 0 0 269 137 314 155 0 0 0 0 0 0 0
car 0.0 0 0 160 194 180 212 0 0 0 0 0 0 0
car 0.8125 0 0 0 85 3 102 0 0 0 0 0 0 0
car 0.0 0 0 250 133 266 149 0 0 0 0 0 0 0
car 0.0 0 0 336 196 350 210 0 0 0 0 0 0 0
car 0.0 0 0 129 121 152 138 0 0 0 0 0 0 0
car 0.0 0 0 95 303 116 318 0 0 0 0 0 0 0
car 0.0 0 0 48 125 71 142 0 0 0 0 0 0 0
car 0.0 0 0 117 278 124 291 0 0 0 0 0 0 0
car 0.0 0 0 98 315 112 324 0 0 0 0 0 0 0
car 0.0 0 0 77 185 99 205 0 0 0 0 0 0 0
