car 0.0 0 0 285 241 314 251 0 0 0 0 0 0 0
car 0.0 0 0 218 237 240 247 0 0 0 0 0 0 0
car 0.0 0 0 276 257 306 271 0 0 0 0 0 0 0
car 0.0 0 0 241 259 259 269 0 0 0 0 0 0 0
car 0.0 0 0 217 256 238 268 0 0 0 0 0 0 0
car 0.0 0 0 90 253 116 263 0 0 0 0 0 0 0
car 0.0 0 0 121 251 143 264 0 0 0 0 0 0 0
car 0.0 0 0 142 232 171 245 0 0 0 0 0 0 0
car 0.3 0 0 338 121 352 131 0 0 0 0 0 0 0
car 0.722222222222 0 0 347 156 352 180 0 0 0 0 0 0 0
car 0.0 0 0 81 199 90 216 0 0 0 0 0 0 0
car 0.0 0 0 48 24 74 34 0 0 0 0 0 0 0
car 0.0 0 0 53 204 71 224 0 0 0 0 0 0 0
car 0.0 0 0 91 229 112 243 0 0 0 0 0 0 0
car 0.0 0 0 322 238 347 251 0 0 0 0 0 0 0
car 0.0 0 0 58 16 78 27 0 0 0 0 0 0 0
car 0.0 0 0 111 230 130 244 0 0 0 0 0 0 0
car 0.692307692308 0 0 348 179 352 196 0 0 0 0 0 0 0
car 0.976923076923 0 0 351 346 352 352 0 0 0 0 0 0 0
car 0.526315789474 0 0 343 208 352 219 0 0 0 0 0 0 0
car 0.0 0 0 84 20 97 33 0 0 0 0 0 0 0
car 0.380952380952 0 0 339 217 352 226 0 0 0 0 0 0 0
car 0.428571428571 0 0 336 200 352 210 0 0 0 0 0 0 0
car 0.0 0 0 172 28 189 39 0 0 0 0 0 0 0
car 0.842105263158 0 0 349 273 352 294 0 0 0 0 0 0 0
car 0.529411764706 0 0 344 194 352 207 0 0 0 0 0 0 0
car 0.0 0 0 271 236 292 252 0 0 0 0 0 0 0
car 0.0 0 0 58 191 66 203 0 0 0 0 0 0 0
