car 1.0 0 0 86 0 108 0 0 0 0 0 0 0 0
car 0.0 0 0 262 31 277 44 0 0 0 0 0 0 0
car 0.0 0 0 276 63 294 75 0 0 0 0 0 0 0
car 0.0625 0 0 298 337 309 352 0 0 0 0 0 0 0
car 0.0 0 0 329 303 347 323 0 0 0 0 0 0 0
car 0.0 0 0 315 264 328 286 0 0 0 0 0 0 0
car 0.6875 0 0 347 209 352 227 0 0 0 0 0 0 0
car 0.0 0 0 245 22 267 42 0 0 0 0 0 0 0
car 0.0 0 0 276 38 296 57 0 0 0 0 0 0 0
car 0.0 0 0 307 70 327 87 0 0 0 0 0 0 0
car 0.0 0 0 327 91 347 106 0 0 0 0 0 0 0
car 0.0 0 0 293 48 318 70 0 0 0 0 0 0 0
car 0.0 0 0 316 57 334 72 0 0 0 0 0 0 0
