car 0.0 0 0 83 70 104 85 0 0 0 0 0 0 0
car 0.0 0 0 72 326 87 335 0 0 0 0 0 0 0
car 0.0 0 0 303 120 312 136 0 0 0 0 0 0 0
car 0.0 0 0 298 13 309 29 0 0 0 0 0 0 0
car 0.0 0 0 289 44 300 59 0 0 0 0 0 0 0
car 0.0 0 0 173 83 192 93 0 0 0 0 0 0 0
car 0.0 0 0 63 300 73 314 0 0 0 0 0 0 0
car 0.0 0 0 70 246 78 267 0 0 0 0 0 0 0
car 0.0 0 0 56 324 69 333 0 0 0 0 0 0 0
car 0.0 0 0 134 273 147 288 0 0 0 0 0 0 0
car 0.0 0 0 65 245 78 267 0 0 0 0 0 0 0
car 0.0 0 0 57 297 73 312 0 0 0 0 0 0 0
car 0.0 0 0 145 331 163 339 0 0 0 0 0 0 0
car 0.0 0 0 185 333 201 342 0 0 0 0 0 0 0
car 0.0 0 0 125 327 142 339 0 0 0 0 0 0 0
car 0.0 0 0 88 249 98 268 0 0 0 0 0 0 0
car 0.0 0 0 47 293 59 312 0 0 0 0 0 0 0
car 0.47619047619 0 0 341 184 352 201 0 0 0 0 0 0 0
car 0.0 0 0 78 297 86 314 0 0 0 0 0 0 0
car 0.0 0 0 81 249 90 267 0 0 0 0 0 0 0
car 0.0 0 0 84 299 98 315 0 0 0 0 0 0 0
car 0.0 0 0 104 300 116 315 0 0 0 0 0 0 0
car 0.0 0 0 8 286 19 299 0 0 0 0 0 0 0
car 0.0 0 0 56 299 65 316 0 0 0 0 0 0 0
car 0.0 0 0 165 331 181 339 0 0 0 0 0 0 0
car 0.0 0 0 61 298 71 318 0 0 0 0 0 0 0
car 0.0 0 0 35 114 50 130 0 0 0 0 0 0 0
car 0.0 0 0 48 298 58 315 0 0 0 0 0 0 0
car 0.0 0 0 324 286 337 305 0 0 0 0 0 0 0
car 0.0 0 0 89 249 96 266 0 0 0 0 0 0 0
car 0.0 0 0 296 205 303 218 0 0 0 0 0 0 0
car 0.0 0 0 56 300 65 317 0 0 0 0 0 0 0
car 0.0 0 0 37 247 48 265 0 0 0 0 0 0 0
car 0.0 0 0 7 285 21 299 0 0 0 0 0 0 0
car 0.0 0 0 291 204 309 223 0 0 0 0 0 0 0
car 0.0 0 0 166 332 180 339 0 0 0 0 0 0 0
car 0.0 0 0 91 249 103 269 0 0 0 0 0 0 0
car 0.0 0 0 37 249 47 266 0 0 0 0 0 0 0
car 0.0 0 0 87 327 102 336 0 0 0 0 0 0 0
car 0.0 0 0 31 246 51 270 0 0 0 0 0 0 0
car 0.0 0 0 22 91 39 112 0 0 0 0 0 0 0
car 0.0 0 0 256 118 276 143 0 0 0 0 0 0 0
car 0.0 0 0 71 297 86 314 0 0 0 0 0 0 0
car 0.0 0 0 62 216 75 228 0 0 0 0 0 0 0
car 0.0 0 0 86 298 93 314 0 0 0 0 0 0 0
car 0.0 0 0 281 205 300 235 0 0 0 0 0 0 0
car 0.0 0 0 243 235 256 262 0 0 0 0 0 0 0
car 0.0 0 0 28 195 37 210 0 0 0 0 0 0 0
car 0.0 0 0 164 332 180 339 0 0 0 0 0 0 0
car 0.0 0 0 63 300 71 318 0 0 0 0 0 0 0
car 0.0 0 0 28 195 35 212 0 0 0 0 0 0 0
car 0.0 0 0 69 295 78 315 0 0 0 0 0 0 0
car 0.0 0 0 235 285 241 302 0 0 0 0 0 0 0
car 0.0 0 0 105 328 122 335 0 0 0 0 0 0 0
car 0.0 0 0 133 271 148 289 0 0 0 0 0 0 0
car 0.0 0 0 70 301 79 317 0 0 0 0 0 0 0
car 0.0 0 0 185 333 203 344 0 0 0 0 0 0 0
car 0.0 0 0 20 189 40 211 0 0 0 0 0 0 0
car 0.0 0 0 122 254 132 272 0 0 0 0 0 0 0
car 0.0 0 0 46 298 57 312 0 0 0 0 0 0 0
