car 0.0 0 0 133 242 144 265 0 0 0 0 0 0 0
car 0.863636363636 0 0 349 84 352 94 0 0 0 0 0 0 0
car 0.0 0 0 28 76 45 93 0 0 0 0 0 0 0
car 0.0 0 0 33 272 52 283 0 0 0 0 0 0 0
car 0.0 0 0 98 269 126 281 0 0 0 0 0 0 0
car 0.0 0 0 295 62 309 70 0 0 0 0 0 0 0
car 0.0 0 0 201 54 211 70 0 0 0 0 0 0 0
car 0.0 0 0 128 177 137 197 0 0 0 0 0 0 0
car 0.0 0 0 142 76 150 92 0 0 0 0 0 0 0
car 0.0 0 0 333 62 352 71 0 0 0 0 0 0 0
car 0.0 0 0 47 79 67 87 0 0 0 0 0 0 0
car 0.0 0 0 10 280 24 294 0 0 0 0 0 0 0
car 0.0 0 0 66 73 88 93 0 0 0 0 0 0 0
car 0.0 0 0 141 109 155 127 0 0 0 0 0 0 0
car 0.0 0 0 4 50 27 65 0 0 0 0 0 0 0
car 0.0 0 0 276 57 297 74 0 0 0 0 0 0 0
car 0.0 0 0 101 55 122 70 0 0 0 0 0 0 0
car 0.0 0 0 58 252 87 275 0 0 0 0 0 0 0
car 0.0 0 0 163 5 180 29 0 0 0 0 0 0 0
car 0.0 0 0 181 287 193 296 0 0 0 0 0 0 0
car 0.0 0 0 51 56 75 70 0 0 0 0 0 0 0
car 0.0 0 0 138 1 154 19 0 0 0 0 0 0 0
car 0.0 0 0 147 233 165 264 0 0 0 0 0 0 0
car 0.0 0 0 145 76 159 101 0 0 0 0 0 0 0
car 0.0 0 0 125 187 138 212 0 0 0 0 0 0 0
car 0.0 0 0 181 58 199 70 0 0 0 0 0 0 0
car 0.0 0 0 325 264 347 281 0 0 0 0 0 0 0
car 0.0 0 0 141 28 155 46 0 0 0 0 0 0 0
car 0.0 0 0 102 295 122 311 0 0 0 0 0 0 0
car 0.0 0 0 100 284 119 295 0 0 0 0 0 0 0
