car 0.0 0 0 120 3 142 18 0 0 0 0 0 0 0
car 0.0 0 0 2 65 23 80 0 0 0 0 0 0 0
car 0.0 0 0 145 78 160 93 0 0 0 0 0 0 0
car 0.0 0 0 160 108 185 132 0 0 0 0 0 0 0
car 0.0 0 0 53 176 80 197 0 0 0 0 0 0 0
car 0.411764705882 0 0 307 0 326 10 0 0 0 0 0 0 0
car 0.0 0 0 31 199 45 214 0 0 0 0 0 0 0
car 0.0 0 0 93 153 110 175 0 0 0 0 0 0 0
car 0.571428571429 0 0 32 0 38 6 0 0 0 0 0 0 0
car 0.0 0 0 103 54 113 73 0 0 0 0 0 0 0
car 0.466666666667 0 0 0 218 8 229 0 0 0 0 0 0 0
car 0.0 0 0 233 27 244 46 0 0 0 0 0 0 0
car 0.0 0 0 322 29 342 49 0 0 0 0 0 0 0
