car 0.5 0 0 306 343 324 352 0 0 0 0 0 0 0
car 0.0 0 0 61 149 71 170 0 0 0 0 0 0 0
car 0.0 0 0 68 110 77 128 0 0 0 0 0 0 0
car 0.0 0 0 259 53 275 61 0 0 0 0 0 0 0
car 0.454545454545 0 0 346 53 352 72 0 0 0 0 0 0 0
car 0.0 0 0 12 319 29 327 0 0 0 0 0 0 0
car 0.0 0 0 44 153 52 166 0 0 0 0 0 0 0
car 0.0 0 0 60 179 73 198 0 0 0 0 0 0 0
car 0.545454545455 0 0 0 215 5 234 0 0 0 0 0 0 0
car 0.0 0 0 67 323 89 335 0 0 0 0 0 0 0
car 0.0 0 0 256 127 270 139 0 0 0 0 0 0 0
car 0.933333333333 0 0 180 351 200 352 0 0 0 0 0 0 0
car 0.0 0 0 309 56 329 68 0 0 0 0 0 0 0
car 0.0 0 0 239 110 250 125 0 0 0 0 0 0 0
car 0.866666666667 0 0 350 106 352 120 0 0 0 0 0 0 0
car 0.0 0 0 213 126 227 139 0 0 0 0 0 0 0
car 0.0 0 0 58 305 70 323 0 0 0 0 0 0 0
car 0.0 0 0 42 89 59 110 0 0 0 0 0 0 0
car 0.0 0 0 39 234 54 254 0 0 0 0 0 0 0
car 0.0 0 0 37 284 49 300 0 0 0 0 0 0 0
car 0.0 0 0 233 115 241 128 0 0 0 0 0 0 0
car 0.0 0 0 60 30 69 53 0 0 0 0 0 0 0
car 0.0 0 0 146 331 159 345 0 0 0 0 0 0 0
car 0.0 0 0 270 117 283 131 0 0 0 0 0 0 0
car 0.0 0 0 114 322 131 339 0 0 0 0 0 0 0
car 0.0 0 0 224 110 235 128 0 0 0 0 0 0 0
car 0.7 0 0 346 100 352 112 0 0 0 0 0 0 0
car 0.0 0 0 46 34 60 54 0 0 0 0 0 0 0
car 0.923076923077 0 0 351 22 352 42 0 0 0 0 0 0 0
car 0.0 0 0 39 109 56 126 0 0 0 0 0 0 0
car 0.0 0 0 233 140 254 149 0 0 0 0 0 0 0
car 0.0 0 0 161 324 181 344 0 0 0 0 0 0 0
car 0.0 0 0 3 219 13 235 0 0 0 0 0 0 0
