car 0.0 0 0 228 54 274 70 0 0 0 0 0 0 0
car 0.0 0 0 126 37 135 53 0 0 0 0 0 0 0
car 0.0 0 0 225 43 249 53 0 0 0 0 0 0 0
car 0.0 0 0 152 37 167 62 0 0 0 0 0 0 0
car 0.0 0 0 60 123 74 140 0 0 0 0 0 0 0
car 0.0 0 0 108 72 125 81 0 0 0 0 0 0 0
car 0.0 0 0 36 77 56 101 0 0 0 0 0 0 0
car 1.0 0 0 0 19 0 37 0 0 0 0 0 0 0
car 0.347826086957 0 0 0 51 15 60 0 0 0 0 0 0 0
car 0.0 0 0 247 77 260 84 0 0 0 0 0 0 0
car 0.0 0 0 33 288 49 302 0 0 0 0 0 0 0
car 0.0 0 0 154 299 164 319 0 0 0 0 0 0 0
car 0.0 0 0 0 58 19 73 0 0 0 0 0 0 0
car 0.0 0 0 23 239 44 250 0 0 0 0 0 0 0
car 0.0 0 0 112 289 135 303 0 0 0 0 0 0 0
car 0.0 0 0 136 298 148 318 0 0 0 0 0 0 0
car 0.0 0 0 244 82 265 95 0 0 0 0 0 0 0
car 0.0 0 0 225 308 232 324 0 0 0 0 0 0 0
car 0.0 0 0 68 299 78 317 0 0 0 0 0 0 0
car 0.0 0 0 309 88 315 112 0 0 0 0 0 0 0
car 0.0 0 0 178 42 192 64 0 0 0 0 0 0 0
car 0.0 0 0 47 258 63 274 0 0 0 0 0 0 0
car 0.0 0 0 42 212 55 228 0 0 0 0 0 0 0
car 0.0 0 0 62 300 70 319 0 0 0 0 0 0 0
car 0.0 0 0 37 302 46 315 0 0 0 0 0 0 0
car 0.0 0 0 331 110 340 134 0 0 0 0 0 0 0
car 0.0 0 0 104 31 121 45 0 0 0 0 0 0 0
car 0.0 0 0 66 214 78 223 0 0 0 0 0 0 0
car 0.0 0 0 68 48 92 62 0 0 0 0 0 0 0
car 0.0 0 0 175 243 185 262 0 0 0 0 0 0 0
car 0.0 0 0 164 244 175 260 0 0 0 0 0 0 0
car 0.0 0 0 322 113 333 132 0 0 0 0 0 0 0
car 0.0 0 0 29 301 38 316 0 0 0 0 0 0 0
car 0.0 0 0 46 287 64 301 0 0 0 0 0 0 0
car 0.0 0 0 274 75 289 89 0 0 0 0 0 0 0
car 0.0 0 0 327 128 344 151 0 0 0 0 0 0 0
car 0.0 0 0 300 208 314 221 0 0 0 0 0 0 0
car 0.0 0 0 86 299 95 318 0 0 0 0 0 0 0
car 0.0 0 0 206 239 220 258 0 0 0 0 0 0 0
car 0.0 0 0 45 298 54 317 0 0 0 0 0 0 0
car 0.0 0 0 300 129 318 137 0 0 0 0 0 0 0
car 0.0 0 0 263 76 275 88 0 0 0 0 0 0 0
car 0.0 0 0 146 302 156 320 0 0 0 0 0 0 0
car 0.0 0 0 330 73 345 85 0 0 0 0 0 0 0
car 0.0 0 0 163 301 171 324 0 0 0 0 0 0 0
car 0.0 0 0 308 4 325 25 0 0 0 0 0 0 0
car 0.0 0 0 96 301 102 318 0 0 0 0 0 0 0
car 0.0 0 0 324 181 335 199 0 0 0 0 0 0 0
car 0.0 0 0 263 244 273 264 0 0 0 0 0 0 0
car 0.0 0 0 255 241 264 258 0 0 0 0 0 0 0
car 0.0 0 0 147 242 163 258 0 0 0 0 0 0 0
car 0.0 0 0 67 234 86 248 0 0 0 0 0 0 0
car 0.15 0 0 0 241 17 250 0 0 0 0 0 0 0
car 0.0 0 0 64 109 75 122 0 0 0 0 0 0 0
car 0.0 0 0 238 64 257 78 0 0 0 0 0 0 0
car 0.0 0 0 28 246 47 259 0 0 0 0 0 0 0
car 0.0 0 0 62 205 78 216 0 0 0 0 0 0 0
car 0.0 0 0 55 298 63 316 0 0 0 0 0 0 0
car 0.0 0 0 243 304 258 312 0 0 0 0 0 0 0
car 0.0 0 0 11 234 29 245 0 0 0 0 0 0 0
car 0.0 0 0 10 290 27 297 0 0 0 0 0 0 0
car 0.0 0 0 0 256 16 270 0 0 0 0 0 0 0
car 0.0 0 0 188 239 202 263 0 0 0 0 0 0 0
car 0.0 0 0 84 238 92 252 0 0 0 0 0 0 0
