car 0.647058823529 0 0 336 0 352 3 0 0 0 0 0 0 0
car 0.0 0 0 71 5 88 15 0 0 0 0 0 0 0
car 0.0 0 0 124 254 142 262 0 0 0 0 0 0 0
car 0.0 0 0 323 214 342 223 0 0 0 0 0 0 0
car 0.0 0 0 191 245 213 262 0 0 0 0 0 0 0
car 0.0 0 0 39 220 69 235 0 0 0 0 0 0 0
car 0.0 0 0 265 221 283 240 0 0 0 0 0 0 0
car 0.0 0 0 130 262 153 280 0 0 0 0 0 0 0
car 0.0 0 0 173 200 196 215 0 0 0 0 0 0 0
car 0.578947368421 0 0 344 268 352 289 0 0 0 0 0 0 0
car 0.0 0 0 110 326 126 341 0 0 0 0 0 0 0
car 0.0 0 0 320 259 341 275 0 0 0 0 0 0 0
car 0.875 0 0 351 188 352 205 0 0 0 0 0 0 0
car 0.0 0 0 126 106 139 126 0 0 0 0 0 0 0
car 0.0 0 0 276 274 288 291 0 0 0 0 0 0 0
car 0.0 0 0 64 251 82 265 0 0 0 0 0 0 0
car 0.0 0 0 336 29 351 44 0 0 0 0 0 0 0
car 0.0 0 0 176 247 197 262 0 0 0 0 0 0 0
car 0.0 0 0 73 269 93 278 0 0 0 0 0 0 0
car 0.0 0 0 271 260 294 275 0 0 0 0 0 0 0
car 0.0 0 0 294 212 317 222 0 0 0 0 0 0 0
car 0.0 0 0 175 9 199 24 0 0 0 0 0 0 0
car 0.0 0 0 18 208 42 221 0 0 0 0 0 0 0
car 0.545454545455 0 0 347 318 352 330 0 0 0 0 0 0 0
car 0.333333333333 0 0 342 331 352 350 0 0 0 0 0 0 0
car 0.0 0 0 291 233 313 250 0 0 0 0 0 0 0
car 0.0 0 0 133 70 151 92 0 0 0 0 0 0 0
car 0.0 0 0 109 338 126 350 0 0 0 0 0 0 0
car 0.0 0 0 123 58 137 74 0 0 0 0 0 0 0
car 0.0 0 0 129 45 141 61 0 0 0 0 0 0 0
car 0.0 0 0 172 266 187 274 0 0 0 0 0 0 0
car 0.9 0 0 351 299 352 318 0 0 0 0 0 0 0
car 0.0 0 0 186 229 228 243 0 0 0 0 0 0 0
car 0.0 0 0 299 7 321 23 0 0 0 0 0 0 0
car 0.0 0 0 124 123 139 143 0 0 0 0 0 0 0
car 0.0 0 0 269 210 293 223 0 0 0 0 0 0 0
