car 0.0 0 0 25 17 40 31 0 0 0 0 0 0 0
car 0.0 0 0 86 295 108 324 0 0 0 0 0 0 0
car 0.0 0 0 125 200 140 215 0 0 0 0 0 0 0
car 0.0 0 0 119 213 135 228 0 0 0 0 0 0 0
car 0.0 0 0 130 280 168 308 0 0 0 0 0 0 0
car 0.375 0 0 342 5 352 19 0 0 0 0 0 0 0
car 0.0 0 0 99 234 123 264 0 0 0 0 0 0 0
car 0.0 0 0 174 121 187 135 0 0 0 0 0 0 0
car 0.0 0 0 201 119 215 138 0 0 0 0 0 0 0
car 0.0 0 0 6 213 24 225 0 0 0 0 0 0 0
car 0.0 0 0 191 80 211 100 0 0 0 0 0 0 0
car 0.0 0 0 165 133 180 147 0 0 0 0 0 0 0
car 0.0 0 0 204 64 220 81 0 0 0 0 0 0 0
car 0.7 0 0 245 346 267 352 0 0 0 0 0 0 0
car 0.0 0 0 41 256 60 272 0 0 0 0 0 0 0
car 0.0 0 0 158 148 173 163 0 0 0 0 0 0 0
car 0.0 0 0 181 105 195 121 0 0 0 0 0 0 0
