car 0.0 0 0 25 84 47 94 0 0 0 0 0 0 0
car 0.0 0 0 295 67 315 81 0 0 0 0 0 0 0
car 0.375 0 0 327 71 352 83 0 0 0 0 0 0 0
car 0.0 0 0 245 87 262 94 0 0 0 0 0 0 0
car 0.0 0 0 223 68 233 73 0 0 0 0 0 0 0
car 0.0 0 0 156 89 174 95 0 0 0 0 0 0 0
car 0.0 0 0 142 2 152 17 0 0 0 0 0 0 0
car 0.0 0 0 258 68 276 77 0 0 0 0 0 0 0
car 0.0 0 0 79 286 96 294 0 0 0 0 0 0 0
car 0.0 0 0 108 311 117 324 0 0 0 0 0 0 0
car 0.0 0 0 9 62 28 71 0 0 0 0 0 0 0
car 0.0 0 0 289 278 311 291 0 0 0 0 0 0 0
car 0.0 0 0 280 64 299 82 0 0 0 0 0 0 0
car 0.0 0 0 322 299 341 312 0 0 0 0 0 0 0
car 0.0 0 0 114 199 123 215 0 0 0 0 0 0 0
car 0.0 0 0 113 141 126 160 0 0 0 0 0 0 0
car 0.0 0 0 207 275 229 291 0 0 0 0 0 0 0
car 0.0 0 0 1 264 23 281 0 0 0 0 0 0 0
car 0.0 0 0 110 242 124 264 0 0 0 0 0 0 0
car 0.0 0 0 260 278 280 289 0 0 0 0 0 0 0
car 0.0 0 0 203 290 227 302 0 0 0 0 0 0 0
