car 0.0 0 0 294 134 307 156 0 0 0 0 0 0 0
car 0.0 0 0 269 154 294 166 0 0 0 0 0 0 0
car 0.0 0 0 157 132 169 153 0 0 0 0 0 0 0
car 0.0 0 0 139 208 148 225 0 0 0 0 0 0 0
car 0.0 0 0 139 227 146 243 0 0 0 0 0 0 0
car 0.0 0 0 160 249 169 264 0 0 0 0 0 0 0
car 0.0 0 0 141 168 149 181 0 0 0 0 0 0 0
car 0.0588235294118 0 0 336 319 352 327 0 0 0 0 0 0 0
car 0.0 0 0 71 329 88 339 0 0 0 0 0 0 0
car 0.0 0 0 285 134 296 155 0 0 0 0 0 0 0
car 0.0 0 0 293 157 306 177 0 0 0 0 0 0 0
car 0.0 0 0 269 167 292 177 0 0 0 0 0 0 0
car 0.0 0 0 266 182 291 192 0 0 0 0 0 0 0
car 0.0 0 0 318 215 329 234 0 0 0 0 0 0 0
car 0.0 0 0 163 142 179 160 0 0 0 0 0 0 0
car 0.0 0 0 156 287 170 309 0 0 0 0 0 0 0
car 0.0 0 0 307 210 319 228 0 0 0 0 0 0 0
car 0.0 0 0 53 305 73 323 0 0 0 0 0 0 0
car 0.0 0 0 108 292 128 309 0 0 0 0 0 0 0
car 0.0 0 0 175 333 199 348 0 0 0 0 0 0 0
car 0.0 0 0 142 24 160 45 0 0 0 0 0 0 0
car 0.0 0 0 143 4 161 18 0 0 0 0 0 0 0
car 0.0 0 0 299 331 321 347 0 0 0 0 0 0 0
car 0.0 0 0 327 219 337 235 0 0 0 0 0 0 0
