car 0.0 0 0 306 19 324 37 0 0 0 0 0 0 0
car 0.0 0 0 316 51 339 60 0 0 0 0 0 0 0
car 0.625 0 0 12 0 29 3 0 0 0 0 0 0 0
car 0.0 0 0 47 188 56 205 0 0 0 0 0 0 0
car 0.0526315789474 0 0 0 214 18 223 0 0 0 0 0 0 0
car 0.0 0 0 173 294 188 302 0 0 0 0 0 0 0
car 0.0 0 0 34 328 44 343 0 0 0 0 0 0 0
car 0.0 0 0 108 291 120 305 0 0 0 0 0 0 0
car 0.0 0 0 218 297 233 304 0 0 0 0 0 0 0
car 0.0 0 0 239 285 253 293 0 0 0 0 0 0 0
car 0.0 0 0 44 46 59 67 0 0 0 0 0 0 0
car 0.0833333333333 0 0 67 0 89 11 0 0 0 0 0 0 0
car 0.0 0 0 324 58 343 73 0 0 0 0 0 0 0
car 0.761904761905 0 0 347 239 352 250 0 0 0 0 0 0 0
car 0.0 0 0 20 268 39 289 0 0 0 0 0 0 0
car 0.0 0 0 79 285 97 296 0 0 0 0 0 0 0
car 0.190476190476 0 0 0 259 17 275 0 0 0 0 0 0 0
car 0.0 0 0 69 228 92 237 0 0 0 0 0 0 0
car 0.0 0 0 27 188 35 205 0 0 0 0 0 0 0
car 0.0 0 0 184 219 194 239 0 0 0 0 0 0 0
car 0.0 0 0 180 27 200 42 0 0 0 0 0 0 0
car 0.0 0 0 104 31 118 47 0 0 0 0 0 0 0
car 0.0 0 0 192 221 198 239 0 0 0 0 0 0 0
car 0.0 0 0 34 69 43 83 0 0 0 0 0 0 0
car 0.0 0 0 285 256 303 266 0 0 0 0 0 0 0
car 0.0 0 0 12 29 27 44 0 0 0 0 0 0 0
car 0.0 0 0 39 105 50 124 0 0 0 0 0 0 0
car 0.0 0 0 280 302 296 307 0 0 0 0 0 0 0
car 0.0 0 0 294 226 307 246 0 0 0 0 0 0 0
car 0.0 0 0 291 41 311 51 0 0 0 0 0 0 0
car 0.0 0 0 307 57 322 71 0 0 0 0 0 0 0
car 0.0 0 0 23 318 34 330 0 0 0 0 0 0 0
car 0.0 0 0 266 300 280 306 0 0 0 0 0 0 0
car 0.0 0 0 18 331 33 350 0 0 0 0 0 0 0
car 0.0 0 0 211 252 228 262 0 0 0 0 0 0 0
car 0.0 0 0 180 272 197 279 0 0 0 0 0 0 0
car 0.0 0 0 29 112 40 125 0 0 0 0 0 0 0
car 0.0 0 0 146 7 159 21 0 0 0 0 0 0 0
car 0.0 0 0 127 291 143 298 0 0 0 0 0 0 0
car 0.117647058824 0 0 114 0 131 15 0 0 0 0 0 0 0
car 0.0 0 0 147 218 166 239 0 0 0 0 0 0 0
car 0.0 0 0 180 251 194 259 0 0 0 0 0 0 0
car 0.0 0 0 204 283 219 290 0 0 0 0 0 0 0
car 0.0 0 0 286 227 297 245 0 0 0 0 0 0 0
car 0.0 0 0 205 223 214 240 0 0 0 0 0 0 0
car 0.0 0 0 64 275 82 283 0 0 0 0 0 0 0
car 0.0 0 0 265 255 282 265 0 0 0 0 0 0 0
car 0.0 0 0 70 216 90 229 0 0 0 0 0 0 0
car 0.0 0 0 27 299 37 318 0 0 0 0 0 0 0
car 0.0 0 0 321 241 341 250 0 0 0 0 0 0 0
car 0.0 0 0 110 247 130 256 0 0 0 0 0 0 0
car 0.0 0 0 127 280 144 288 0 0 0 0 0 0 0
car 0.0 0 0 161 0 181 20 0 0 0 0 0 0 0
car 0.0 0 0 195 252 210 261 0 0 0 0 0 0 0
car 0.0 0 0 144 292 160 299 0 0 0 0 0 0 0
car 0.0 0 0 187 296 204 303 0 0 0 0 0 0 0
car 0.0555555555556 0 0 335 234 352 245 0 0 0 0 0 0 0
car 0.0 0 0 334 290 351 297 0 0 0 0 0 0 0
car 0.0 0 0 324 256 340 270 0 0 0 0 0 0 0
car 0.0 0 0 50 143 61 159 0 0 0 0 0 0 0
