car 0.2 0 0 263 0 286 12 0 0 0 0 0 0 0
car 0.0 0 0 230 74 247 84 0 0 0 0 0 0 0
car 0.0 0 0 41 219 67 248 0 0 0 0 0 0 0
car 0.0 0 0 238 95 255 104 0 0 0 0 0 0 0
car 0.0 0 0 68 144 76 158 0 0 0 0 0 0 0
car 0.0 0 0 55 205 63 221 0 0 0 0 0 0 0
car 0.0 0 0 45 248 55 268 0 0 0 0 0 0 0
car 0.0 0 0 34 303 44 319 0 0 0 0 0 0 0
car 0.0 0 0 41 68 55 76 0 0 0 0 0 0 0
car 0.0 0 0 32 83 53 100 0 0 0 0 0 0 0
car 0.0 0 0 59 63 77 75 0 0 0 0 0 0 0
car 0.0 0 0 99 83 123 97 0 0 0 0 0 0 0
car 0.809523809524 0 0 204 0 222 4 0 0 0 0 0 0 0
car 0.0 0 0 37 137 53 157 0 0 0 0 0 0 0
car 0.0 0 0 52 99 64 122 0 0 0 0 0 0 0
car 0.0 0 0 11 54 27 73 0 0 0 0 0 0 0
car 0.0 0 0 77 66 96 79 0 0 0 0 0 0 0
