car 0.0 0 0 173 273 201 293 0 0 0 0 0 0 0
car 0.0 0 0 120 327 142 342 0 0 0 0 0 0 0
car 0.0 0 0 32 107 47 128 0 0 0 0 0 0 0
car 0.0 0 0 166 163 184 179 0 0 0 0 0 0 0
car 0.0 0 0 32 53 49 72 0 0 0 0 0 0 0
car 0.0 0 0 168 188 186 197 0 0 0 0 0 0 0
car 0.0 0 0 307 317 326 334 0 0 0 0 0 0 0
car 0.0 0 0 32 316 38 330 0 0 0 0 0 0 0
car 0.0 0 0 37 32 51 50 0 0 0 0 0 0 0
car 0.0 0 0 250 9 267 28 0 0 0 0 0 0 0
car 0.0 0 0 32 72 52 94 0 0 0 0 0 0 0
car 0.0 0 0 32 255 47 278 0 0 0 0 0 0 0
car 0.0 0 0 30 275 41 291 0 0 0 0 0 0 0
car 0.0 0 0 203 189 219 198 0 0 0 0 0 0 0
car 0.947368421053 0 0 233 351 244 352 0 0 0 0 0 0 0
