car 0.0 0 0 180 297 193 319 0 0 0 0 0 0 0
car 0.0 0 0 287 123 301 146 0 0 0 0 0 0 0
car 0.0 0 0 18 5 34 19 0 0 0 0 0 0 0
car 0.0 0 0 33 15 52 28 0 0 0 0 0 0 0
car 0.0 0 0 57 17 74 31 0 0 0 0 0 0 0
car 0.0 0 0 164 18 175 31 0 0 0 0 0 0 0
car 0.0 0 0 258 213 279 244 0 0 0 0 0 0 0
car 0.0 0 0 74 28 92 40 0 0 0 0 0 0 0
car 0.0 0 0 206 246 215 258 0 0 0 0 0 0 0
car 0.0 0 0 231 201 241 216 0 0 0 0 0 0 0
car 0.0 0 0 253 178 260 192 0 0 0 0 0 0 0
car 0.0 0 0 176 129 184 142 0 0 0 0 0 0 0
car 0.0 0 0 279 80 288 92 0 0 0 0 0 0 0
car 0.0 0 0 277 40 287 56 0 0 0 0 0 0 0
car 0.0 0 0 290 32 307 52 0 0 0 0 0 0 0
car 0.0 0 0 194 285 208 299 0 0 0 0 0 0 0
car 0.0 0 0 252 208 269 224 0 0 0 0 0 0 0
car 0.0 0 0 88 319 96 333 0 0 0 0 0 0 0
car 0.0 0 0 71 322 87 343 0 0 0 0 0 0 0
car 0.0 0 0 213 261 231 278 0 0 0 0 0 0 0
car 0.0 0 0 146 197 161 213 0 0 0 0 0 0 0
car 0.0 0 0 203 65 218 81 0 0 0 0 0 0 0
car 0.0 0 0 167 165 184 182 0 0 0 0 0 0 0
car 0.0 0 0 274 97 288 112 0 0 0 0 0 0 0
