car 0.0 0 0 322 80 334 99 0 0 0 0 0 0 0
car 1.0 0 0 0 343 0 352 0 0 0 0 0 0 0
car 0.0 0 0 50 137 65 161 0 0 0 0 0 0 0
car 0.0 0 0 38 51 54 87 0 0 0 0 0 0 0
car 0.19298245614 0 0 41 0 65 46 0 0 0 0 0 0 0
car 0.0 0 0 326 23 334 38 0 0 0 0 0 0 0
car 0.0 0 0 55 103 64 121 0 0 0 0 0 0 0
car 0.0 0 0 22 53 33 72 0 0 0 0 0 0 0
car 0.0 0 0 52 52 63 78 0 0 0 0 0 0 0
car 0.0 0 0 314 222 331 241 0 0 0 0 0 0 0
car 0.75 0 0 0 56 5 68 0 0 0 0 0 0 0
car 0.0 0 0 99 61 108 78 0 0 0 0 0 0 0
car 0.0 0 0 30 14 40 26 0 0 0 0 0 0 0
car 0.0 0 0 26 106 41 120 0 0 0 0 0 0 0
car 0.0 0 0 51 79 62 94 0 0 0 0 0 0 0
car 0.0 0 0 338 223 349 238 0 0 0 0 0 0 0
car 0.0 0 0 40 302 54 323 0 0 0 0 0 0 0
car 0.0 0 0 32 249 45 271 0 0 0 0 0 0 0
car 0.0 0 0 28 131 48 152 0 0 0 0 0 0 0
car 0.0 0 0 22 100 42 112 0 0 0 0 0 0 0
car 0.0 0 0 27 22 40 42 0 0 0 0 0 0 0
car 0.0 0 0 308 328 325 349 0 0 0 0 0 0 0
car 0.0 0 0 33 173 47 193 0 0 0 0 0 0 0
car 0.0 0 0 340 44 351 61 0 0 0 0 0 0 0
car 0.0 0 0 34 207 47 226 0 0 0 0 0 0 0
