car 0.0 0 0 71 2 87 22 0 0 0 0 0 0 0
car 0.0 0 0 245 173 266 182 0 0 0 0 0 0 0
car 0.0 0 0 157 102 173 111 0 0 0 0 0 0 0
car 0.0 0 0 117 90 134 100 0 0 0 0 0 0 0
car 0.0 0 0 56 86 66 101 0 0 0 0 0 0 0
car 0.0 0 0 38 127 45 141 0 0 0 0 0 0 0
car 0.0 0 0 227 172 247 180 0 0 0 0 0 0 0
car 0.0 0 0 203 169 225 180 0 0 0 0 0 0 0
car 0.962962962963 0 0 351 109 352 125 0 0 0 0 0 0 0
car 0.0 0 0 212 93 231 107 0 0 0 0 0 0 0
car 0.0 0 0 17 184 38 201 0 0 0 0 0 0 0
car 0.0 0 0 29 208 41 230 0 0 0 0 0 0 0
car 0.826086956522 0 0 348 176 352 197 0 0 0 0 0 0 0
car 0.0 0 0 0 286 13 305 0 0 0 0 0 0 0
car 0.0 0 0 311 85 327 102 0 0 0 0 0 0 0
car 0.0 0 0 41 183 59 202 0 0 0 0 0 0 0
car 0.0 0 0 286 117 307 129 0 0 0 0 0 0 0
car 0.0 0 0 126 157 148 171 0 0 0 0 0 0 0
car 0.0 0 0 230 110 254 123 0 0 0 0 0 0 0
car 0.0 0 0 185 161 206 180 0 0 0 0 0 0 0
car 1.0 0 0 113 0 133 0 0 0 0 0 0 0 0
