car 0.0 0 0 232 116 239 127 0 0 0 0 0 0 0
car 0.0 0 0 204 120 216 133 0 0 0 0 0 0 0
car 0.0 0 0 151 125 172 134 0 0 0 0 0 0 0
car 0.0 0 0 100 138 121 148 0 0 0 0 0 0 0
car 0.0 0 0 249 112 259 126 0 0 0 0 0 0 0
car 0.0 0 0 258 106 267 124 0 0 0 0 0 0 0
car 0.0 0 0 267 106 274 119 0 0 0 0 0 0 0
car 0.0 0 0 276 13 286 25 0 0 0 0 0 0 0
car 0.0 0 0 273 103 281 123 0 0 0 0 0 0 0
car 0.0 0 0 280 101 291 123 0 0 0 0 0 0 0
car 0.0 0 0 295 102 304 117 0 0 0 0 0 0 0
car 0.0 0 0 306 100 313 115 0 0 0 0 0 0 0
car 0.0 0 0 293 120 309 129 0 0 0 0 0 0 0
car 0.0 0 0 246 155 264 164 0 0 0 0 0 0 0
car 0.0 0 0 263 158 272 170 0 0 0 0 0 0 0
car 0.0 0 0 260 182 280 197 0 0 0 0 0 0 0
car 0.0 0 0 317 146 327 163 0 0 0 0 0 0 0
car 0.0 0 0 322 136 337 144 0 0 0 0 0 0 0
car 0.0 0 0 327 145 335 159 0 0 0 0 0 0 0
car 0.0 0 0 118 201 145 217 0 0 0 0 0 0 0
car 0.0 0 0 270 152 279 169 0 0 0 0 0 0 0
car 0.5 0 0 0 177 9 183 0 0 0 0 0 0 0
car 0.0 0 0 102 258 110 275 0 0 0 0 0 0 0
car 0.0 0 0 124 255 131 271 0 0 0 0 0 0 0
car 0.0 0 0 138 257 146 272 0 0 0 0 0 0 0
car 0.0 0 0 147 248 156 264 0 0 0 0 0 0 0
