car 0.0 0 0 88 109 105 130 0 0 0 0 0 0 0
car 0.0 0 0 144 41 171 76 0 0 0 0 0 0 0
car 0.0 0 0 233 105 254 140 0 0 0 0 0 0 0
car 0.0 0 0 214 199 234 212 0 0 0 0 0 0 0
car 0.533333333333 0 0 178 345 208 352 0 0 0 0 0 0 0
car 0.0 0 0 184 318 204 330 0 0 0 0 0 0 0
car 0.0 0 0 136 110 148 128 0 0 0 0 0 0 0
car 0.0 0 0 320 189 340 210 0 0 0 0 0 0 0
car 0.0 0 0 111 129 120 143 0 0 0 0 0 0 0
car 0.0 0 0 126 125 133 135 0 0 0 0 0 0 0
car 0.0 0 0 301 273 322 285 0 0 0 0 0 0 0
car 0.0 0 0 206 67 216 87 0 0 0 0 0 0 0
car 0.0 0 0 292 185 303 201 0 0 0 0 0 0 0
car 0.0 0 0 312 166 326 183 0 0 0 0 0 0 0
car 0.0 0 0 299 155 313 173 0 0 0 0 0 0 0
car 0.0 0 0 93 86 106 99 0 0 0 0 0 0 0
car 0.0 0 0 113 80 122 91 0 0 0 0 0 0 0
car 0.0 0 0 109 107 117 120 0 0 0 0 0 0 0
car 0.0 0 0 98 112 110 125 0 0 0 0 0 0 0
car 0.0 0 0 209 306 224 323 0 0 0 0 0 0 0
car 0.0 0 0 123 101 133 114 0 0 0 0 0 0 0
car 0.0 0 0 256 152 268 170 0 0 0 0 0 0 0
car 0.0 0 0 318 151 328 167 0 0 0 0 0 0 0
car 0.0 0 0 326 150 334 165 0 0 0 0 0 0 0
car 0.0 0 0 254 130 266 147 0 0 0 0 0 0 0
car 0.0 0 0 220 301 237 321 0 0 0 0 0 0 0
car 0.0 0 0 277 277 295 298 0 0 0 0 0 0 0
car 0.0 0 0 187 71 200 93 0 0 0 0 0 0 0
car 0.0 0 0 142 69 152 82 0 0 0 0 0 0 0
car 0.0 0 0 120 127 128 139 0 0 0 0 0 0 0
car 0.0 0 0 197 69 209 90 0 0 0 0 0 0 0
car 0.0 0 0 131 75 141 87 0 0 0 0 0 0 0
car 0.0 0 0 120 77 128 88 0 0 0 0 0 0 0
car 0.0 0 0 309 152 319 167 0 0 0 0 0 0 0
car 0.0 0 0 129 98 137 110 0 0 0 0 0 0 0
car 0.0 0 0 137 71 146 84 0 0 0 0 0 0 0
car 0.0 0 0 148 115 155 124 0 0 0 0 0 0 0
car 0.0 0 0 113 104 123 117 0 0 0 0 0 0 0
car 0.0 0 0 136 94 145 105 0 0 0 0 0 0 0
car 0.0 0 0 124 78 133 87 0 0 0 0 0 0 0
car 0.0 0 0 134 122 142 132 0 0 0 0 0 0 0
car 0.0 0 0 324 169 334 182 0 0 0 0 0 0 0
car 0.0 0 0 272 190 285 207 0 0 0 0 0 0 0
car 0.0 0 0 293 138 307 155 0 0 0 0 0 0 0
