car 0.0 0 0 10 307 28 319 0 0 0 0 0 0 0
car 0.0 0 0 107 286 117 299 0 0 0 0 0 0 0
car 0.0 0 0 72 293 87 312 0 0 0 0 0 0 0
car 0.0 0 0 310 320 326 338 0 0 0 0 0 0 0
car 0.0 0 0 84 116 99 128 0 0 0 0 0 0 0
car 0.0 0 0 124 274 136 296 0 0 0 0 0 0 0
car 0.0 0 0 38 313 49 326 0 0 0 0 0 0 0
car 0.0 0 0 96 287 107 301 0 0 0 0 0 0 0
car 0.0 0 0 84 296 94 307 0 0 0 0 0 0 0
car 0.0 0 0 148 265 162 282 0 0 0 0 0 0 0
car 0.0 0 0 99 257 118 271 0 0 0 0 0 0 0
car 0.0 0 0 51 304 61 318 0 0 0 0 0 0 0
car 0.0 0 0 299 329 311 345 0 0 0 0 0 0 0
car 0.0 0 0 1 226 17 244 0 0 0 0 0 0 0
car 0.0 0 0 118 140 131 158 0 0 0 0 0 0 0
car 0.0 0 0 21 262 33 280 0 0 0 0 0 0 0
car 0.0 0 0 143 204 159 223 0 0 0 0 0 0 0
car 0.0 0 0 325 313 341 333 0 0 0 0 0 0 0
car 0.0 0 0 121 251 143 259 0 0 0 0 0 0 0
car 0.125 0 0 263 338 285 352 0 0 0 0 0 0 0
car 0.0 0 0 39 264 50 275 0 0 0 0 0 0 0
car 0.0 0 0 105 107 117 123 0 0 0 0 0 0 0
car 0.0 0 0 163 245 174 260 0 0 0 0 0 0 0
car 0.0 0 0 288 330 301 346 0 0 0 0 0 0 0
car 0.0 0 0 131 222 144 237 0 0 0 0 0 0 0
car 0.0 0 0 160 263 173 282 0 0 0 0 0 0 0
