car 0.0 0 0 181 6 227 26 0 0 0 0 0 0 0
car 0.0 0 0 62 216 78 227 0 0 0 0 0 0 0
car 0.0 0 0 113 195 123 210 0 0 0 0 0 0 0
car 0.0 0 0 124 192 135 205 0 0 0 0 0 0 0
car 0.0 0 0 100 146 116 156 0 0 0 0 0 0 0
car 0.0 0 0 84 151 102 164 0 0 0 0 0 0 0
car 0.0 0 0 313 22 329 45 0 0 0 0 0 0 0
car 0.916666666667 0 0 351 10 352 27 0 0 0 0 0 0 0
car 0.0 0 0 235 261 262 276 0 0 0 0 0 0 0
car 0.0 0 0 205 275 223 286 0 0 0 0 0 0 0
car 0.0 0 0 47 320 56 335 0 0 0 0 0 0 0
car 0.0 0 0 104 248 136 266 0 0 0 0 0 0 0
car 0.0 0 0 283 148 301 172 0 0 0 0 0 0 0
car 0.0 0 0 134 213 156 229 0 0 0 0 0 0 0
car 0.0 0 0 173 168 189 192 0 0 0 0 0 0 0
car 0.0 0 0 200 27 226 43 0 0 0 0 0 0 0
car 0.0 0 0 58 256 77 269 0 0 0 0 0 0 0
car 0.0 0 0 52 192 69 202 0 0 0 0 0 0 0
car 0.2 0 0 0 189 16 210 0 0 0 0 0 0 0
car 0.0 0 0 174 52 195 64 0 0 0 0 0 0 0
car 0.0 0 0 216 184 238 198 0 0 0 0 0 0 0
car 0.0 0 0 79 235 100 248 0 0 0 0 0 0 0
car 0.0 0 0 107 200 115 215 0 0 0 0 0 0 0
car 0.0 0 0 76 305 91 328 0 0 0 0 0 0 0
car 0.0 0 0 101 60 135 73 0 0 0 0 0 0 0
car 0.0 0 0 160 20 184 35 0 0 0 0 0 0 0
car 0.0 0 0 262 4 281 21 0 0 0 0 0 0 0
car 0.0 0 0 316 60 339 74 0 0 0 0 0 0 0
car 0.0 0 0 120 157 132 173 0 0 0 0 0 0 0
car 0.857142857143 0 0 0 166 2 183 0 0 0 0 0 0 0
car 0.0 0 0 167 32 188 44 0 0 0 0 0 0 0
car 0.0 0 0 277 250 293 261 0 0 0 0 0 0 0
car 0.0 0 0 106 161 116 180 0 0 0 0 0 0 0
car 0.0 0 0 80 129 98 142 0 0 0 0 0 0 0
car 0.6 0 0 0 151 4 167 0 0 0 0 0 0 0
car 0.0 0 0 95 162 110 183 0 0 0 0 0 0 0
car 0.0 0 0 97 203 108 218 0 0 0 0 0 0 0
car 0.0 0 0 39 288 61 298 0 0 0 0 0 0 0
car 0.0 0 0 113 159 125 173 0 0 0 0 0 0 0
car 0.0 0 0 2 150 10 165 0 0 0 0 0 0 0
car 0.0 0 0 95 8 117 19 0 0 0 0 0 0 0
car 0.0 0 0 193 163 206 175 0 0 0 0 0 0 0
car 0.0 0 0 230 123 249 133 0 0 0 0 0 0 0
car 0.0 0 0 129 154 139 171 0 0 0 0 0 0 0
car 0.0 0 0 331 21 346 39 0 0 0 0 0 0 0
car 0.0 0 0 159 8 183 22 0 0 0 0 0 0 0
car 0.0 0 0 86 205 98 223 0 0 0 0 0 0 0
car 0.0 0 0 30 327 42 346 0 0 0 0 0 0 0
car 0.0 0 0 48 295 60 309 0 0 0 0 0 0 0
car 0.0434782608696 0 0 330 143 352 157 0 0 0 0 0 0 0
car 0.111111111111 0 0 336 167 352 182 0 0 0 0 0 0 0
car 0.0 0 0 223 114 248 127 0 0 0 0 0 0 0
car 0.0 0 0 141 183 153 204 0 0 0 0 0 0 0
car 0.0 0 0 218 68 245 87 0 0 0 0 0 0 0
car 0.0 0 0 39 325 51 341 0 0 0 0 0 0 0
car 0.0 0 0 229 89 252 104 0 0 0 0 0 0 0
car 0.105263157895 0 0 335 54 352 71 0 0 0 0 0 0 0
car 0.0 0 0 0 169 10 182 0 0 0 0 0 0 0
car 0.0 0 0 136 110 158 120 0 0 0 0 0 0 0
car 0.0 0 0 162 176 171 190 0 0 0 0 0 0 0
car 0.0 0 0 95 21 117 29 0 0 0 0 0 0 0
