car 0.0 0 0 254 308 285 337 0 0 0 0 0 0 0
car 0.0 0 0 228 11 240 26 0 0 0 0 0 0 0
car 0.0 0 0 220 10 229 29 0 0 0 0 0 0 0
car 0.0 0 0 40 223 71 238 0 0 0 0 0 0 0
car 0.0 0 0 75 274 95 286 0 0 0 0 0 0 0
car 0.0 0 0 234 215 249 224 0 0 0 0 0 0 0
car 0.0 0 0 72 122 86 132 0 0 0 0 0 0 0
car 0.0 0 0 60 73 73 94 0 0 0 0 0 0 0
car 0.0 0 0 68 75 87 101 0 0 0 0 0 0 0
car 0.0 0 0 78 72 93 96 0 0 0 0 0 0 0
car 0.0 0 0 183 9 195 27 0 0 0 0 0 0 0
car 0.0 0 0 190 31 200 48 0 0 0 0 0 0 0
car 0.0 0 0 206 18 214 30 0 0 0 0 0 0 0
car 0.0 0 0 267 98 326 129 0 0 0 0 0 0 0
car 0.0 0 0 237 300 250 321 0 0 0 0 0 0 0
car 0.0 0 0 192 157 215 168 0 0 0 0 0 0 0
car 0.0 0 0 281 71 297 79 0 0 0 0 0 0 0
car 0.0 0 0 164 238 185 251 0 0 0 0 0 0 0
car 0.0 0 0 104 202 154 225 0 0 0 0 0 0 0
car 0.0588235294118 0 0 64 336 76 352 0 0 0 0 0 0 0
car 0.0 0 0 206 227 238 251 0 0 0 0 0 0 0
car 0.0 0 0 54 75 66 96 0 0 0 0 0 0 0
car 0.0 0 0 309 195 333 207 0 0 0 0 0 0 0
car 0.0 0 0 245 274 261 288 0 0 0 0 0 0 0
car 0.0 0 0 322 113 337 120 0 0 0 0 0 0 0
car 0.619047619048 0 0 0 304 8 316 0 0 0 0 0 0 0
car 0.0 0 0 10 255 28 265 0 0 0 0 0 0 0
car 0.0 0 0 251 136 271 147 0 0 0 0 0 0 0
car 0.0 0 0 98 173 125 189 0 0 0 0 0 0 0
car 0.0 0 0 298 136 317 146 0 0 0 0 0 0 0
car 0.421052631579 0 0 341 89 352 103 0 0 0 0 0 0 0
