car 0.0 0 0 278 338 298 352 0 0 0 0 0 0 0
car 0.0 0 0 277 35 293 55 0 0 0 0 0 0 0
car 0.0 0 0 18 341 35 352 0 0 0 0 0 0 0
car 0.0 0 0 251 253 266 266 0 0 0 0 0 0 0
car 0.0 0 0 259 327 282 339 0 0 0 0 0 0 0
car 0.0 0 0 256 99 272 114 0 0 0 0 0 0 0
car 0.0 0 0 214 278 237 295 0 0 0 0 0 0 0
car 0.0 0 0 298 103 317 115 0 0 0 0 0 0 0
car 0.0 0 0 139 309 165 322 0 0 0 0 0 0 0
car 0.0 0 0 263 33 275 49 0 0 0 0 0 0 0
car 0.0 0 0 311 304 332 316 0 0 0 0 0 0 0
car 0.0 0 0 334 255 352 265 0 0 0 0 0 0 0
car 0.0 0 0 94 74 103 86 0 0 0 0 0 0 0
car 0.0 0 0 292 231 310 243 0 0 0 0 0 0 0
car 0.0 0 0 113 116 143 162 0 0 0 0 0 0 0
car 0.0 0 0 104 18 121 37 0 0 0 0 0 0 0
car 0.0 0 0 194 264 212 275 0 0 0 0 0 0 0
car 0.0 0 0 99 94 113 115 0 0 0 0 0 0 0
