car 0.0 0 0 89 299 106 310 0 0 0 0 0 0 0
car 0.0 0 0 152 219 165 237 0 0 0 0 0 0 0
car 0.0 0 0 161 217 170 233 0 0 0 0 0 0 0
car 0.0 0 0 168 216 176 230 0 0 0 0 0 0 0
car 0.0 0 0 213 196 223 214 0 0 0 0 0 0 0
car 0.0 0 0 311 234 320 248 0 0 0 0 0 0 0
car 0.0 0 0 137 261 154 272 0 0 0 0 0 0 0
car 0.222222222222 0 0 310 0 326 14 0 0 0 0 0 0 0
car 0.846153846154 0 0 38 0 49 2 0 0 0 0 0 0 0
car 0.0 0 0 99 263 121 281 0 0 0 0 0 0 0
car 0.0 0 0 299 5 311 21 0 0 0 0 0 0 0
car 0.0 0 0 271 46 284 52 0 0 0 0 0 0 0
car 0.55 0 0 325 0 341 9 0 0 0 0 0 0 0
car 0.0 0 0 266 39 283 46 0 0 0 0 0 0 0
car 0.0 0 0 263 14 285 30 0 0 0 0 0 0 0
car 0.0 0 0 288 6 301 22 0 0 0 0 0 0 0
