car 0.6875 0 0 0 22 5 45 0 0 0 0 0 0 0
car 0.0 0 0 27 10 39 27 0 0 0 0 0 0 0
car 0.0 0 0 44 0 62 23 0 0 0 0 0 0 0
car 0.0 0 0 285 1 299 27 0 0 0 0 0 0 0
car 0.0 0 0 217 16 237 51 0 0 0 0 0 0 0
car 0.0 0 0 211 108 220 122 0 0 0 0 0 0 0
car 0.0 0 0 274 83 285 101 0 0 0 0 0 0 0
car 0.0 0 0 266 86 278 102 0 0 0 0 0 0 0
car 0.0 0 0 250 93 262 112 0 0 0 0 0 0 0
car 0.0 0 0 240 92 252 113 0 0 0 0 0 0 0
car 0.0 0 0 130 173 139 187 0 0 0 0 0 0 0
car 0.0 0 0 97 148 107 166 0 0 0 0 0 0 0
car 0.0 0 0 109 180 154 206 0 0 0 0 0 0 0
car 0.0 0 0 46 124 72 142 0 0 0 0 0 0 0
car 0.0 0 0 62 204 92 221 0 0 0 0 0 0 0
car 0.0 0 0 209 139 221 157 0 0 0 0 0 0 0
car 0.0 0 0 33 159 51 172 0 0 0 0 0 0 0
car 0.0 0 0 204 117 213 128 0 0 0 0 0 0 0
car 0.0 0 0 281 82 294 103 0 0 0 0 0 0 0
car 0.0 0 0 199 143 212 158 0 0 0 0 0 0 0
car 0.0 0 0 238 172 254 181 0 0 0 0 0 0 0
car 0.347826086957 0 0 0 60 15 74 0 0 0 0 0 0 0
car 0.0 0 0 268 2 283 17 0 0 0 0 0 0 0
car 0.0 0 0 76 312 83 326 0 0 0 0 0 0 0
car 0.0 0 0 197 120 206 133 0 0 0 0 0 0 0
car 0.0 0 0 148 136 155 153 0 0 0 0 0 0 0
car 0.0 0 0 254 154 269 165 0 0 0 0 0 0 0
car 0.0 0 0 327 95 341 111 0 0 0 0 0 0 0
car 0.0 0 0 159 156 170 172 0 0 0 0 0 0 0
car 0.0 0 0 99 36 110 51 0 0 0 0 0 0 0
car 0.0 0 0 174 95 191 107 0 0 0 0 0 0 0
car 0.0 0 0 7 21 22 39 0 0 0 0 0 0 0
car 0.0 0 0 120 143 134 158 0 0 0 0 0 0 0
car 0.0 0 0 295 104 308 122 0 0 0 0 0 0 0
car 0.0 0 0 197 208 219 219 0 0 0 0 0 0 0
car 0.0 0 0 186 120 197 135 0 0 0 0 0 0 0
car 0.0 0 0 49 166 64 190 0 0 0 0 0 0 0
car 0.0 0 0 223 256 243 270 0 0 0 0 0 0 0
car 0.0 0 0 6 143 29 157 0 0 0 0 0 0 0
car 0.0 0 0 12 167 30 182 0 0 0 0 0 0 0
car 0.0 0 0 42 173 53 194 0 0 0 0 0 0 0
car 0.0 0 0 339 90 348 110 0 0 0 0 0 0 0
car 0.0 0 0 218 135 226 155 0 0 0 0 0 0 0
car 0.0 0 0 297 267 321 280 0 0 0 0 0 0 0
car 0.0 0 0 192 186 211 200 0 0 0 0 0 0 0
car 0.0 0 0 288 80 303 98 0 0 0 0 0 0 0
car 0.0 0 0 61 162 77 179 0 0 0 0 0 0 0
car 0.0 0 0 11 54 30 71 0 0 0 0 0 0 0
car 0.0 0 0 201 217 223 228 0 0 0 0 0 0 0
car 0.2 0 0 251 340 260 352 0 0 0 0 0 0 0
car 0.0 0 0 139 172 147 184 0 0 0 0 0 0 0
car 0.0 0 0 130 141 142 157 0 0 0 0 0 0 0
