car 0.551724137931 0 0 254 0 285 13 0 0 0 0 0 0 0
car 0.0 0 0 258 226 274 247 0 0 0 0 0 0 0
car 0.0 0 0 268 214 303 233 0 0 0 0 0 0 0
car 0.0 0 0 274 222 307 242 0 0 0 0 0 0 0
car 0.0 0 0 277 230 312 249 0 0 0 0 0 0 0
car 0.0 0 0 284 247 319 267 0 0 0 0 0 0 0
car 0.0 0 0 288 258 319 276 0 0 0 0 0 0 0
car 0.0 0 0 29 106 43 114 0 0 0 0 0 0 0
car 0.0 0 0 13 114 28 124 0 0 0 0 0 0 0
car 0.0 0 0 10 266 23 284 0 0 0 0 0 0 0
car 0.0 0 0 144 205 156 220 0 0 0 0 0 0 0
car 0.0 0 0 319 139 337 149 0 0 0 0 0 0 0
car 0.0 0 0 64 12 76 29 0 0 0 0 0 0 0
car 0.0 0 0 255 232 267 252 0 0 0 0 0 0 0
car 0.0 0 0 155 235 168 254 0 0 0 0 0 0 0
car 0.0 0 0 265 52 282 73 0 0 0 0 0 0 0
car 0.0 0 0 279 85 290 98 0 0 0 0 0 0 0
car 0.0 0 0 176 223 189 242 0 0 0 0 0 0 0
car 0.0 0 0 155 199 166 215 0 0 0 0 0 0 0
car 0.0 0 0 315 119 330 128 0 0 0 0 0 0 0
car 0.181818181818 0 0 334 183 352 193 0 0 0 0 0 0 0
car 0.0 0 0 13 123 31 132 0 0 0 0 0 0 0
car 0.0 0 0 238 235 250 253 0 0 0 0 0 0 0
car 0.0 0 0 341 231 352 246 0 0 0 0 0 0 0
car 0.0 0 0 113 137 132 163 0 0 0 0 0 0 0
