car 0.0 0 0 311 301 320 315 0 0 0 0 0 0 0
car 0.0 0 0 304 303 313 320 0 0 0 0 0 0 0
car 0.0 0 0 290 261 305 271 0 0 0 0 0 0 0
car 0.0 0 0 333 254 350 266 0 0 0 0 0 0 0
car 0.0 0 0 279 310 294 327 0 0 0 0 0 0 0
car 0.5 0 0 312 343 325 352 0 0 0 0 0 0 0
car 0.0 0 0 14 297 33 315 0 0 0 0 0 0 0
car 0.0 0 0 32 290 51 308 0 0 0 0 0 0 0
car 0.0 0 0 39 262 55 274 0 0 0 0 0 0 0
car 0.0 0 0 133 253 147 267 0 0 0 0 0 0 0
car 0.0 0 0 128 230 143 241 0 0 0 0 0 0 0
car 0.0 0 0 90 244 106 255 0 0 0 0 0 0 0
car 0.0 0 0 185 234 196 249 0 0 0 0 0 0 0
car 0.0 0 0 194 233 202 246 0 0 0 0 0 0 0
car 0.0 0 0 201 230 211 245 0 0 0 0 0 0 0
car 0.0 0 0 64 62 93 78 0 0 0 0 0 0 0
car 0.0 0 0 178 21 208 36 0 0 0 0 0 0 0
car 0.5 0 0 184 0 204 6 0 0 0 0 0 0 0
car 0.818181818182 0 0 283 348 299 352 0 0 0 0 0 0 0
car 0.0 0 0 325 246 346 255 0 0 0 0 0 0 0
car 0.0 0 0 297 281 311 289 0 0 0 0 0 0 0
car 0.0 0 0 84 277 95 288 0 0 0 0 0 0 0
car 0.0 0 0 176 112 195 124 0 0 0 0 0 0 0
car 0.0 0 0 163 217 184 230 0 0 0 0 0 0 0
car 0.0 0 0 145 254 157 268 0 0 0 0 0 0 0
car 0.166666666667 0 0 337 272 352 284 0 0 0 0 0 0 0
car 0.0 0 0 94 273 109 287 0 0 0 0 0 0 0
car 0.0 0 0 303 286 317 300 0 0 0 0 0 0 0
car 0.0 0 0 73 120 94 133 0 0 0 0 0 0 0
car 0.0 0 0 209 199 230 215 0 0 0 0 0 0 0
car 0.0 0 0 308 199 324 208 0 0 0 0 0 0 0
car 0.0 0 0 296 271 309 281 0 0 0 0 0 0 0
car 0.0 0 0 199 104 216 114 0 0 0 0 0 0 0
car 0.0 0 0 102 271 117 281 0 0 0 0 0 0 0
car 0.0 0 0 213 340 226 350 0 0 0 0 0 0 0
car 0.722222222222 0 0 305 347 315 352 0 0 0 0 0 0 0
car 0.0 0 0 275 218 296 231 0 0 0 0 0 0 0
car 0.0 0 0 231 333 246 352 0 0 0 0 0 0 0
car 0.0 0 0 103 139 118 151 0 0 0 0 0 0 0
car 0.0 0 0 109 268 125 277 0 0 0 0 0 0 0
car 0.0 0 0 112 262 135 273 0 0 0 0 0 0 0
car 0.0 0 0 268 320 282 336 0 0 0 0 0 0 0
car 0.0 0 0 259 183 274 194 0 0 0 0 0 0 0
car 0.0 0 0 60 148 81 160 0 0 0 0 0 0 0
car 0.0 0 0 339 333 349 351 0 0 0 0 0 0 0
