car 0.0 0 0 93 308 121 328 0 0 0 0 0 0 0
car 0.545454545455 0 0 75 0 94 10 0 0 0 0 0 0 0
car 0.0 0 0 75 9 91 24 0 0 0 0 0 0 0
car 0.0 0 0 239 162 273 200 0 0 0 0 0 0 0
car 0.307692307692 0 0 89 343 110 352 0 0 0 0 0 0 0
car 0.0 0 0 194 198 216 222 0 0 0 0 0 0 0
car 0.0 0 0 105 303 119 314 0 0 0 0 0 0 0
car 0.0 0 0 265 201 277 219 0 0 0 0 0 0 0
car 0.0 0 0 224 112 250 156 0 0 0 0 0 0 0
car 0.0 0 0 207 99 238 157 0 0 0 0 0 0 0
car 0.0 0 0 216 87 227 104 0 0 0 0 0 0 0
car 0.0 0 0 201 68 214 90 0 0 0 0 0 0 0
car 0.0 0 0 334 174 348 194 0 0 0 0 0 0 0
car 0.941176470588 0 0 108 350 131 352 0 0 0 0 0 0 0
car 0.277777777778 0 0 0 139 13 149 0 0 0 0 0 0 0
car 0.0 0 0 90 41 107 61 0 0 0 0 0 0 0
car 0.0 0 0 110 274 148 307 0 0 0 0 0 0 0
car 0.6 0 0 0 119 6 128 0 0 0 0 0 0 0
car 0.0 0 0 10 183 32 193 0 0 0 0 0 0 0
car 0.0 0 0 17 231 28 246 0 0 0 0 0 0 0
car 0.214285714286 0 0 105 0 114 11 0 0 0 0 0 0 0
car 0.0 0 0 127 266 153 291 0 0 0 0 0 0 0
