car 0.0 0 0 319 243 331 260 0 0 0 0 0 0 0
car 0.0 0 0 311 244 322 262 0 0 0 0 0 0 0
car 0.0 0 0 298 255 309 273 0 0 0 0 0 0 0
car 0.0 0 0 290 256 300 272 0 0 0 0 0 0 0
car 0.0 0 0 274 263 286 282 0 0 0 0 0 0 0
car 0.0 0 0 233 276 244 294 0 0 0 0 0 0 0
car 0.0 0 0 117 320 128 335 0 0 0 0 0 0 0
car 0.0 0 0 69 335 80 351 0 0 0 0 0 0 0
car 0.230769230769 0 0 54 342 64 352 0 0 0 0 0 0 0
car 0.625 0 0 47 346 59 352 0 0 0 0 0 0 0
car 0.733333333333 0 0 39 348 49 352 0 0 0 0 0 0 0
car 0.933333333333 0 0 31 351 42 352 0 0 0 0 0 0 0
car 0.0 0 0 304 254 317 267 0 0 0 0 0 0 0
car 0.0 0 0 139 316 154 334 0 0 0 0 0 0 0
car 0.0 0 0 262 267 279 285 0 0 0 0 0 0 0
car 0.0 0 0 222 315 238 327 0 0 0 0 0 0 0
car 0.0 0 0 95 333 106 348 0 0 0 0 0 0 0
car 0.0 0 0 202 293 211 308 0 0 0 0 0 0 0
car 0.0 0 0 304 254 319 271 0 0 0 0 0 0 0
car 0.0 0 0 186 298 195 311 0 0 0 0 0 0 0
car 0.0 0 0 149 311 155 325 0 0 0 0 0 0 0
car 0.0 0 0 215 286 226 300 0 0 0 0 0 0 0
car 0.0 0 0 128 322 137 339 0 0 0 0 0 0 0
car 0.0 0 0 163 307 173 322 0 0 0 0 0 0 0
car 0.0 0 0 171 306 180 321 0 0 0 0 0 0 0
car 0.0 0 0 103 329 114 346 0 0 0 0 0 0 0
car 0.0 0 0 178 303 188 317 0 0 0 0 0 0 0
car 0.0 0 0 242 278 259 294 0 0 0 0 0 0 0
car 0.0 0 0 328 261 346 274 0 0 0 0 0 0 0
car 0.0 0 0 194 297 203 312 0 0 0 0 0 0 0
car 0.0 0 0 156 310 165 324 0 0 0 0 0 0 0
