car 0.0 0 0 117 64 130 84 0 0 0 0 0 0 0
car 0.0 0 0 68 33 83 41 0 0 0 0 0 0 0
car 0.0 0 0 97 104 116 117 0 0 0 0 0 0 0
car 0.0 0 0 159 55 172 73 0 0 0 0 0 0 0
car 0.0 0 0 73 149 85 169 0 0 0 0 0 0 0
car 0.857142857143 0 0 76 0 83 2 0 0 0 0 0 0 0
car 0.0 0 0 78 60 97 70 0 0 0 0 0 0 0
car 0.0 0 0 192 86 208 90 0 0 0 0 0 0 0
car 0.0 0 0 79 69 100 76 0 0 0 0 0 0 0
car 0.0 0 0 84 83 107 93 0 0 0 0 0 0 0
car 0.0 0 0 101 118 119 135 0 0 0 0 0 0 0
car 0.0 0 0 191 76 204 86 0 0 0 0 0 0 0
car 0.0 0 0 71 42 87 51 0 0 0 0 0 0 0
car 0.0 0 0 27 165 37 180 0 0 0 0 0 0 0
car 0.0 0 0 80 74 106 85 0 0 0 0 0 0 0
car 0.0 0 0 251 16 260 31 0 0 0 0 0 0 0
