car 0.923076923077 0 0 0 19 1 37 0 0 0 0 0 0 0
car 0.8125 0 0 349 68 352 79 0 0 0 0 0 0 0
car 0.0 0 0 318 213 334 224 0 0 0 0 0 0 0
car 0.235294117647 0 0 53 0 59 13 0 0 0 0 0 0 0
car 0.0 0 0 325 319 340 336 0 0 0 0 0 0 0
car 0.55 0 0 343 280 352 294 0 0 0 0 0 0 0
car 0.0 0 0 314 325 323 344 0 0 0 0 0 0 0
car 0.928571428571 0 0 351 306 352 327 0 0 0 0 0 0 0
car 0.2 0 0 42 0 52 12 0 0 0 0 0 0 0
car 0.2 0 0 340 256 352 268 0 0 0 0 0 0 0
car 0.0 0 0 15 9 25 27 0 0 0 0 0 0 0
car 0.0 0 0 293 329 309 347 0 0 0 0 0 0 0
