car 0.0 0 0 107 227 122 246 0 0 0 0 0 0 0
car 0.0 0 0 59 122 86 152 0 0 0 0 0 0 0
car 0.0 0 0 238 87 248 105 0 0 0 0 0 0 0
car 0.0 0 0 278 14 298 28 0 0 0 0 0 0 0
car 0.0 0 0 257 81 269 99 0 0 0 0 0 0 0
car 0.0 0 0 266 101 278 121 0 0 0 0 0 0 0
car 0.0 0 0 258 148 274 155 0 0 0 0 0 0 0
car 0.0 0 0 256 128 264 140 0 0 0 0 0 0 0
car 0.0 0 0 337 114 352 124 0 0 0 0 0 0 0
car 0.0 0 0 334 266 347 284 0 0 0 0 0 0 0
car 0.0 0 0 18 17 35 28 0 0 0 0 0 0 0
car 0.0 0 0 99 137 114 160 0 0 0 0 0 0 0
car 0.0 0 0 259 3 282 15 0 0 0 0 0 0 0
car 0.0 0 0 79 149 90 166 0 0 0 0 0 0 0
car 0.0 0 0 150 327 164 341 0 0 0 0 0 0 0
car 0.571428571429 0 0 157 346 169 352 0 0 0 0 0 0 0
car 0.166666666667 0 0 337 123 352 132 0 0 0 0 0 0 0
car 0.0 0 0 5 115 27 132 0 0 0 0 0 0 0
car 0.0 0 0 166 302 176 319 0 0 0 0 0 0 0
