car 0.0 0 0 75 312 94 334 0 0 0 0 0 0 0
car 0.0 0 0 75 333 91 348 0 0 0 0 0 0 0
car 0.0 0 0 265 97 280 119 0 0 0 0 0 0 0
car 0.0 0 0 78 131 96 158 0 0 0 0 0 0 0
car 0.0 0 0 45 258 56 272 0 0 0 0 0 0 0
car 0.0 0 0 66 238 75 252 0 0 0 0 0 0 0
car 0.0 0 0 297 140 313 161 0 0 0 0 0 0 0
car 0.0 0 0 260 274 276 294 0 0 0 0 0 0 0
car 0.0 0 0 271 65 295 81 0 0 0 0 0 0 0
car 0.966101694915 0 0 0 98 2 129 0 0 0 0 0 0 0
car 0.0 0 0 209 215 231 245 0 0 0 0 0 0 0
car 0.0 0 0 227 4 260 22 0 0 0 0 0 0 0
car 0.0 0 0 89 48 114 62 0 0 0 0 0 0 0
car 0.0 0 0 149 122 170 134 0 0 0 0 0 0 0
car 0.0 0 0 40 46 51 64 0 0 0 0 0 0 0
car 0.0 0 0 57 73 77 87 0 0 0 0 0 0 0
car 0.0 0 0 242 81 256 90 0 0 0 0 0 0 0
car 0.0 0 0 239 22 255 30 0 0 0 0 0 0 0
car 0.0 0 0 168 127 199 153 0 0 0 0 0 0 0
car 0.0 0 0 320 29 334 42 0 0 0 0 0 0 0
car 0.0 0 0 66 136 80 152 0 0 0 0 0 0 0
car 0.0 0 0 141 57 160 66 0 0 0 0 0 0 0
car 0.0 0 0 237 60 252 69 0 0 0 0 0 0 0
car 0.0 0 0 269 9 285 20 0 0 0 0 0 0 0
car 0.0 0 0 65 82 87 96 0 0 0 0 0 0 0
car 0.0 0 0 156 2 174 11 0 0 0 0 0 0 0
car 0.625 0 0 0 195 9 207 0 0 0 0 0 0 0
car 0.0 0 0 89 63 106 71 0 0 0 0 0 0 0
car 0.133333333333 0 0 0 113 13 120 0 0 0 0 0 0 0
car 0.0 0 0 168 34 186 50 0 0 0 0 0 0 0
car 0.0 0 0 28 213 46 245 0 0 0 0 0 0 0
car 0.0 0 0 128 29 166 49 0 0 0 0 0 0 0
car 0.0 0 0 284 36 317 52 0 0 0 0 0 0 0
car 0.0 0 0 221 87 239 98 0 0 0 0 0 0 0
car 0.0 0 0 95 131 108 147 0 0 0 0 0 0 0
car 0.0 0 0 78 112 92 120 0 0 0 0 0 0 0
car 0.0 0 0 154 146 170 166 0 0 0 0 0 0 0
car 0.0 0 0 54 49 68 65 0 0 0 0 0 0 0
car 0.0 0 0 80 294 95 319 0 0 0 0 0 0 0
car 0.0 0 0 92 27 114 38 0 0 0 0 0 0 0
car 0.0 0 0 105 321 114 335 0 0 0 0 0 0 0
car 0.0 0 0 254 77 269 86 0 0 0 0 0 0 0
car 0.0 0 0 120 53 140 62 0 0 0 0 0 0 0
car 0.0 0 0 208 19 221 33 0 0 0 0 0 0 0
car 0.0 0 0 17 89 36 103 0 0 0 0 0 0 0
car 0.0 0 0 158 176 211 209 0 0 0 0 0 0 0
car 0.0 0 0 41 95 54 107 0 0 0 0 0 0 0
