car 0.0 0 0 202 128 218 138 0 0 0 0 0 0 0
car 0.0 0 0 202 135 214 151 0 0 0 0 0 0 0
car 0.0 0 0 128 169 141 186 0 0 0 0 0 0 0
car 0.0 0 0 262 108 278 128 0 0 0 0 0 0 0
car 0.0 0 0 279 99 289 124 0 0 0 0 0 0 0
car 0.0 0 0 287 103 300 117 0 0 0 0 0 0 0
car 0.0 0 0 102 175 114 193 0 0 0 0 0 0 0
car 0.0 0 0 79 146 92 157 0 0 0 0 0 0 0
car 0.0 0 0 21 151 36 175 0 0 0 0 0 0 0
car 0.0 0 0 292 68 317 78 0 0 0 0 0 0 0
car 0.0 0 0 62 153 82 168 0 0 0 0 0 0 0
car 0.0 0 0 170 140 187 150 0 0 0 0 0 0 0
car 0.0 0 0 145 155 164 173 0 0 0 0 0 0 0
car 0.0 0 0 120 136 137 145 0 0 0 0 0 0 0
car 0.0 0 0 2 210 20 226 0 0 0 0 0 0 0
car 0.0 0 0 324 57 338 72 0 0 0 0 0 0 0
car 0.0 0 0 304 96 315 114 0 0 0 0 0 0 0
car 0.153846153846 0 0 341 81 352 98 0 0 0 0 0 0 0
car 0.0 0 0 219 130 231 149 0 0 0 0 0 0 0
car 0.0 0 0 49 194 61 214 0 0 0 0 0 0 0
car 0.0 0 0 242 114 256 130 0 0 0 0 0 0 0
car 0.875 0 0 0 212 2 230 0 0 0 0 0 0 0
car 0.0 0 0 19 202 33 223 0 0 0 0 0 0 0
car 0.6 0 0 346 37 352 54 0 0 0 0 0 0 0
car 0.0 0 0 226 126 243 146 0 0 0 0 0 0 0
car 0.0 0 0 0 163 11 183 0 0 0 0 0 0 0
car 0.0 0 0 35 151 48 170 0 0 0 0 0 0 0
car 0.0 0 0 170 150 184 165 0 0 0 0 0 0 0
car 0.923076923077 0 0 0 170 1 187 0 0 0 0 0 0 0
car 0.0 0 0 9 161 20 181 0 0 0 0 0 0 0
car 0.0 0 0 111 158 130 173 0 0 0 0 0 0 0
car 0.0 0 0 34 200 49 217 0 0 0 0 0 0 0
car 0.0 0 0 265 81 288 95 0 0 0 0 0 0 0
car 0.0 0 0 155 120 179 131 0 0 0 0 0 0 0
car 0.0 0 0 329 85 342 102 0 0 0 0 0 0 0
car 0.0 0 0 317 82 334 104 0 0 0 0 0 0 0
car 0.0 0 0 59 187 67 207 0 0 0 0 0 0 0
car 0.0 0 0 223 101 237 113 0 0 0 0 0 0 0
