car 0.666666666667 0 0 349 30 352 42 0 0 0 0 0 0 0
car 0.0 0 0 303 47 313 62 0 0 0 0 0 0 0
car 0.0 0 0 233 162 251 173 0 0 0 0 0 0 0
car 0.826086956522 0 0 348 211 352 224 0 0 0 0 0 0 0
car 0.0 0 0 173 125 192 136 0 0 0 0 0 0 0
car 0.0 0 0 107 164 125 175 0 0 0 0 0 0 0
car 0.0 0 0 199 134 209 149 0 0 0 0 0 0 0
car 0.0 0 0 209 131 219 147 0 0 0 0 0 0 0
car 0.0 0 0 220 126 228 143 0 0 0 0 0 0 0
car 0.0 0 0 229 122 238 139 0 0 0 0 0 0 0
car 0.0 0 0 266 108 279 126 0 0 0 0 0 0 0
car 0.0 0 0 294 139 310 149 0 0 0 0 0 0 0
car 0.0 0 0 178 169 193 179 0 0 0 0 0 0 0
car 0.0 0 0 160 176 174 187 0 0 0 0 0 0 0
car 0.0 0 0 160 187 178 198 0 0 0 0 0 0 0
car 0.0 0 0 259 141 275 150 0 0 0 0 0 0 0
car 0.0 0 0 250 144 265 156 0 0 0 0 0 0 0
car 0.0 0 0 241 149 254 157 0 0 0 0 0 0 0
car 0.0 0 0 140 201 153 212 0 0 0 0 0 0 0
car 0.0 0 0 143 209 156 221 0 0 0 0 0 0 0
car 0.0 0 0 180 214 192 231 0 0 0 0 0 0 0
car 0.0 0 0 198 210 207 224 0 0 0 0 0 0 0
car 0.0 0 0 212 203 223 219 0 0 0 0 0 0 0
car 0.0 0 0 261 225 298 247 0 0 0 0 0 0 0
car 0.0 0 0 136 279 186 304 0 0 0 0 0 0 0
car 0.0 0 0 116 148 133 158 0 0 0 0 0 0 0
car 0.0 0 0 128 265 147 279 0 0 0 0 0 0 0
car 0.902777777778 0 0 0 0 2 14 0 0 0 0 0 0 0
car 0.0 0 0 315 199 336 209 0 0 0 0 0 0 0
car 0.0 0 0 149 148 162 165 0 0 0 0 0 0 0
car 0.0 0 0 313 297 331 313 0 0 0 0 0 0 0
car 0.0 0 0 317 190 338 200 0 0 0 0 0 0 0
car 0.0 0 0 142 6 161 24 0 0 0 0 0 0 0
car 0.0 0 0 69 277 89 290 0 0 0 0 0 0 0
car 0.0 0 0 138 194 149 205 0 0 0 0 0 0 0
car 0.0 0 0 204 238 228 249 0 0 0 0 0 0 0
car 0.0 0 0 194 178 209 189 0 0 0 0 0 0 0
car 0.0 0 0 210 101 229 112 0 0 0 0 0 0 0
car 0.0 0 0 295 51 304 64 0 0 0 0 0 0 0
car 0.0 0 0 200 163 214 174 0 0 0 0 0 0 0
car 0.0 0 0 170 140 183 162 0 0 0 0 0 0 0
car 0.0 0 0 311 163 327 184 0 0 0 0 0 0 0
car 0.0 0 0 318 43 328 61 0 0 0 0 0 0 0
car 0.55 0 0 1 0 17 9 0 0 0 0 0 0 0
car 0.0 0 0 237 121 249 139 0 0 0 0 0 0 0
car 0.0 0 0 336 38 346 53 0 0 0 0 0 0 0
car 0.266666666667 0 0 341 35 352 53 0 0 0 0 0 0 0
car 0.0 0 0 211 161 225 171 0 0 0 0 0 0 0
car 0.0 0 0 327 42 337 57 0 0 0 0 0 0 0
car 0.0 0 0 35 300 55 315 0 0 0 0 0 0 0
