car 0.0 0 0 159 263 183 286 0 0 0 0 0 0 0
car 0.266666666667 0 0 117 0 128 11 0 0 0 0 0 0 0
car 0.0 0 0 69 11 80 27 0 0 0 0 0 0 0
car 0.0 0 0 54 18 64 31 0 0 0 0 0 0 0
car 0.0 0 0 47 22 59 38 0 0 0 0 0 0 0
car 0.0 0 0 39 24 49 39 0 0 0 0 0 0 0
car 0.0 0 0 31 27 42 42 0 0 0 0 0 0 0
car 0.0 0 0 25 30 34 42 0 0 0 0 0 0 0
car 0.0 0 0 24 211 47 224 0 0 0 0 0 0 0
car 0.0 0 0 284 91 301 103 0 0 0 0 0 0 0
car 0.0 0 0 67 159 87 171 0 0 0 0 0 0 0
car 0.0 0 0 317 151 338 164 0 0 0 0 0 0 0
car 0.428571428571 0 0 0 199 12 209 0 0 0 0 0 0 0
car 0.444444444444 0 0 139 0 154 10 0 0 0 0 0 0 0
car 0.75 0 0 222 0 238 3 0 0 0 0 0 0 0
car 0.0 0 0 95 9 106 24 0 0 0 0 0 0 0
car 0.611111111111 0 0 0 297 7 313 0 0 0 0 0 0 0
car 0.333333333333 0 0 0 190 14 200 0 0 0 0 0 0 0
car 0.0 0 0 331 241 342 255 0 0 0 0 0 0 0
car 0.928571428571 0 0 149 0 155 1 0 0 0 0 0 0 0
car 0.0 0 0 88 42 108 50 0 0 0 0 0 0 0
car 0.0 0 0 89 41 111 53 0 0 0 0 0 0 0
car 0.0 0 0 313 76 335 93 0 0 0 0 0 0 0
car 0.0 0 0 37 42 66 55 0 0 0 0 0 0 0
car 0.117647058824 0 0 128 0 137 15 0 0 0 0 0 0 0
car 0.8125 0 0 0 163 3 184 0 0 0 0 0 0 0
car 0.0 0 0 195 126 217 138 0 0 0 0 0 0 0
car 0.6 0 0 0 43 4 61 0 0 0 0 0 0 0
car 0.0 0 0 39 266 64 287 0 0 0 0 0 0 0
car 0.0 0 0 103 5 114 22 0 0 0 0 0 0 0
car 0.0 0 0 54 77 63 107 0 0 0 0 0 0 0
car 0.0 0 0 12 38 22 53 0 0 0 0 0 0 0
car 0.0 0 0 17 35 32 53 0 0 0 0 0 0 0
car 0.0 0 0 127 145 153 161 0 0 0 0 0 0 0
car 0.0 0 0 3 42 13 57 0 0 0 0 0 0 0
car 0.0 0 0 81 28 108 42 0 0 0 0 0 0 0
car 0.0 0 0 175 118 197 131 0 0 0 0 0 0 0
car 1.0 0 0 156 0 165 0 0 0 0 0 0 0 0
