car 0.0 0 0 9 254 26 266 0 0 0 0 0 0 0
car 0.961538461538 0 0 0 343 1 352 0 0 0 0 0 0 0
car 0.266666666667 0 0 47 0 56 11 0 0 0 0 0 0 0
car 0.0 0 0 1 246 22 255 0 0 0 0 0 0 0
car 0.826086956522 0 0 76 0 91 4 0 0 0 0 0 0 0
car 0.0 0 0 53 320 59 337 0 0 0 0 0 0 0
car 0.0 0 0 137 47 156 56 0 0 0 0 0 0 0
car 0.0 0 0 278 238 292 252 0 0 0 0 0 0 0
car 0.0 0 0 102 300 113 313 0 0 0 0 0 0 0
car 0.0 0 0 112 297 120 314 0 0 0 0 0 0 0
car 0.0 0 0 13 272 31 284 0 0 0 0 0 0 0
car 0.0 0 0 158 94 173 105 0 0 0 0 0 0 0
car 1.0 0 0 0 199 0 208 0 0 0 0 0 0 0
car 0.0 0 0 42 321 52 336 0 0 0 0 0 0 0
car 0.0 0 0 30 3 42 22 0 0 0 0 0 0 0
car 0.9 0 0 351 165 352 180 0 0 0 0 0 0 0
car 0.0 0 0 39 1 51 17 0 0 0 0 0 0 0
car 0.0 0 0 99 56 115 65 0 0 0 0 0 0 0
car 0.0 0 0 105 76 123 88 0 0 0 0 0 0 0
car 0.0 0 0 279 194 292 208 0 0 0 0 0 0 0
car 0.0 0 0 293 237 306 253 0 0 0 0 0 0 0
car 0.0 0 0 15 333 25 351 0 0 0 0 0 0 0
