car 0.2 0 0 31 0 43 12 0 0 0 0 0 0 0
car 0.0 0 0 26 10 35 24 0 0 0 0 0 0 0
car 0.0 0 0 8 50 17 64 0 0 0 0 0 0 0
car 0.0 0 0 3 62 14 74 0 0 0 0 0 0 0
car 0.0 0 0 39 66 50 78 0 0 0 0 0 0 0
car 0.0 0 0 50 66 58 79 0 0 0 0 0 0 0
car 0.9 0 0 0 87 1 102 0 0 0 0 0 0 0
car 0.0 0 0 13 91 23 109 0 0 0 0 0 0 0
car 0.0 0 0 47 111 60 121 0 0 0 0 0 0 0
car 0.0 0 0 57 118 70 134 0 0 0 0 0 0 0
car 0.0 0 0 57 81 67 98 0 0 0 0 0 0 0
car 0.0 0 0 75 88 88 103 0 0 0 0 0 0 0
car 0.0 0 0 69 85 78 99 0 0 0 0 0 0 0
car 0.0 0 0 274 8 287 21 0 0 0 0 0 0 0
car 0.0714285714286 0 0 299 0 310 13 0 0 0 0 0 0 0
car 0.0 0 0 334 38 348 53 0 0 0 0 0 0 0
car 0.0 0 0 332 49 345 66 0 0 0 0 0 0 0
car 0.0 0 0 308 58 321 73 0 0 0 0 0 0 0
