car 0.0 0 0 137 335 152 352 0 0 0 0 0 0 0
car 0.0 0 0 150 308 163 326 0 0 0 0 0 0 0
car 0.833333333333 0 0 156 350 178 352 0 0 0 0 0 0 0
car 0.142857142857 0 0 158 346 175 352 0 0 0 0 0 0 0
car 0.0 0 0 179 333 198 341 0 0 0 0 0 0 0
car 0.0 0 0 162 338 176 345 0 0 0 0 0 0 0
car 0.0 0 0 166 331 182 339 0 0 0 0 0 0 0
car 0.0 0 0 178 340 191 352 0 0 0 0 0 0 0
car 0.0 0 0 168 307 186 320 0 0 0 0 0 0 0
car 0.0 0 0 158 279 170 293 0 0 0 0 0 0 0
car 0.0 0 0 142 244 166 253 0 0 0 0 0 0 0
car 0.0 0 0 122 248 139 256 0 0 0 0 0 0 0
car 0.0 0 0 136 268 155 279 0 0 0 0 0 0 0
car 0.0 0 0 53 264 65 278 0 0 0 0 0 0 0
car 0.0 0 0 111 270 131 283 0 0 0 0 0 0 0
car 0.0 0 0 133 298 151 308 0 0 0 0 0 0 0
car 0.0 0 0 88 263 109 275 0 0 0 0 0 0 0
car 0.0 0 0 201 270 218 279 0 0 0 0 0 0 0
car 0.0 0 0 195 253 205 265 0 0 0 0 0 0 0
car 0.0 0 0 211 298 224 311 0 0 0 0 0 0 0
car 0.0 0 0 116 315 130 325 0 0 0 0 0 0 0
car 0.0 0 0 128 326 140 337 0 0 0 0 0 0 0
car 0.0 0 0 135 308 147 324 0 0 0 0 0 0 0
car 0.0 0 0 112 301 131 316 0 0 0 0 0 0 0
car 0.0 0 0 58 256 75 267 0 0 0 0 0 0 0
car 0.0 0 0 252 306 259 320 0 0 0 0 0 0 0
car 0.0 0 0 258 308 268 324 0 0 0 0 0 0 0
car 0.0 0 0 273 315 282 331 0 0 0 0 0 0 0
car 0.0 0 0 251 273 259 285 0 0 0 0 0 0 0
car 0.0 0 0 294 297 314 305 0 0 0 0 0 0 0
car 0.0 0 0 320 333 329 345 0 0 0 0 0 0 0
car 0.0 0 0 327 333 339 348 0 0 0 0 0 0 0
car 0.388888888889 0 0 335 341 349 352 0 0 0 0 0 0 0
car 0.545454545455 0 0 347 331 352 345 0 0 0 0 0 0 0
car 0.0 0 0 188 211 201 227 0 0 0 0 0 0 0
car 0.0 0 0 167 201 186 217 0 0 0 0 0 0 0
car 0.0 0 0 43 220 69 232 0 0 0 0 0 0 0
car 0.0 0 0 248 264 289 281 0 0 0 0 0 0 0
car 0.0 0 0 299 277 315 296 0 0 0 0 0 0 0
car 0.0 0 0 173 189 195 200 0 0 0 0 0 0 0
car 0.0 0 0 183 179 198 187 0 0 0 0 0 0 0
car 0.0 0 0 241 166 256 179 0 0 0 0 0 0 0
car 0.0 0 0 233 162 244 178 0 0 0 0 0 0 0
car 0.0 0 0 232 190 242 202 0 0 0 0 0 0 0
car 0.0 0 0 265 138 280 144 0 0 0 0 0 0 0
car 0.0 0 0 258 129 279 137 0 0 0 0 0 0 0
car 0.0 0 0 232 80 245 92 0 0 0 0 0 0 0
car 0.0 0 0 263 119 281 126 0 0 0 0 0 0 0
