car 0.444444444444 0 0 0 333 5 345 0 0 0 0 0 0 0
car 0.0 0 0 3 333 15 348 0 0 0 0 0 0 0
car 0.388888888889 0 0 11 341 25 352 0 0 0 0 0 0 0
car 0.0 0 0 23 331 34 345 0 0 0 0 0 0 0
car 0.0 0 0 32 334 44 349 0 0 0 0 0 0 0
car 0.0 0 0 28 295 39 308 0 0 0 0 0 0 0
car 0.0 0 0 41 312 57 322 0 0 0 0 0 0 0
car 0.0 0 0 164 43 172 55 0 0 0 0 0 0 0
car 0.0 0 0 176 79 192 88 0 0 0 0 0 0 0
car 0.0 0 0 176 70 196 81 0 0 0 0 0 0 0
car 0.0 0 0 180 66 199 73 0 0 0 0 0 0 0
car 0.0 0 0 185 59 202 67 0 0 0 0 0 0 0
car 0.0 0 0 186 51 205 62 0 0 0 0 0 0 0
car 0.0 0 0 198 40 208 53 0 0 0 0 0 0 0
car 0.0 0 0 150 74 161 85 0 0 0 0 0 0 0
car 0.0 0 0 296 132 311 150 0 0 0 0 0 0 0
car 0.0 0 0 312 115 324 127 0 0 0 0 0 0 0
car 0.0 0 0 293 115 303 130 0 0 0 0 0 0 0
car 0.777777777778 0 0 350 334 352 348 0 0 0 0 0 0 0
car 0.4 0 0 219 343 233 352 0 0 0 0 0 0 0
car 0.909090909091 0 0 235 350 256 352 0 0 0 0 0 0 0
car 0.0 0 0 158 54 168 67 0 0 0 0 0 0 0
