car 0.0 0 0 27 294 44 316 0 0 0 0 0 0 0
car 0.444444444444 0 0 0 9 5 21 0 0 0 0 0 0 0
car 0.0 0 0 3 9 15 24 0 0 0 0 0 0 0
car 0.0 0 0 11 17 25 35 0 0 0 0 0 0 0
car 0.0 0 0 23 7 34 21 0 0 0 0 0 0 0
car 0.0 0 0 32 10 44 25 0 0 0 0 0 0 0
car 0.777777777778 0 0 350 10 352 24 0 0 0 0 0 0 0
car 0.0 0 0 332 50 341 64 0 0 0 0 0 0 0
car 0.0 0 0 327 62 338 74 0 0 0 0 0 0 0
car 0.0 0 0 219 19 233 34 0 0 0 0 0 0 0
car 0.0 0 0 235 26 256 48 0 0 0 0 0 0 0
car 0.0 0 0 178 60 188 74 0 0 0 0 0 0 0
car 0.0 0 0 193 62 206 75 0 0 0 0 0 0 0
car 0.0 0 0 212 66 222 80 0 0 0 0 0 0 0
car 0.0 0 0 202 75 213 85 0 0 0 0 0 0 0
car 0.0 0 0 277 73 297 84 0 0 0 0 0 0 0
car 0.0 0 0 299 80 309 95 0 0 0 0 0 0 0
car 0.0 0 0 308 83 317 97 0 0 0 0 0 0 0
car 0.0 0 0 315 87 325 102 0 0 0 0 0 0 0
car 0.0 0 0 337 91 347 109 0 0 0 0 0 0 0
