car 1.0 0 0 0 115 0 127 0 0 0 0 0 0 0
car 0.0 0 0 138 82 151 92 0 0 0 0 0 0 0
car 0.0 0 0 144 123 161 140 0 0 0 0 0 0 0
car 0.0 0 0 102 60 120 75 0 0 0 0 0 0 0
car 0.0 0 0 102 89 120 106 0 0 0 0 0 0 0
car 0.0 0 0 96 115 111 126 0 0 0 0 0 0 0
car 0.0 0 0 100 121 117 135 0 0 0 0 0 0 0
car 0.0 0 0 105 133 119 142 0 0 0 0 0 0 0
car 0.0 0 0 111 136 126 149 0 0 0 0 0 0 0
car 0.0 0 0 171 116 187 130 0 0 0 0 0 0 0
car 0.0 0 0 169 88 185 97 0 0 0 0 0 0 0
car 0.0 0 0 170 96 186 106 0 0 0 0 0 0 0
car 0.0 0 0 176 128 194 138 0 0 0 0 0 0 0
car 0.0 0 0 183 136 197 145 0 0 0 0 0 0 0
car 0.0 0 0 157 164 170 176 0 0 0 0 0 0 0
car 0.0 0 0 172 165 186 176 0 0 0 0 0 0 0
car 0.0 0 0 180 190 195 207 0 0 0 0 0 0 0
car 0.0 0 0 198 157 215 171 0 0 0 0 0 0 0
car 0.0 0 0 207 172 226 183 0 0 0 0 0 0 0
car 0.0 0 0 80 214 91 229 0 0 0 0 0 0 0
car 0.0 0 0 67 239 79 254 0 0 0 0 0 0 0
car 0.0 0 0 61 255 72 267 0 0 0 0 0 0 0
car 0.0 0 0 47 291 54 305 0 0 0 0 0 0 0
car 0.0 0 0 52 278 61 291 0 0 0 0 0 0 0
car 0.0 0 0 57 264 68 277 0 0 0 0 0 0 0
car 0.0 0 0 31 321 43 336 0 0 0 0 0 0 0
car 0.0 0 0 26 334 35 348 0 0 0 0 0 0 0
car 0.0 0 0 249 277 258 291 0 0 0 0 0 0 0
car 0.0 0 0 274 332 287 345 0 0 0 0 0 0 0
car 0.0 0 0 299 323 310 337 0 0 0 0 0 0 0
car 0.0 0 0 274 182 300 196 0 0 0 0 0 0 0
car 0.0 0 0 331 281 338 292 0 0 0 0 0 0 0
car 0.0 0 0 319 281 330 297 0 0 0 0 0 0 0
car 0.0 0 0 320 174 343 197 0 0 0 0 0 0 0
car 0.0 0 0 234 66 251 81 0 0 0 0 0 0 0
car 0.0 0 0 260 58 277 69 0 0 0 0 0 0 0
car 0.0 0 0 77 25 94 42 0 0 0 0 0 0 0
car 0.0 0 0 272 23 286 35 0 0 0 0 0 0 0
car 0.0 0 0 278 14 290 28 0 0 0 0 0 0 0
car 0.0 0 0 287 10 297 25 0 0 0 0 0 0 0
car 0.0 0 0 75 84 90 96 0 0 0 0 0 0 0
