car 0.0 0 0 236 18 254 27 0 0 0 0 0 0 0
car 0.0 0 0 317 16 338 26 0 0 0 0 0 0 0
car 0.0 0 0 82 321 89 335 0 0 0 0 0 0 0
car 0.636363636364 0 0 0 278 4 291 0 0 0 0 0 0 0
car 0.0 0 0 66 309 74 325 0 0 0 0 0 0 0
car 0.0 0 0 63 286 73 303 0 0 0 0 0 0 0
car 0.0 0 0 200 332 217 347 0 0 0 0 0 0 0
car 0.0 0 0 70 267 79 281 0 0 0 0 0 0 0
car 0.0 0 0 288 324 302 334 0 0 0 0 0 0 0
car 0.0 0 0 301 320 314 328 0 0 0 0 0 0 0
car 0.0 0 0 333 296 351 307 0 0 0 0 0 0 0
car 0.0 0 0 232 236 247 260 0 0 0 0 0 0 0
car 0.0 0 0 331 311 352 323 0 0 0 0 0 0 0
car 0.944444444444 0 0 351 308 352 318 0 0 0 0 0 0 0
car 0.363636363636 0 0 345 154 352 170 0 0 0 0 0 0 0
car 0.0 0 0 321 149 329 166 0 0 0 0 0 0 0
car 0.0 0 0 313 149 320 162 0 0 0 0 0 0 0
car 0.0 0 0 305 149 313 160 0 0 0 0 0 0 0
car 0.0 0 0 295 147 303 160 0 0 0 0 0 0 0
car 0.0 0 0 285 144 295 155 0 0 0 0 0 0 0
car 0.444444444444 0 0 347 117 352 129 0 0 0 0 0 0 0
car 0.0 0 0 340 113 347 125 0 0 0 0 0 0 0
car 0.0 0 0 321 111 331 124 0 0 0 0 0 0 0
car 0.0 0 0 312 109 321 123 0 0 0 0 0 0 0
car 0.0 0 0 305 108 313 121 0 0 0 0 0 0 0
car 0.0 0 0 296 106 307 122 0 0 0 0 0 0 0
car 0.0 0 0 288 103 296 118 0 0 0 0 0 0 0
car 0.0 0 0 75 215 84 233 0 0 0 0 0 0 0
car 0.0 0 0 12 242 24 253 0 0 0 0 0 0 0
car 0.0 0 0 6 230 16 243 0 0 0 0 0 0 0
car 0.0 0 0 26 215 36 229 0 0 0 0 0 0 0
car 0.0 0 0 18 192 31 210 0 0 0 0 0 0 0
car 0.0 0 0 32 189 44 203 0 0 0 0 0 0 0
car 0.0 0 0 70 176 79 190 0 0 0 0 0 0 0
car 0.0 0 0 35 158 44 173 0 0 0 0 0 0 0
car 0.0 0 0 86 158 95 174 0 0 0 0 0 0 0
car 0.0 0 0 53 138 62 154 0 0 0 0 0 0 0
car 0.0 0 0 49 115 61 131 0 0 0 0 0 0 0
car 0.0 0 0 61 109 71 123 0 0 0 0 0 0 0
car 0.0 0 0 53 87 66 108 0 0 0 0 0 0 0
car 0.0 0 0 70 77 79 89 0 0 0 0 0 0 0
car 0.0 0 0 61 57 70 71 0 0 0 0 0 0 0
car 0.0 0 0 101 56 110 71 0 0 0 0 0 0 0
car 0.0 0 0 79 35 89 55 0 0 0 0 0 0 0
car 0.0 0 0 169 25 194 53 0 0 0 0 0 0 0
car 0.0 0 0 161 82 179 93 0 0 0 0 0 0 0
car 0.0 0 0 230 35 249 42 0 0 0 0 0 0 0
car 0.0 0 0 260 67 269 84 0 0 0 0 0 0 0
car 0.0 0 0 265 28 279 47 0 0 0 0 0 0 0
car 0.0 0 0 220 73 240 81 0 0 0 0 0 0 0
car 0.0 0 0 201 76 217 86 0 0 0 0 0 0 0
car 0.0 0 0 200 86 219 96 0 0 0 0 0 0 0
car 0.0 0 0 221 83 236 90 0 0 0 0 0 0 0
car 0.0 0 0 222 91 237 99 0 0 0 0 0 0 0
car 0.0 0 0 300 55 317 65 0 0 0 0 0 0 0
car 0.0 0 0 294 32 303 47 0 0 0 0 0 0 0
car 0.142857142857 0 0 334 56 352 65 0 0 0 0 0 0 0
car 0.0 0 0 298 22 308 34 0 0 0 0 0 0 0
car 0.0 0 0 311 30 329 39 0 0 0 0 0 0 0
car 0.0 0 0 316 24 334 31 0 0 0 0 0 0 0
