car 0.0 0 0 9 239 24 250 0 0 0 0 0 0 0
car 0.0 0 0 23 214 39 223 0 0 0 0 0 0 0
car 0.0 0 0 79 224 92 238 0 0 0 0 0 0 0
car 0.0 0 0 93 218 107 235 0 0 0 0 0 0 0
car 0.0 0 0 109 212 123 227 0 0 0 0 0 0 0
car 0.0 0 0 121 206 135 223 0 0 0 0 0 0 0
car 0.0 0 0 130 203 142 218 0 0 0 0 0 0 0
car 0.0 0 0 136 198 152 213 0 0 0 0 0 0 0
car 0.0 0 0 148 193 160 210 0 0 0 0 0 0 0
car 0.0 0 0 157 189 173 206 0 0 0 0 0 0 0
car 0.0 0 0 212 82 220 90 0 0 0 0 0 0 0
car 0.0 0 0 205 83 212 93 0 0 0 0 0 0 0
car 0.0 0 0 280 334 292 347 0 0 0 0 0 0 0
car 0.0 0 0 278 299 289 317 0 0 0 0 0 0 0
car 0.0 0 0 290 300 307 317 0 0 0 0 0 0 0
car 0.0 0 0 317 278 328 291 0 0 0 0 0 0 0
car 0.0 0 0 336 242 348 253 0 0 0 0 0 0 0
car 0.0 0 0 330 230 340 243 0 0 0 0 0 0 0
car 0.8 0 0 350 215 352 229 0 0 0 0 0 0 0
car 0.230769230769 0 0 342 192 352 210 0 0 0 0 0 0 0
