car 0.0 0 0 12 275 24 287 0 0 0 0 0 0 0
car 0.0 0 0 14 106 25 121 0 0 0 0 0 0 0
car 0.0 0 0 37 103 48 119 0 0 0 0 0 0 0
car 0.0 0 0 33 90 43 104 0 0 0 0 0 0 0
car 0.0 0 0 54 65 67 80 0 0 0 0 0 0 0
car 0.0 0 0 49 53 63 70 0 0 0 0 0 0 0
car 0.0 0 0 51 37 63 54 0 0 0 0 0 0 0
car 0.0 0 0 70 32 79 47 0 0 0 0 0 0 0
car 0.214285714286 0 0 82 0 89 11 0 0 0 0 0 0 0
car 0.9375 0 0 66 0 74 1 0 0 0 0 0 0 0
car 0.0 0 0 200 8 217 23 0 0 0 0 0 0 0
car 0.0 0 0 288 0 302 10 0 0 0 0 0 0 0
car 0.5 0 0 301 0 314 4 0 0 0 0 0 0 0
car 0.0 0 0 126 304 137 323 0 0 0 0 0 0 0
