car 0.333333333333 0 0 0 16 14 26 0 0 0 0 0 0 0
car 0.0 0 0 51 17 70 26 0 0 0 0 0 0 0
car 0.0 0 0 9 296 27 307 0 0 0 0 0 0 0
car 0.0 0 0 7 311 28 323 0 0 0 0 0 0 0
car 0.0 0 0 27 308 45 318 0 0 0 0 0 0 0
car 0.0 0 0 137 328 148 340 0 0 0 0 0 0 0
car 0.0 0 0 144 325 156 337 0 0 0 0 0 0 0
car 0.0 0 0 152 323 165 334 0 0 0 0 0 0 0
car 0.0 0 0 211 328 223 342 0 0 0 0 0 0 0
car 0.0 0 0 97 220 105 234 0 0 0 0 0 0 0
car 0.0 0 0 98 248 113 265 0 0 0 0 0 0 0
car 0.0 0 0 79 224 89 237 0 0 0 0 0 0 0
car 0.0 0 0 21 154 32 170 0 0 0 0 0 0 0
car 0.375 0 0 0 149 5 166 0 0 0 0 0 0 0
car 0.0 0 0 33 149 46 157 0 0 0 0 0 0 0
car 0.0 0 0 30 136 49 145 0 0 0 0 0 0 0
car 0.0 0 0 34 117 48 129 0 0 0 0 0 0 0
car 0.0 0 0 23 117 32 129 0 0 0 0 0 0 0
car 0.0 0 0 16 113 23 125 0 0 0 0 0 0 0
car 0.3 0 0 0 111 7 124 0 0 0 0 0 0 0
car 0.0 0 0 10 56 31 65 0 0 0 0 0 0 0
car 0.722222222222 0 0 0 30 5 39 0 0 0 0 0 0 0
car 0.444444444444 0 0 0 24 10 31 0 0 0 0 0 0 0
car 0.0 0 0 45 46 64 54 0 0 0 0 0 0 0
car 0.0 0 0 44 41 62 47 0 0 0 0 0 0 0
car 0.0 0 0 45 30 64 39 0 0 0 0 0 0 0
