car 0.266666666667 0 0 0 326 11 338 0 0 0 0 0 0 0
car 0.0 0 0 93 296 105 306 0 0 0 0 0 0 0
car 0.0 0 0 37 267 50 277 0 0 0 0 0 0 0
car 0.0 0 0 94 220 108 232 0 0 0 0 0 0 0
car 0.0 0 0 116 219 132 232 0 0 0 0 0 0 0
car 0.0 0 0 110 244 123 255 0 0 0 0 0 0 0
car 0.0 0 0 211 274 227 286 0 0 0 0 0 0 0
car 0.0 0 0 247 259 261 270 0 0 0 0 0 0 0
car 0.0 0 0 209 169 226 179 0 0 0 0 0 0 0
car 0.0 0 0 247 173 263 183 0 0 0 0 0 0 0
car 0.0 0 0 243 182 259 192 0 0 0 0 0 0 0
car 0.7 0 0 349 256 352 271 0 0 0 0 0 0 0
car 0.0 0 0 318 131 328 143 0 0 0 0 0 0 0
car 0.0 0 0 326 193 335 208 0 0 0 0 0 0 0
car 0.0 0 0 308 25 317 40 0 0 0 0 0 0 0
car 0.0 0 0 123 9 135 22 0 0 0 0 0 0 0
car 0.0 0 0 113 139 129 151 0 0 0 0 0 0 0
car 0.0 0 0 150 3 177 24 0 0 0 0 0 0 0
car 0.88 0 0 39 0 51 3 0 0 0 0 0 0 0
