car 0.8 0 0 308 349 317 352 0 0 0 0 0 0 0
car 0.0 0 0 123 333 135 346 0 0 0 0 0 0 0
car 0.0 0 0 201 243 217 266 0 0 0 0 0 0 0
car 0.0 0 0 211 211 223 233 0 0 0 0 0 0 0
car 0.0 0 0 314 189 324 202 0 0 0 0 0 0 0
car 0.0 0 0 39 231 57 240 0 0 0 0 0 0 0
car 0.0 0 0 168 154 183 161 0 0 0 0 0 0 0
car 0.0 0 0 152 162 163 175 0 0 0 0 0 0 0
car 0.0 0 0 171 135 187 143 0 0 0 0 0 0 0
car 0.0 0 0 205 152 213 167 0 0 0 0 0 0 0
car 0.0 0 0 83 95 95 102 0 0 0 0 0 0 0
car 0.0 0 0 81 87 95 97 0 0 0 0 0 0 0
car 0.0 0 0 239 17 248 33 0 0 0 0 0 0 0
car 0.0 0 0 158 120 169 129 0 0 0 0 0 0 0
car 0.0 0 0 187 113 203 125 0 0 0 0 0 0 0
car 0.0 0 0 99 244 121 254 0 0 0 0 0 0 0
car 0.0 0 0 93 114 108 124 0 0 0 0 0 0 0
car 0.0 0 0 121 154 139 167 0 0 0 0 0 0 0
car 0.0 0 0 150 327 177 348 0 0 0 0 0 0 0
car 0.0 0 0 39 302 51 327 0 0 0 0 0 0 0
car 0.0 0 0 71 80 87 89 0 0 0 0 0 0 0
car 0.0 0 0 164 126 180 136 0 0 0 0 0 0 0
car 0.0 0 0 98 118 112 129 0 0 0 0 0 0 0
