car 0.6 0 0 56 348 63 352 0 0 0 0 0 0 0
car 0.0 0 0 43 285 49 299 0 0 0 0 0 0 0
car 0.0 0 0 25 256 35 271 0 0 0 0 0 0 0
car 0.6 0 0 0 131 4 143 0 0 0 0 0 0 0
car 0.0 0 0 2 193 11 208 0 0 0 0 0 0 0
car 0.0 0 0 79 143 91 155 0 0 0 0 0 0 0
car 0.0 0 0 88 178 101 189 0 0 0 0 0 0 0
car 0.0 0 0 122 159 136 169 0 0 0 0 0 0 0
car 0.0 0 0 130 122 147 132 0 0 0 0 0 0 0
car 0.0 0 0 168 129 183 141 0 0 0 0 0 0 0
car 0.0 0 0 178 71 193 83 0 0 0 0 0 0 0
car 0.0 0 0 230 84 242 94 0 0 0 0 0 0 0
car 0.0 0 0 220 100 235 110 0 0 0 0 0 0 0
car 0.0 0 0 231 106 243 117 0 0 0 0 0 0 0
car 0.0 0 0 266 95 280 107 0 0 0 0 0 0 0
car 0.0 0 0 197 31 213 43 0 0 0 0 0 0 0
car 0.0 0 0 217 6 231 16 0 0 0 0 0 0 0
car 0.0 0 0 331 31 341 41 0 0 0 0 0 0 0
