car 0.0 0 0 38 284 53 294 0 0 0 0 0 0 0
car 0.0 0 0 34 217 49 228 0 0 0 0 0 0 0
car 0.0 0 0 55 203 70 213 0 0 0 0 0 0 0
car 0.0 0 0 64 260 78 268 0 0 0 0 0 0 0
car 0.0 0 0 53 269 74 279 0 0 0 0 0 0 0
car 0.0 0 0 86 243 109 252 0 0 0 0 0 0 0
car 0.0 0 0 114 258 138 266 0 0 0 0 0 0 0
car 0.0 0 0 133 193 147 200 0 0 0 0 0 0 0
car 0.0 0 0 126 209 144 218 0 0 0 0 0 0 0
car 0.0 0 0 213 225 230 233 0 0 0 0 0 0 0
car 0.0 0 0 185 175 205 189 0 0 0 0 0 0 0
car 0.0 0 0 233 161 247 169 0 0 0 0 0 0 0
car 0.0 0 0 204 185 223 198 0 0 0 0 0 0 0
car 0.0 0 0 255 201 269 209 0 0 0 0 0 0 0
car 0.0 0 0 269 147 286 156 0 0 0 0 0 0 0
car 0.0 0 0 263 168 279 178 0 0 0 0 0 0 0
car 0.0 0 0 307 157 326 164 0 0 0 0 0 0 0
car 0.0 0 0 299 195 312 205 0 0 0 0 0 0 0
car 0.538461538462 0 0 346 185 352 198 0 0 0 0 0 0 0
car 0.0 0 0 277 133 292 144 0 0 0 0 0 0 0
