car 0.0 0 0 9 334 27 346 0 0 0 0 0 0 0
car 0.0833333333333 0 0 63 341 79 352 0 0 0 0 0 0 0
car 0.0 0 0 11 270 32 280 0 0 0 0 0 0 0
car 0.0 0 0 204 290 223 300 0 0 0 0 0 0 0
car 0.0 0 0 176 291 191 300 0 0 0 0 0 0 0
car 0.0 0 0 166 278 181 286 0 0 0 0 0 0 0
car 0.0 0 0 174 303 191 310 0 0 0 0 0 0 0
car 0.0 0 0 261 266 275 274 0 0 0 0 0 0 0
car 0.0 0 0 260 274 279 280 0 0 0 0 0 0 0
car 0.0 0 0 289 256 306 266 0 0 0 0 0 0 0
car 0.0 0 0 304 266 318 275 0 0 0 0 0 0 0
car 0.0 0 0 45 247 61 258 0 0 0 0 0 0 0
car 0.0 0 0 86 242 102 250 0 0 0 0 0 0 0
car 0.0 0 0 169 209 187 221 0 0 0 0 0 0 0
car 0.0 0 0 315 156 333 168 0 0 0 0 0 0 0
car 0.0 0 0 216 177 229 185 0 0 0 0 0 0 0
car 0.0 0 0 335 270 347 285 0 0 0 0 0 0 0
car 0.0 0 0 88 313 101 326 0 0 0 0 0 0 0
