car 0.0 0 0 8 272 24 281 0 0 0 0 0 0 0
car 0.0 0 0 10 281 27 288 0 0 0 0 0 0 0
car 0.0 0 0 14 288 30 296 0 0 0 0 0 0 0
car 0.0 0 0 16 296 34 303 0 0 0 0 0 0 0
car 1.0 0 0 0 143 0 152 0 0 0 0 0 0 0
car 0.0 0 0 20 123 36 133 0 0 0 0 0 0 0
car 0.0 0 0 34 128 50 140 0 0 0 0 0 0 0
car 0.0 0 0 69 20 84 28 0 0 0 0 0 0 0
car 0.0 0 0 211 84 228 95 0 0 0 0 0 0 0
car 0.0 0 0 212 66 229 77 0 0 0 0 0 0 0
car 0.0 0 0 212 55 228 65 0 0 0 0 0 0 0
car 0.0 0 0 253 53 272 64 0 0 0 0 0 0 0
car 0.0 0 0 250 69 272 81 0 0 0 0 0 0 0
car 0.0 0 0 295 54 310 65 0 0 0 0 0 0 0
car 0.0 0 0 315 46 332 57 0 0 0 0 0 0 0
car 0.0 0 0 333 10 351 22 0 0 0 0 0 0 0
car 0.0 0 0 118 12 135 20 0 0 0 0 0 0 0
car 0.0 0 0 161 5 179 14 0 0 0 0 0 0 0
car 0.0 0 0 116 0 134 10 0 0 0 0 0 0 0
car 0.941176470588 0 0 351 33 352 42 0 0 0 0 0 0 0
