car 0.529411764706 0 0 0 46 8 57 0 0 0 0 0 0 0
car 0.0 0 0 9 10 27 22 0 0 0 0 0 0 0
car 0.0 0 0 63 17 79 29 0 0 0 0 0 0 0
car 0.0 0 0 27 33 44 42 0 0 0 0 0 0 0
car 0.0 0 0 134 42 144 58 0 0 0 0 0 0 0
car 0.0 0 0 142 60 151 72 0 0 0 0 0 0 0
car 0.0 0 0 123 103 130 113 0 0 0 0 0 0 0
car 0.0 0 0 131 100 138 112 0 0 0 0 0 0 0
car 0.0 0 0 161 96 169 108 0 0 0 0 0 0 0
car 0.0 0 0 163 108 175 121 0 0 0 0 0 0 0
car 0.0 0 0 152 118 163 132 0 0 0 0 0 0 0
car 0.0 0 0 154 147 162 159 0 0 0 0 0 0 0
car 0.0 0 0 185 184 193 199 0 0 0 0 0 0 0
car 0.0 0 0 179 139 189 152 0 0 0 0 0 0 0
car 0.0 0 0 186 152 197 167 0 0 0 0 0 0 0
car 0.0 0 0 214 150 228 156 0 0 0 0 0 0 0
car 0.0 0 0 213 141 227 149 0 0 0 0 0 0 0
car 0.0 0 0 205 126 223 136 0 0 0 0 0 0 0
car 0.0 0 0 201 110 217 119 0 0 0 0 0 0 0
car 0.0 0 0 196 97 212 105 0 0 0 0 0 0 0
car 0.0 0 0 188 75 203 83 0 0 0 0 0 0 0
car 0.0 0 0 177 65 192 74 0 0 0 0 0 0 0
car 0.0 0 0 176 52 193 60 0 0 0 0 0 0 0
car 0.0 0 0 170 43 189 52 0 0 0 0 0 0 0
car 0.846153846154 0 0 88 0 101 2 0 0 0 0 0 0 0
