car 0.894736842105 0 0 0 157 2 164 0 0 0 0 0 0 0
car 0.0 0 0 22 185 35 198 0 0 0 0 0 0 0
car 0.0 0 0 74 151 90 160 0 0 0 0 0 0 0
car 0.0 0 0 33 114 47 122 0 0 0 0 0 0 0
car 0.0 0 0 71 129 85 136 0 0 0 0 0 0 0
car 0.0 0 0 104 98 122 109 0 0 0 0 0 0 0
car 0.0 0 0 87 185 101 194 0 0 0 0 0 0 0
car 0.0 0 0 113 171 127 180 0 0 0 0 0 0 0
car 0.0 0 0 153 126 168 135 0 0 0 0 0 0 0
car 0.0 0 0 157 156 172 164 0 0 0 0 0 0 0
car 0.0 0 0 199 124 214 131 0 0 0 0 0 0 0
car 0.0 0 0 254 100 267 106 0 0 0 0 0 0 0
car 0.0 0 0 243 109 258 119 0 0 0 0 0 0 0
car 0.0 0 0 249 117 268 126 0 0 0 0 0 0 0
car 0.0 0 0 244 130 259 139 0 0 0 0 0 0 0
car 0.0 0 0 196 92 213 101 0 0 0 0 0 0 0
car 0.0 0 0 191 82 205 93 0 0 0 0 0 0 0
car 0.0 0 0 204 70 222 80 0 0 0 0 0 0 0
car 0.0 0 0 227 54 241 64 0 0 0 0 0 0 0
car 0.0 0 0 321 98 333 106 0 0 0 0 0 0 0
car 0.0 0 0 329 37 343 46 0 0 0 0 0 0 0
