car 0.875 0 0 6 0 15 2 0 0 0 0 0 0 0
car 0.0 0 0 175 343 194 351 0 0 0 0 0 0 0
car 0.0 0 0 193 321 208 338 0 0 0 0 0 0 0
car 0.0 0 0 201 310 216 323 0 0 0 0 0 0 0
car 0.0 0 0 167 248 186 258 0 0 0 0 0 0 0
car 0.0 0 0 174 241 192 253 0 0 0 0 0 0 0
car 0.0 0 0 199 236 210 250 0 0 0 0 0 0 0
car 0.0 0 0 202 241 215 256 0 0 0 0 0 0 0
car 0.0 0 0 207 246 220 258 0 0 0 0 0 0 0
car 0.0 0 0 183 260 198 272 0 0 0 0 0 0 0
car 0.0 0 0 186 284 199 301 0 0 0 0 0 0 0
car 0.0 0 0 189 235 199 245 0 0 0 0 0 0 0
car 0.0 0 0 213 253 226 265 0 0 0 0 0 0 0
car 0.0 0 0 218 255 233 267 0 0 0 0 0 0 0
car 0.0 0 0 223 261 239 279 0 0 0 0 0 0 0
car 0.0 0 0 241 273 257 290 0 0 0 0 0 0 0
car 0.0 0 0 262 261 279 276 0 0 0 0 0 0 0
car 0.0 0 0 293 244 312 257 0 0 0 0 0 0 0
car 0.0 0 0 311 236 327 247 0 0 0 0 0 0 0
car 0.875 0 0 350 223 352 236 0 0 0 0 0 0 0
car 0.0 0 0 223 289 240 298 0 0 0 0 0 0 0
car 0.0 0 0 212 284 230 297 0 0 0 0 0 0 0
car 0.230769230769 0 0 332 249 352 262 0 0 0 0 0 0 0
car 0.0 0 0 305 258 335 277 0 0 0 0 0 0 0
car 0.0 0 0 331 230 345 239 0 0 0 0 0 0 0
