car 0.0 0 0 6 310 15 326 0 0 0 0 0 0 0
car 0.0 0 0 16 308 24 323 0 0 0 0 0 0 0
car 0.0 0 0 20 304 33 313 0 0 0 0 0 0 0
car 0.0 0 0 16 294 29 303 0 0 0 0 0 0 0
car 0.0 0 0 11 289 29 296 0 0 0 0 0 0 0
car 0.0 0 0 10 282 26 288 0 0 0 0 0 0 0
car 0.0 0 0 11 235 27 244 0 0 0 0 0 0 0
car 0.0 0 0 34 212 49 221 0 0 0 0 0 0 0
car 0.0 0 0 72 212 91 223 0 0 0 0 0 0 0
car 0.0 0 0 7 153 26 162 0 0 0 0 0 0 0
car 0.0 0 0 75 183 92 194 0 0 0 0 0 0 0
car 0.0 0 0 166 161 184 172 0 0 0 0 0 0 0
car 0.0 0 0 158 182 171 191 0 0 0 0 0 0 0
car 0.0 0 0 199 140 215 150 0 0 0 0 0 0 0
car 0.0 0 0 255 144 272 155 0 0 0 0 0 0 0
car 0.0 0 0 43 120 59 130 0 0 0 0 0 0 0
car 0.0 0 0 144 104 159 113 0 0 0 0 0 0 0
car 0.0 0 0 320 33 339 43 0 0 0 0 0 0 0
car 0.0 0 0 328 22 343 30 0 0 0 0 0 0 0
