car 0.0555555555556 0 0 199 335 211 352 0 0 0 0 0 0 0
car 0.0 0 0 169 275 182 296 0 0 0 0 0 0 0
car 0.0 0 0 143 224 170 261 0 0 0 0 0 0 0
car 0.0 0 0 122 169 144 203 0 0 0 0 0 0 0
car 0.0 0 0 43 52 60 61 0 0 0 0 0 0 0
car 0.0 0 0 98 68 108 87 0 0 0 0 0 0 0
car 0.0 0 0 81 110 90 122 0 0 0 0 0 0 0
car 0.0 0 0 74 108 82 121 0 0 0 0 0 0 0
car 0.0 0 0 64 106 74 116 0 0 0 0 0 0 0
car 0.0 0 0 54 101 66 113 0 0 0 0 0 0 0
car 0.0 0 0 25 114 37 129 0 0 0 0 0 0 0
car 0.0 0 0 24 82 45 92 0 0 0 0 0 0 0
car 0.0 0 0 27 74 43 82 0 0 0 0 0 0 0
car 0.0 0 0 33 68 50 77 0 0 0 0 0 0 0
car 0.0 0 0 125 42 136 56 0 0 0 0 0 0 0
car 0.0 0 0 289 4 305 13 0 0 0 0 0 0 0
car 0.0 0 0 278 10 293 19 0 0 0 0 0 0 0
car 0.0 0 0 37 57 55 66 0 0 0 0 0 0 0
