car 0.222222222222 0 0 0 163 7 174 0 0 0 0 0 0 0
car 0.9 0 0 0 146 1 165 0 0 0 0 0 0 0
car 0.0 0 0 27 255 36 269 0 0 0 0 0 0 0
car 0.0 0 0 4 234 18 248 0 0 0 0 0 0 0
car 0.181818181818 0 0 47 343 59 352 0 0 0 0 0 0 0
car 0.0 0 0 15 195 24 210 0 0 0 0 0 0 0
car 0.0 0 0 101 235 120 246 0 0 0 0 0 0 0
car 0.0 0 0 130 227 145 239 0 0 0 0 0 0 0
car 0.0 0 0 149 222 167 235 0 0 0 0 0 0 0
car 0.0 0 0 186 213 203 223 0 0 0 0 0 0 0
car 0.0 0 0 204 207 218 218 0 0 0 0 0 0 0
car 0.0 0 0 185 114 195 131 0 0 0 0 0 0 0
car 0.0 0 0 231 201 244 211 0 0 0 0 0 0 0
car 0.0 0 0 252 194 267 204 0 0 0 0 0 0 0
car 0.0 0 0 323 13 334 28 0 0 0 0 0 0 0
car 0.285714285714 0 0 323 0 331 10 0 0 0 0 0 0 0
car 0.777777777778 0 0 350 9 352 22 0 0 0 0 0 0 0
car 0.492063492063 0 0 344 0 352 8 0 0 0 0 0 0 0
car 1.0 0 0 309 0 319 0 0 0 0 0 0 0 0
car 0.857142857143 0 0 0 209 2 221 0 0 0 0 0 0 0
car 0.0 0 0 20 211 32 226 0 0 0 0 0 0 0
car 0.0 0 0 236 181 249 191 0 0 0 0 0 0 0
car 0.0 0 0 274 170 288 182 0 0 0 0 0 0 0
car 0.0 0 0 310 176 325 189 0 0 0 0 0 0 0
car 0.0 0 0 325 172 343 182 0 0 0 0 0 0 0
car 0.0 0 0 85 245 99 252 0 0 0 0 0 0 0
car 0.0 0 0 72 247 85 256 0 0 0 0 0 0 0
car 0.0909090909091 0 0 76 342 94 352 0 0 0 0 0 0 0
car 0.416666666667 0 0 345 69 352 80 0 0 0 0 0 0 0
car 0.0 0 0 322 209 333 220 0 0 0 0 0 0 0
car 0.0 0 0 87 256 104 265 0 0 0 0 0 0 0
car 0.0 0 0 33 258 46 269 0 0 0 0 0 0 0
car 0.0 0 0 55 250 72 261 0 0 0 0 0 0 0
