car 0.0 0 0 41 32 55 39 0 0 0 0 0 0 0
car 0.0 0 0 225 15 237 28 0 0 0 0 0 0 0
car 0.0 0 0 233 28 246 43 0 0 0 0 0 0 0
car 0.0 0 0 288 101 297 114 0 0 0 0 0 0 0
car 0.0 0 0 300 113 310 128 0 0 0 0 0 0 0
car 0.0 0 0 322 163 331 174 0 0 0 0 0 0 0
car 0.0 0 0 315 146 325 165 0 0 0 0 0 0 0
car 0.0 0 0 66 226 85 241 0 0 0 0 0 0 0
car 0.0 0 0 90 213 102 225 0 0 0 0 0 0 0
car 0.0 0 0 107 310 123 321 0 0 0 0 0 0 0
car 0.0 0 0 46 301 64 313 0 0 0 0 0 0 0
car 0.0 0 0 103 334 122 346 0 0 0 0 0 0 0
car 0.0 0 0 197 267 216 279 0 0 0 0 0 0 0
car 0.888888888889 0 0 351 255 352 269 0 0 0 0 0 0 0
car 0.0 0 0 328 234 342 248 0 0 0 0 0 0 0
car 0.0 0 0 285 140 292 155 0 0 0 0 0 0 0
car 0.0 0 0 339 195 348 210 0 0 0 0 0 0 0
car 0.0 0 0 287 80 296 94 0 0 0 0 0 0 0
car 0.0 0 0 248 61 257 74 0 0 0 0 0 0 0
car 0.0 0 0 255 74 264 85 0 0 0 0 0 0 0
car 0.0 0 0 262 24 272 42 0 0 0 0 0 0 0
car 0.0 0 0 312 201 319 210 0 0 0 0 0 0 0
car 0.0 0 0 312 209 326 221 0 0 0 0 0 0 0
car 0.333333333333 0 0 344 211 352 226 0 0 0 0 0 0 0
car 0.0 0 0 257 84 267 93 0 0 0 0 0 0 0
car 0.0 0 0 262 93 273 106 0 0 0 0 0 0 0
car 0.0 0 0 254 8 264 24 0 0 0 0 0 0 0
