car 0.0 0 0 27 25 44 33 0 0 0 0 0 0 0
car 0.0 0 0 136 73 147 87 0 0 0 0 0 0 0
car 0.0 0 0 116 88 125 103 0 0 0 0 0 0 0
car 0.0 0 0 118 100 130 117 0 0 0 0 0 0 0
car 0.0 0 0 127 115 135 130 0 0 0 0 0 0 0
car 0.0 0 0 142 86 151 101 0 0 0 0 0 0 0
car 0.0 0 0 160 125 169 140 0 0 0 0 0 0 0
car 0.0 0 0 152 168 161 184 0 0 0 0 0 0 0
car 0.0 0 0 225 339 237 352 0 0 0 0 0 0 0
car 0.777777777778 0 0 262 348 272 352 0 0 0 0 0 0 0
car 0.0 0 0 287 281 304 291 0 0 0 0 0 0 0
car 0.0 0 0 305 275 320 287 0 0 0 0 0 0 0
car 0.0 0 0 321 270 336 281 0 0 0 0 0 0 0
car 0.0 0 0 337 263 351 276 0 0 0 0 0 0 0
car 0.75 0 0 349 259 352 272 0 0 0 0 0 0 0
car 0.0 0 0 335 239 349 251 0 0 0 0 0 0 0
car 0.8125 0 0 349 236 352 246 0 0 0 0 0 0 0
car 0.0 0 0 184 176 193 189 0 0 0 0 0 0 0
car 0.0 0 0 206 240 214 258 0 0 0 0 0 0 0
car 0.0 0 0 118 34 126 44 0 0 0 0 0 0 0
car 0.0 0 0 99 53 106 62 0 0 0 0 0 0 0
car 0.0 0 0 147 102 159 114 0 0 0 0 0 0 0
car 0.0 0 0 154 112 164 124 0 0 0 0 0 0 0
car 0.0 0 0 294 187 307 200 0 0 0 0 0 0 0
car 0.0 0 0 308 211 317 224 0 0 0 0 0 0 0
car 0.0 0 0 92 40 102 52 0 0 0 0 0 0 0
car 0.0 0 0 167 155 181 168 0 0 0 0 0 0 0
car 0.0 0 0 192 197 201 207 0 0 0 0 0 0 0
car 0.0 0 0 254 332 264 348 0 0 0 0 0 0 0
