car 0.0909090909091 0 0 0 337 10 352 0 0 0 0 0 0 0
car 0.125 0 0 0 320 7 334 0 0 0 0 0 0 0
car 0.0 0 0 26 333 35 346 0 0 0 0 0 0 0
car 0.0 0 0 20 318 29 332 0 0 0 0 0 0 0
car 0.0 0 0 2 290 16 301 0 0 0 0 0 0 0
car 0.0 0 0 10 299 21 316 0 0 0 0 0 0 0
car 0.0 0 0 73 155 86 166 0 0 0 0 0 0 0
car 0.0 0 0 3 176 19 183 0 0 0 0 0 0 0
car 0.0 0 0 24 170 40 179 0 0 0 0 0 0 0
car 0.0 0 0 237 107 253 116 0 0 0 0 0 0 0
car 0.0 0 0 204 120 212 128 0 0 0 0 0 0 0
car 0.0 0 0 154 133 167 142 0 0 0 0 0 0 0
car 0.0 0 0 166 127 182 137 0 0 0 0 0 0 0
car 0.0 0 0 334 153 346 168 0 0 0 0 0 0 0
car 0.0 0 0 319 121 329 133 0 0 0 0 0 0 0
car 0.0 0 0 330 98 339 110 0 0 0 0 0 0 0
car 0.0 0 0 338 112 347 127 0 0 0 0 0 0 0
car 0.0 0 0 278 80 290 91 0 0 0 0 0 0 0
