car 0.0 0 0 323 337 334 352 0 0 0 0 0 0 0
car 0.0 0 0 323 320 331 334 0 0 0 0 0 0 0
car 0.777777777778 0 0 350 333 352 346 0 0 0 0 0 0 0
car 0.111111111111 0 0 344 318 352 332 0 0 0 0 0 0 0
car 0.0 0 0 309 308 319 324 0 0 0 0 0 0 0
car 0.0 0 0 293 275 306 293 0 0 0 0 0 0 0
car 0.0 0 0 326 290 340 301 0 0 0 0 0 0 0
car 0.0 0 0 334 299 345 316 0 0 0 0 0 0 0
car 0.0 0 0 309 281 317 299 0 0 0 0 0 0 0
car 0.2 0 0 0 270 12 281 0 0 0 0 0 0 0
car 0.0 0 0 13 263 27 276 0 0 0 0 0 0 0
car 0.0 0 0 25 259 37 272 0 0 0 0 0 0 0
car 0.0 0 0 42 254 55 267 0 0 0 0 0 0 0
car 0.0 0 0 58 250 74 262 0 0 0 0 0 0 0
car 0.0 0 0 77 245 92 259 0 0 0 0 0 0 0
car 0.0 0 0 93 242 106 254 0 0 0 0 0 0 0
car 0.0 0 0 110 236 123 246 0 0 0 0 0 0 0
car 0.0 0 0 124 230 137 243 0 0 0 0 0 0 0
car 0.0 0 0 161 222 176 231 0 0 0 0 0 0 0
car 0.0 0 0 11 239 25 251 0 0 0 0 0 0 0
car 0.0 0 0 25 236 41 246 0 0 0 0 0 0 0
car 0.0 0 0 44 231 61 241 0 0 0 0 0 0 0
car 0.0 0 0 64 224 83 237 0 0 0 0 0 0 0
car 0.0 0 0 84 220 99 230 0 0 0 0 0 0 0
car 0.0 0 0 105 215 121 226 0 0 0 0 0 0 0
car 0.0 0 0 124 211 136 220 0 0 0 0 0 0 0
car 0.0 0 0 138 205 153 217 0 0 0 0 0 0 0
car 0.0 0 0 301 291 312 304 0 0 0 0 0 0 0
car 0.0 0 0 179 12 189 28 0 0 0 0 0 0 0
car 0.0 0 0 251 207 263 216 0 0 0 0 0 0 0
car 0.0 0 0 301 228 312 243 0 0 0 0 0 0 0
car 0.0 0 0 327 176 343 183 0 0 0 0 0 0 0
car 0.75 0 0 348 170 352 179 0 0 0 0 0 0 0
car 0.0 0 0 212 96 222 109 0 0 0 0 0 0 0
car 0.0 0 0 152 204 164 210 0 0 0 0 0 0 0
car 0.0 0 0 226 126 236 142 0 0 0 0 0 0 0
car 0.0 0 0 235 147 249 167 0 0 0 0 0 0 0
car 0.0 0 0 262 139 278 157 0 0 0 0 0 0 0
