car 0.0 0 0 64 317 82 326 0 0 0 0 0 0 0
car 0.0 0 0 134 309 150 318 0 0 0 0 0 0 0
car 0.0 0 0 167 127 184 133 0 0 0 0 0 0 0
car 0.0 0 0 283 93 300 101 0 0 0 0 0 0 0
car 0.0 0 0 217 111 233 119 0 0 0 0 0 0 0
car 0.0 0 0 232 123 250 131 0 0 0 0 0 0 0
car 0.0 0 0 186 134 202 147 0 0 0 0 0 0 0
car 0.0 0 0 175 141 187 151 0 0 0 0 0 0 0
car 0.0 0 0 284 288 303 300 0 0 0 0 0 0 0
car 0.0 0 0 330 296 347 305 0 0 0 0 0 0 0
car 0.0 0 0 293 312 308 323 0 0 0 0 0 0 0
car 0.0 0 0 222 325 244 333 0 0 0 0 0 0 0
car 0.0 0 0 337 277 352 287 0 0 0 0 0 0 0
car 0.0 0 0 260 310 273 317 0 0 0 0 0 0 0
