car 0.0 0 0 1 171 18 184 0 0 0 0 0 0 0
car 0.0 0 0 3 104 13 118 0 0 0 0 0 0 0
car 0.0 0 0 12 119 20 132 0 0 0 0 0 0 0
car 0.0 0 0 17 131 27 143 0 0 0 0 0 0 0
car 0.0 0 0 77 46 90 54 0 0 0 0 0 0 0
car 0.0 0 0 94 43 107 50 0 0 0 0 0 0 0
car 0.0 0 0 126 31 140 41 0 0 0 0 0 0 0
car 0.0 0 0 163 18 178 28 0 0 0 0 0 0 0
car 0.0 0 0 178 42 192 50 0 0 0 0 0 0 0
car 0.0 0 0 186 13 199 22 0 0 0 0 0 0 0
car 0.0 0 0 202 7 217 17 0 0 0 0 0 0 0
car 0.0 0 0 179 51 190 58 0 0 0 0 0 0 0
car 0.8 0 0 207 350 219 352 0 0 0 0 0 0 0
