car 0.0 0 0 332 176 345 185 0 0 0 0 0 0 0
car 0.0 0 0 295 192 309 203 0 0 0 0 0 0 0
car 0.0 0 0 317 195 333 203 0 0 0 0 0 0 0
car 0.0 0 0 300 200 315 209 0 0 0 0 0 0 0
car 0.0 0 0 105 265 118 277 0 0 0 0 0 0 0
car 0.0 0 0 50 80 61 96 0 0 0 0 0 0 0
car 0.0 0 0 25 88 33 100 0 0 0 0 0 0 0
car 0.8 0 0 0 15 2 26 0 0 0 0 0 0 0
car 0.0 0 0 15 0 24 14 0 0 0 0 0 0 0
car 0.0 0 0 22 17 31 31 0 0 0 0 0 0 0
car 0.0 0 0 3 39 13 50 0 0 0 0 0 0 0
car 0.0 0 0 8 51 17 63 0 0 0 0 0 0 0
car 0.0 0 0 29 99 38 111 0 0 0 0 0 0 0
car 0.0 0 0 65 115 75 128 0 0 0 0 0 0 0
car 0.0 0 0 36 116 45 126 0 0 0 0 0 0 0
car 0.0 0 0 43 127 50 137 0 0 0 0 0 0 0
car 0.0 0 0 47 140 58 152 0 0 0 0 0 0 0
car 0.0 0 0 54 155 63 165 0 0 0 0 0 0 0
car 0.0 0 0 72 130 81 140 0 0 0 0 0 0 0
car 0.0 0 0 78 143 87 153 0 0 0 0 0 0 0
car 0.0 0 0 85 156 93 169 0 0 0 0 0 0 0
car 0.0 0 0 92 181 104 194 0 0 0 0 0 0 0
car 0.0 0 0 76 201 85 210 0 0 0 0 0 0 0
car 0.0 0 0 93 216 100 225 0 0 0 0 0 0 0
car 0.0 0 0 155 303 170 322 0 0 0 0 0 0 0
car 0.0 0 0 228 224 241 231 0 0 0 0 0 0 0
car 0.0 0 0 198 229 214 234 0 0 0 0 0 0 0
