car 0.0 0 0 207 26 219 36 0 0 0 0 0 0 0
car 0.0 0 0 160 53 174 63 0 0 0 0 0 0 0
car 0.0 0 0 215 45 227 56 0 0 0 0 0 0 0
car 0.0 0 0 283 88 297 95 0 0 0 0 0 0 0
car 0.0 0 0 301 82 314 92 0 0 0 0 0 0 0
car 0.0 0 0 317 76 333 86 0 0 0 0 0 0 0
car 0.0 0 0 101 157 114 164 0 0 0 0 0 0 0
car 0.0 0 0 138 146 152 153 0 0 0 0 0 0 0
car 0.0 0 0 179 133 197 141 0 0 0 0 0 0 0
car 0.0 0 0 62 168 77 175 0 0 0 0 0 0 0
car 0.0 0 0 28 181 47 187 0 0 0 0 0 0 0
car 0.0 0 0 8 176 21 185 0 0 0 0 0 0 0
car 0.4375 0 0 0 195 9 203 0 0 0 0 0 0 0
car 0.0 0 0 109 158 128 169 0 0 0 0 0 0 0
car 0.0 0 0 179 171 193 180 0 0 0 0 0 0 0
car 0.0 0 0 181 178 193 184 0 0 0 0 0 0 0
car 0.0 0 0 214 160 227 169 0 0 0 0 0 0 0
car 0.0 0 0 216 166 232 176 0 0 0 0 0 0 0
car 0.0 0 0 218 173 234 181 0 0 0 0 0 0 0
car 0.0 0 0 184 184 196 190 0 0 0 0 0 0 0
car 0.0 0 0 184 188 199 197 0 0 0 0 0 0 0
car 0.0 0 0 186 196 202 203 0 0 0 0 0 0 0
car 0.0 0 0 190 200 207 210 0 0 0 0 0 0 0
car 0.0 0 0 194 208 209 214 0 0 0 0 0 0 0
car 0.0 0 0 198 214 212 223 0 0 0 0 0 0 0
car 0.0 0 0 199 220 214 227 0 0 0 0 0 0 0
car 0.0 0 0 204 227 214 232 0 0 0 0 0 0 0
car 0.0 0 0 205 231 219 238 0 0 0 0 0 0 0
car 0.0 0 0 192 148 204 159 0 0 0 0 0 0 0
car 0.0 0 0 224 213 236 220 0 0 0 0 0 0 0
car 0.0 0 0 237 213 250 221 0 0 0 0 0 0 0
car 0.0 0 0 242 220 255 228 0 0 0 0 0 0 0
car 0.0 0 0 221 180 237 187 0 0 0 0 0 0 0
car 0.0 0 0 223 186 239 192 0 0 0 0 0 0 0
car 0.0 0 0 228 191 240 197 0 0 0 0 0 0 0
car 0.0 0 0 229 197 243 202 0 0 0 0 0 0 0
car 0.0 0 0 227 203 244 210 0 0 0 0 0 0 0
car 0.0 0 0 330 114 342 131 0 0 0 0 0 0 0
car 0.0 0 0 295 105 310 116 0 0 0 0 0 0 0
car 0.0 0 0 276 112 290 121 0 0 0 0 0 0 0
