car 1.0 0 0 17 0 34 0 0 0 0 0 0 0 0
car 0.0 0 0 106 324 120 335 0 0 0 0 0 0 0
car 0.0 0 0 123 335 136 341 0 0 0 0 0 0 0
car 0.0 0 0 119 328 133 338 0 0 0 0 0 0 0
car 0.0 0 0 75 245 87 258 0 0 0 0 0 0 0
car 0.0 0 0 330 78 348 90 0 0 0 0 0 0 0
car 0.0 0 0 64 175 79 184 0 0 0 0 0 0 0
car 0.0 0 0 279 195 287 206 0 0 0 0 0 0 0
car 0.0 0 0 284 209 294 224 0 0 0 0 0 0 0
car 0.0 0 0 270 236 277 247 0 0 0 0 0 0 0
car 0.0 0 0 273 252 285 265 0 0 0 0 0 0 0
car 0.0 0 0 281 263 292 276 0 0 0 0 0 0 0
car 0.0 0 0 77 189 94 197 0 0 0 0 0 0 0
car 0.0 0 0 61 192 74 201 0 0 0 0 0 0 0
car 0.0 0 0 49 207 60 215 0 0 0 0 0 0 0
car 0.0 0 0 290 224 299 234 0 0 0 0 0 0 0
car 0.0 0 0 298 243 309 254 0 0 0 0 0 0 0
car 0.0 0 0 306 255 315 268 0 0 0 0 0 0 0
car 0.0 0 0 313 268 322 280 0 0 0 0 0 0 0
car 0.0 0 0 321 284 331 297 0 0 0 0 0 0 0
car 0.0 0 0 326 296 337 309 0 0 0 0 0 0 0
car 0.0 0 0 316 339 326 350 0 0 0 0 0 0 0
car 0.0 0 0 332 311 342 323 0 0 0 0 0 0 0
car 0.0 0 0 339 324 348 338 0 0 0 0 0 0 0
car 0.47619047619 0 0 346 341 352 352 0 0 0 0 0 0 0
car 0.0 0 0 237 123 248 135 0 0 0 0 0 0 0
car 0.0 0 0 305 305 317 318 0 0 0 0 0 0 0
car 0.0 0 0 295 293 303 304 0 0 0 0 0 0 0
car 0.0 0 0 276 291 289 307 0 0 0 0 0 0 0
