car 0.0 0 0 269 123 287 138 0 0 0 0 0 0 0
car 0.0 0 0 224 161 241 173 0 0 0 0 0 0 0
car 0.0 0 0 247 215 264 225 0 0 0 0 0 0 0
car 0.0 0 0 197 145 216 156 0 0 0 0 0 0 0
car 0.0 0 0 156 159 172 169 0 0 0 0 0 0 0
car 0.0 0 0 170 154 186 163 0 0 0 0 0 0 0
car 0.0 0 0 295 5 306 20 0 0 0 0 0 0 0
car 0.0 0 0 316 56 325 65 0 0 0 0 0 0 0
car 0.6875 0 0 347 59 352 68 0 0 0 0 0 0 0
car 0.0 0 0 15 219 27 226 0 0 0 0 0 0 0
car 0.0 0 0 24 260 37 269 0 0 0 0 0 0 0
car 0.0 0 0 52 284 67 292 0 0 0 0 0 0 0
car 0.0 0 0 218 253 230 261 0 0 0 0 0 0 0
car 0.882352941176 0 0 67 350 76 352 0 0 0 0 0 0 0
car 0.733333333333 0 0 261 348 273 352 0 0 0 0 0 0 0
car 0.0 0 0 201 258 214 268 0 0 0 0 0 0 0
car 0.0 0 0 235 246 256 257 0 0 0 0 0 0 0
car 0.0 0 0 55 191 67 201 0 0 0 0 0 0 0
