car 0.0 0 0 309 44 327 56 0 0 0 0 0 0 0
car 0.0 0 0 287 42 303 52 0 0 0 0 0 0 0
car 0.0 0 0 331 126 348 136 0 0 0 0 0 0 0
car 0.0 0 0 285 118 301 128 0 0 0 0 0 0 0
car 0.0 0 0 251 120 266 131 0 0 0 0 0 0 0
car 0.0 0 0 200 67 214 76 0 0 0 0 0 0 0
car 0.0 0 0 211 159 226 170 0 0 0 0 0 0 0
car 0.0 0 0 165 156 182 167 0 0 0 0 0 0 0
car 0.0 0 0 182 168 198 179 0 0 0 0 0 0 0
car 0.0 0 0 164 174 179 184 0 0 0 0 0 0 0
car 0.0 0 0 147 180 161 189 0 0 0 0 0 0 0
car 0.0 0 0 108 102 124 112 0 0 0 0 0 0 0
car 0.0 0 0 134 103 147 113 0 0 0 0 0 0 0
car 0.0 0 0 59 114 75 123 0 0 0 0 0 0 0
car 0.0 0 0 281 139 300 150 0 0 0 0 0 0 0
car 0.0 0 0 81 249 91 261 0 0 0 0 0 0 0
car 0.0 0 0 81 235 92 246 0 0 0 0 0 0 0
car 0.0 0 0 108 245 118 256 0 0 0 0 0 0 0
car 0.0 0 0 114 255 124 265 0 0 0 0 0 0 0
car 0.0 0 0 86 264 99 277 0 0 0 0 0 0 0
car 0.0 0 0 99 281 113 291 0 0 0 0 0 0 0
car 0.0 0 0 130 291 141 304 0 0 0 0 0 0 0
car 0.0 0 0 119 314 130 329 0 0 0 0 0 0 0
car 0.0 0 0 125 330 136 343 0 0 0 0 0 0 0
car 0.0 0 0 137 308 147 321 0 0 0 0 0 0 0
car 0.888888888889 0 0 0 56 1 65 0 0 0 0 0 0 0
car 0.0 0 0 23 59 39 68 0 0 0 0 0 0 0
car 0.0 0 0 138 85 159 96 0 0 0 0 0 0 0
car 0.916666666667 0 0 128 351 136 352 0 0 0 0 0 0 0
car 0.0 0 0 123 341 133 351 0 0 0 0 0 0 0
car 0.0 0 0 116 326 124 336 0 0 0 0 0 0 0
car 0.0 0 0 109 311 120 325 0 0 0 0 0 0 0
car 0.0 0 0 106 303 114 311 0 0 0 0 0 0 0
car 0.0 0 0 144 319 151 329 0 0 0 0 0 0 0
car 0.0 0 0 149 329 156 338 0 0 0 0 0 0 0
car 0.0 0 0 152 336 159 345 0 0 0 0 0 0 0
