car 0.0 0 0 299 21 310 35 0 0 0 0 0 0 0
car 0.0 0 0 277 28 285 42 0 0 0 0 0 0 0
car 0.0 0 0 313 78 324 93 0 0 0 0 0 0 0
car 0.0 0 0 88 226 102 234 0 0 0 0 0 0 0
car 0.0 0 0 75 230 88 238 0 0 0 0 0 0 0
car 0.0 0 0 58 236 71 244 0 0 0 0 0 0 0
car 0.0 0 0 42 239 56 251 0 0 0 0 0 0 0
car 0.0 0 0 40 229 57 237 0 0 0 0 0 0 0
car 0.0 0 0 10 250 26 259 0 0 0 0 0 0 0
car 0.0 0 0 28 245 41 254 0 0 0 0 0 0 0
car 0.0 0 0 288 143 302 153 0 0 0 0 0 0 0
car 0.0 0 0 322 134 337 144 0 0 0 0 0 0 0
car 0.0 0 0 175 198 190 206 0 0 0 0 0 0 0
car 0.0 0 0 242 167 258 175 0 0 0 0 0 0 0
car 0.0 0 0 268 145 283 158 0 0 0 0 0 0 0
car 0.0 0 0 305 147 319 159 0 0 0 0 0 0 0
car 0.0 0 0 305 161 323 169 0 0 0 0 0 0 0
car 0.0 0 0 79 155 93 168 0 0 0 0 0 0 0
car 0.0 0 0 186 186 202 193 0 0 0 0 0 0 0
