car 0.666666666667 0 0 119 0 130 5 0 0 0 0 0 0 0
car 0.0 0 0 125 6 136 19 0 0 0 0 0 0 0
car 0.0 0 0 172 61 181 73 0 0 0 0 0 0 0
car 0.0 0 0 169 118 181 133 0 0 0 0 0 0 0
car 0.0 0 0 177 134 186 146 0 0 0 0 0 0 0
car 0.0 0 0 183 146 193 161 0 0 0 0 0 0 0
car 0.0 0 0 188 162 200 177 0 0 0 0 0 0 0
car 0.0 0 0 195 177 205 189 0 0 0 0 0 0 0
car 0.0 0 0 212 216 222 229 0 0 0 0 0 0 0
car 0.0 0 0 230 208 242 224 0 0 0 0 0 0 0
car 0.0 0 0 233 197 244 210 0 0 0 0 0 0 0
car 0.0 0 0 240 210 251 223 0 0 0 0 0 0 0
car 0.0 0 0 201 216 211 230 0 0 0 0 0 0 0
car 0.0 0 0 199 121 208 132 0 0 0 0 0 0 0
car 0.0 0 0 207 135 214 146 0 0 0 0 0 0 0
car 0.0 0 0 217 161 227 174 0 0 0 0 0 0 0
car 0.0 0 0 211 151 222 164 0 0 0 0 0 0 0
car 0.0 0 0 191 104 200 116 0 0 0 0 0 0 0
car 0.0 0 0 184 92 194 104 0 0 0 0 0 0 0
car 0.0 0 0 180 77 190 91 0 0 0 0 0 0 0
car 0.0 0 0 160 105 171 116 0 0 0 0 0 0 0
car 0.0 0 0 144 66 153 75 0 0 0 0 0 0 0
car 0.0 0 0 150 78 160 91 0 0 0 0 0 0 0
car 0.0 0 0 157 92 167 104 0 0 0 0 0 0 0
car 0.0 0 0 334 250 350 259 0 0 0 0 0 0 0
car 0.0 0 0 269 295 281 308 0 0 0 0 0 0 0
car 0.0 0 0 286 338 299 351 0 0 0 0 0 0 0
car 0.0 0 0 258 340 273 347 0 0 0 0 0 0 0
car 0.0 0 0 219 266 230 277 0 0 0 0 0 0 0
car 0.0 0 0 255 312 270 329 0 0 0 0 0 0 0
car 0.0 0 0 262 328 272 340 0 0 0 0 0 0 0
car 0.0 0 0 107 314 119 322 0 0 0 0 0 0 0
car 0.0 0 0 41 289 55 300 0 0 0 0 0 0 0
car 0.0 0 0 41 331 56 340 0 0 0 0 0 0 0
car 0.0 0 0 6 340 28 349 0 0 0 0 0 0 0
car 0.0 0 0 72 323 87 331 0 0 0 0 0 0 0
car 0.0 0 0 89 320 103 328 0 0 0 0 0 0 0
car 0.0 0 0 22 316 39 323 0 0 0 0 0 0 0
car 0.0 0 0 51 283 63 295 0 0 0 0 0 0 0
car 0.0 0 0 58 292 69 300 0 0 0 0 0 0 0
car 0.0 0 0 67 290 76 298 0 0 0 0 0 0 0
car 0.0 0 0 128 27 136 39 0 0 0 0 0 0 0
car 0.0 0 0 123 17 133 27 0 0 0 0 0 0 0
car 0.0 0 0 116 2 124 12 0 0 0 0 0 0 0
car 0.928571428571 0 0 109 0 120 1 0 0 0 0 0 0 0
car 0.5 0 0 144 0 151 5 0 0 0 0 0 0 0
car 0.0 0 0 149 5 156 14 0 0 0 0 0 0 0
car 0.0 0 0 152 12 159 21 0 0 0 0 0 0 0
