car 0.0 0 0 165 23 174 37 0 0 0 0 0 0 0
car 0.0 0 0 147 322 159 339 0 0 0 0 0 0 0
car 0.0 0 0 189 233 208 246 0 0 0 0 0 0 0
car 0.0 0 0 184 217 194 231 0 0 0 0 0 0 0
car 0.0 0 0 267 223 281 230 0 0 0 0 0 0 0
car 0.0 0 0 328 207 346 218 0 0 0 0 0 0 0
car 0.0 0 0 220 232 235 241 0 0 0 0 0 0 0
car 0.0 0 0 164 223 174 235 0 0 0 0 0 0 0
car 0.0 0 0 181 254 198 266 0 0 0 0 0 0 0
car 0.0 0 0 121 69 132 80 0 0 0 0 0 0 0
car 0.0 0 0 236 127 243 141 0 0 0 0 0 0 0
car 0.0 0 0 222 105 234 119 0 0 0 0 0 0 0
car 0.0 0 0 202 55 213 73 0 0 0 0 0 0 0
car 0.0 0 0 123 116 139 134 0 0 0 0 0 0 0
car 0.0 0 0 131 132 143 146 0 0 0 0 0 0 0
car 0.6 0 0 0 139 4 151 0 0 0 0 0 0 0
car 0.0 0 0 0 153 11 167 0 0 0 0 0 0 0
car 0.0 0 0 10 226 24 241 0 0 0 0 0 0 0
car 0.0 0 0 17 182 26 200 0 0 0 0 0 0 0
