car 0.0 0 0 323 4 337 13 0 0 0 0 0 0 0
car 0.0 0 0 99 39 116 49 0 0 0 0 0 0 0
car 0.0 0 0 257 73 267 85 0 0 0 0 0 0 0
car 0.0 0 0 257 59 268 70 0 0 0 0 0 0 0
car 0.0 0 0 284 69 294 80 0 0 0 0 0 0 0
car 0.0 0 0 290 79 300 89 0 0 0 0 0 0 0
car 0.0 0 0 262 88 275 101 0 0 0 0 0 0 0
car 0.0 0 0 275 105 289 115 0 0 0 0 0 0 0
car 0.0 0 0 306 115 317 128 0 0 0 0 0 0 0
car 0.0 0 0 295 138 306 153 0 0 0 0 0 0 0
car 0.0 0 0 301 154 312 167 0 0 0 0 0 0 0
car 0.0 0 0 313 132 323 145 0 0 0 0 0 0 0
car 0.0 0 0 336 253 347 264 0 0 0 0 0 0 0
car 0.0 0 0 320 214 329 223 0 0 0 0 0 0 0
car 0.0 0 0 326 226 336 239 0 0 0 0 0 0 0
car 0.0 0 0 333 240 343 252 0 0 0 0 0 0 0
car 0.769230769231 0 0 0 336 3 350 0 0 0 0 0 0 0
car 0.0 0 0 70 77 82 85 0 0 0 0 0 0 0
car 0.0 0 0 304 175 312 187 0 0 0 0 0 0 0
car 0.0 0 0 299 165 309 175 0 0 0 0 0 0 0
car 0.0 0 0 292 150 300 160 0 0 0 0 0 0 0
car 0.0 0 0 285 135 296 149 0 0 0 0 0 0 0
car 0.0 0 0 282 127 290 135 0 0 0 0 0 0 0
car 0.0 0 0 320 143 327 153 0 0 0 0 0 0 0
car 0.0 0 0 325 153 332 162 0 0 0 0 0 0 0
car 0.0 0 0 328 160 335 169 0 0 0 0 0 0 0
car 0.0 0 0 113 172 125 187 0 0 0 0 0 0 0
car 0.444444444444 0 0 0 202 5 213 0 0 0 0 0 0 0
car 0.0 0 0 2 200 13 211 0 0 0 0 0 0 0
car 0.0 0 0 10 195 23 208 0 0 0 0 0 0 0
car 0.0 0 0 25 194 33 204 0 0 0 0 0 0 0
car 0.0 0 0 34 191 43 202 0 0 0 0 0 0 0
car 0.0 0 0 53 82 66 92 0 0 0 0 0 0 0
car 0.0 0 0 87 70 108 81 0 0 0 0 0 0 0
