car 0.0 0 0 283 138 295 146 0 0 0 0 0 0 0
car 0.0 0 0 217 113 231 124 0 0 0 0 0 0 0
car 0.0 0 0 217 155 232 164 0 0 0 0 0 0 0
car 0.0 0 0 182 164 204 173 0 0 0 0 0 0 0
car 0.0 0 0 248 147 263 155 0 0 0 0 0 0 0
car 0.0 0 0 265 144 279 152 0 0 0 0 0 0 0
car 0.0 0 0 198 140 215 147 0 0 0 0 0 0 0
car 0.0 0 0 227 107 239 119 0 0 0 0 0 0 0
car 0.0 0 0 234 116 245 124 0 0 0 0 0 0 0
car 0.0 0 0 243 114 252 122 0 0 0 0 0 0 0
car 0.846153846154 0 0 0 50 2 66 0 0 0 0 0 0 0
car 0.0 0 0 17 96 28 111 0 0 0 0 0 0 0
car 0.0 0 0 28 91 40 109 0 0 0 0 0 0 0
car 0.769230769231 0 0 0 12 3 26 0 0 0 0 0 0 0
car 0.0 0 0 4 35 12 50 0 0 0 0 0 0 0
car 0.0 0 0 9 49 18 61 0 0 0 0 0 0 0
car 0.4 0 0 0 86 6 99 0 0 0 0 0 0 0
car 0.0 0 0 1 98 10 110 0 0 0 0 0 0 0
car 0.0 0 0 7 108 16 122 0 0 0 0 0 0 0
car 0.0 0 0 25 149 35 162 0 0 0 0 0 0 0
car 0.0 0 0 30 161 41 174 0 0 0 0 0 0 0
car 0.0 0 0 44 131 57 147 0 0 0 0 0 0 0
car 0.0 0 0 284 287 298 293 0 0 0 0 0 0 0
car 0.0 0 0 296 275 309 284 0 0 0 0 0 0 0
car 0.0 0 0 311 325 320 336 0 0 0 0 0 0 0
car 0.0 0 0 68 240 77 252 0 0 0 0 0 0 0
car 0.0 0 0 91 287 102 299 0 0 0 0 0 0 0
car 0.0 0 0 101 257 111 268 0 0 0 0 0 0 0
car 0.0 0 0 89 226 97 239 0 0 0 0 0 0 0
car 0.0 0 0 94 237 104 252 0 0 0 0 0 0 0
car 0.0 0 0 86 268 97 280 0 0 0 0 0 0 0
car 0.0 0 0 114 284 125 297 0 0 0 0 0 0 0
car 0.0 0 0 129 293 135 308 0 0 0 0 0 0 0
car 0.0 0 0 107 265 118 281 0 0 0 0 0 0 0
car 0.0 0 0 84 277 93 291 0 0 0 0 0 0 0
car 0.0 0 0 72 253 86 271 0 0 0 0 0 0 0
car 0.0 0 0 315 336 325 349 0 0 0 0 0 0 0
car 0.727272727273 0 0 318 349 330 352 0 0 0 0 0 0 0
car 0.0 0 0 327 315 337 331 0 0 0 0 0 0 0
car 0.0 0 0 336 317 348 332 0 0 0 0 0 0 0
car 0.0 0 0 341 330 350 343 0 0 0 0 0 0 0
car 0.0 0 0 88 294 99 306 0 0 0 0 0 0 0
car 0.0 0 0 7 143 17 156 0 0 0 0 0 0 0
car 0.0 0 0 49 144 61 155 0 0 0 0 0 0 0
car 0.0 0 0 15 157 24 171 0 0 0 0 0 0 0
car 0.266666666667 0 0 0 225 11 232 0 0 0 0 0 0 0
