car 0.0 0 0 313 50 326 66 0 0 0 0 0 0 0
car 0.0 0 0 341 96 352 111 0 0 0 0 0 0 0
car 0.230769230769 0 0 281 0 289 10 0 0 0 0 0 0 0
car 0.0 0 0 288 14 295 26 0 0 0 0 0 0 0
car 0.0 0 0 292 25 301 36 0 0 0 0 0 0 0
car 1.0 0 0 302 0 314 0 0 0 0 0 0 0 0
car 0.181818181818 0 0 312 0 320 9 0 0 0 0 0 0 0
car 0.0 0 0 314 12 327 26 0 0 0 0 0 0 0
car 0.0 0 0 328 35 336 50 0 0 0 0 0 0 0
car 0.0 0 0 333 49 342 61 0 0 0 0 0 0 0
car 0.0 0 0 312 73 323 86 0 0 0 0 0 0 0
car 0.0 0 0 320 86 330 99 0 0 0 0 0 0 0
car 0.0 0 0 325 98 334 110 0 0 0 0 0 0 0
car 0.0 0 0 331 108 340 122 0 0 0 0 0 0 0
car 0.7 0 0 349 149 352 162 0 0 0 0 0 0 0
car 0.0 0 0 7 316 20 325 0 0 0 0 0 0 0
car 0.0 0 0 89 290 103 298 0 0 0 0 0 0 0
car 0.0 0 0 146 271 162 281 0 0 0 0 0 0 0
car 0.0 0 0 253 235 271 241 0 0 0 0 0 0 0
car 0.0 0 0 228 248 244 259 0 0 0 0 0 0 0
car 0.0 0 0 79 15 91 27 0 0 0 0 0 0 0
car 0.0 0 0 331 143 341 156 0 0 0 0 0 0 0
car 0.0 0 0 339 157 348 171 0 0 0 0 0 0 0
car 0.0 0 0 320 225 335 232 0 0 0 0 0 0 0
car 0.0 0 0 199 251 213 261 0 0 0 0 0 0 0
