car 0.0 0 0 100 153 110 165 0 0 0 0 0 0 0
car 0.0 0 0 81 113 92 125 0 0 0 0 0 0 0
car 0.0 0 0 75 95 86 108 0 0 0 0 0 0 0
car 0.0 0 0 68 84 77 93 0 0 0 0 0 0 0
car 0.0 0 0 63 71 72 82 0 0 0 0 0 0 0
car 0.0 0 0 42 23 54 36 0 0 0 0 0 0 0
car 0.0 0 0 51 41 62 56 0 0 0 0 0 0 0
car 0.0 0 0 297 327 311 335 0 0 0 0 0 0 0
car 0.0 0 0 331 316 344 325 0 0 0 0 0 0 0
car 0.0 0 0 274 322 290 333 0 0 0 0 0 0 0
car 0.0 0 0 278 333 293 342 0 0 0 0 0 0 0
car 0.0 0 0 225 324 241 335 0 0 0 0 0 0 0
car 0.9375 0 0 66 351 77 352 0 0 0 0 0 0 0
car 0.666666666667 0 0 75 347 87 352 0 0 0 0 0 0 0
car 0.0 0 0 92 286 110 297 0 0 0 0 0 0 0
car 0.0 0 0 115 334 124 340 0 0 0 0 0 0 0
car 0.0 0 0 111 325 124 335 0 0 0 0 0 0 0
car 0.0 0 0 107 321 123 328 0 0 0 0 0 0 0
car 0.0 0 0 99 302 111 308 0 0 0 0 0 0 0
car 0.0 0 0 95 297 112 303 0 0 0 0 0 0 0
car 0.0 0 0 102 315 118 321 0 0 0 0 0 0 0
car 0.0 0 0 102 309 114 315 0 0 0 0 0 0 0
car 0.0 0 0 224 262 233 274 0 0 0 0 0 0 0
car 0.0 0 0 270 184 280 193 0 0 0 0 0 0 0
car 0.0 0 0 150 266 166 275 0 0 0 0 0 0 0
car 0.0 0 0 155 279 172 289 0 0 0 0 0 0 0
car 0.0 0 0 162 292 175 300 0 0 0 0 0 0 0
car 0.0 0 0 235 293 243 306 0 0 0 0 0 0 0
car 0.0 0 0 211 287 223 301 0 0 0 0 0 0 0
car 0.0 0 0 221 285 232 297 0 0 0 0 0 0 0
car 0.0 0 0 190 273 202 290 0 0 0 0 0 0 0
car 0.0 0 0 197 246 211 255 0 0 0 0 0 0 0
car 0.0 0 0 212 272 220 285 0 0 0 0 0 0 0
car 0.0 0 0 205 290 214 304 0 0 0 0 0 0 0
car 0.0 0 0 168 300 181 309 0 0 0 0 0 0 0
car 0.0 0 0 171 307 186 317 0 0 0 0 0 0 0
car 0.909090909091 0 0 135 351 152 352 0 0 0 0 0 0 0
car 0.0 0 0 177 339 192 350 0 0 0 0 0 0 0
car 0.727272727273 0 0 221 349 238 352 0 0 0 0 0 0 0
car 0.272727272727 0 0 239 344 255 352 0 0 0 0 0 0 0
car 0.0 0 0 183 254 198 262 0 0 0 0 0 0 0
car 0.0 0 0 176 248 199 255 0 0 0 0 0 0 0
