car 0.0 0 0 262 219 273 231 0 0 0 0 0 0 0
car 0.0 0 0 271 238 282 253 0 0 0 0 0 0 0
car 0.0 0 0 276 252 287 264 0 0 0 0 0 0 0
car 0.0 0 0 282 264 294 277 0 0 0 0 0 0 0
car 0.0 0 0 222 195 233 208 0 0 0 0 0 0 0
car 0.0 0 0 130 155 144 163 0 0 0 0 0 0 0
car 0.0 0 0 111 159 126 169 0 0 0 0 0 0 0
car 0.0 0 0 93 163 108 173 0 0 0 0 0 0 0
car 0.0 0 0 79 169 93 177 0 0 0 0 0 0 0
car 0.0 0 0 65 173 80 183 0 0 0 0 0 0 0
car 0.0 0 0 48 176 63 186 0 0 0 0 0 0 0
car 0.0 0 0 29 182 44 192 0 0 0 0 0 0 0
car 0.0 0 0 17 188 31 196 0 0 0 0 0 0 0
car 0.0 0 0 2 187 12 202 0 0 0 0 0 0 0
car 0.0 0 0 133 4 145 20 0 0 0 0 0 0 0
car 0.0 0 0 191 43 203 50 0 0 0 0 0 0 0
car 0.0 0 0 82 58 96 65 0 0 0 0 0 0 0
car 0.0 0 0 61 63 77 73 0 0 0 0 0 0 0
car 0.0 0 0 44 67 59 79 0 0 0 0 0 0 0
car 0.0 0 0 4 79 19 90 0 0 0 0 0 0 0
car 0.0 0 0 281 321 289 334 0 0 0 0 0 0 0
car 0.0 0 0 288 338 295 350 0 0 0 0 0 0 0
car 0.727272727273 0 0 292 349 301 352 0 0 0 0 0 0 0
car 0.0 0 0 293 285 304 300 0 0 0 0 0 0 0
car 0.0 0 0 302 308 314 324 0 0 0 0 0 0 0
car 0.0 0 0 312 322 320 333 0 0 0 0 0 0 0
car 0.0 0 0 314 336 327 350 0 0 0 0 0 0 0
car 0.0 0 0 162 234 175 239 0 0 0 0 0 0 0
car 0.0 0 0 164 240 176 246 0 0 0 0 0 0 0
car 0.0 0 0 165 245 181 253 0 0 0 0 0 0 0
car 0.0 0 0 107 264 119 269 0 0 0 0 0 0 0
car 0.0 0 0 150 250 163 257 0 0 0 0 0 0 0
car 0.0 0 0 200 84 213 93 0 0 0 0 0 0 0
car 0.0 0 0 228 108 243 116 0 0 0 0 0 0 0
car 0.0 0 0 250 191 260 203 0 0 0 0 0 0 0
car 0.0 0 0 216 182 223 193 0 0 0 0 0 0 0
car 0.0 0 0 243 174 252 191 0 0 0 0 0 0 0
car 0.0 0 0 320 202 329 213 0 0 0 0 0 0 0
car 0.0 0 0 326 200 337 211 0 0 0 0 0 0 0
car 0.0 0 0 334 195 347 208 0 0 0 0 0 0 0
car 0.625 0 0 349 194 352 204 0 0 0 0 0 0 0
car 0.0 0 0 79 339 91 351 0 0 0 0 0 0 0
car 0.0 0 0 74 299 92 317 0 0 0 0 0 0 0
car 0.0 0 0 231 15 243 25 0 0 0 0 0 0 0
