car 0.0 0 0 40 0 52 8 0 0 0 0 0 0 0
car 0.0 0 0 106 3 119 10 0 0 0 0 0 0 0
car 0.0 0 0 125 9 141 17 0 0 0 0 0 0 0
car 0.0 0 0 141 28 158 37 0 0 0 0 0 0 0
car 0.0 0 0 158 36 174 44 0 0 0 0 0 0 0
car 0.0 0 0 189 29 203 36 0 0 0 0 0 0 0
car 0.0 0 0 213 33 229 42 0 0 0 0 0 0 0
car 0.0 0 0 196 48 209 55 0 0 0 0 0 0 0
car 0.0 0 0 260 64 275 74 0 0 0 0 0 0 0
car 0.0 0 0 283 72 298 79 0 0 0 0 0 0 0
car 0.0 0 0 2 280 17 289 0 0 0 0 0 0 0
car 0.0 0 0 25 250 39 260 0 0 0 0 0 0 0
car 0.0 0 0 43 257 60 265 0 0 0 0 0 0 0
car 0.0 0 0 70 263 88 273 0 0 0 0 0 0 0
car 0.0 0 0 58 297 73 305 0 0 0 0 0 0 0
car 0.0 0 0 75 301 88 309 0 0 0 0 0 0 0
car 0.0 0 0 97 272 111 279 0 0 0 0 0 0 0
car 0.0 0 0 136 282 152 291 0 0 0 0 0 0 0
car 0.0 0 0 115 312 131 320 0 0 0 0 0 0 0
car 0.0 0 0 156 289 171 297 0 0 0 0 0 0 0
car 0.0 0 0 172 292 188 302 0 0 0 0 0 0 0
car 0.0 0 0 199 300 213 308 0 0 0 0 0 0 0
car 0.0 0 0 213 302 231 314 0 0 0 0 0 0 0
car 0.0 0 0 188 324 207 335 0 0 0 0 0 0 0
car 0.0 0 0 232 309 247 317 0 0 0 0 0 0 0
car 0.571428571429 0 0 249 349 262 352 0 0 0 0 0 0 0
car 0.0 0 0 327 86 340 91 0 0 0 0 0 0 0
