car 0.0 0 0 232 13 248 23 0 0 0 0 0 0 0
car 0.0 0 0 298 29 311 42 0 0 0 0 0 0 0
car 0.0 0 0 311 32 325 46 0 0 0 0 0 0 0
car 0.0 0 0 325 36 338 50 0 0 0 0 0 0 0
car 0.0 0 0 337 40 352 54 0 0 0 0 0 0 0
car 0.8125 0 0 349 44 352 57 0 0 0 0 0 0 0
car 0.266666666667 0 0 0 237 11 245 0 0 0 0 0 0 0
car 0.0 0 0 39 253 54 263 0 0 0 0 0 0 0
car 0.0 0 0 55 256 73 266 0 0 0 0 0 0 0
car 0.0 0 0 61 251 76 258 0 0 0 0 0 0 0
car 0.0 0 0 75 254 93 265 0 0 0 0 0 0 0
car 0.0 0 0 75 260 89 270 0 0 0 0 0 0 0
car 0.0 0 0 132 272 147 281 0 0 0 0 0 0 0
car 0.0 0 0 131 278 146 287 0 0 0 0 0 0 0
car 0.0 0 0 150 278 163 286 0 0 0 0 0 0 0
car 0.0 0 0 147 283 166 294 0 0 0 0 0 0 0
car 0.0 0 0 185 274 201 284 0 0 0 0 0 0 0
car 0.0 0 0 204 277 221 286 0 0 0 0 0 0 0
car 0.0 0 0 240 275 251 292 0 0 0 0 0 0 0
car 0.0 0 0 183 294 193 307 0 0 0 0 0 0 0
car 0.0 0 0 180 306 189 318 0 0 0 0 0 0 0
car 0.0 0 0 192 296 201 308 0 0 0 0 0 0 0
car 0.0 0 0 198 299 206 313 0 0 0 0 0 0 0
car 0.0 0 0 187 312 195 323 0 0 0 0 0 0 0
car 0.0 0 0 194 313 202 323 0 0 0 0 0 0 0
car 0.0 0 0 269 298 288 307 0 0 0 0 0 0 0
car 0.0 0 0 286 306 305 315 0 0 0 0 0 0 0
car 0.0 0 0 338 313 348 325 0 0 0 0 0 0 0
car 0.0 0 0 326 309 336 322 0 0 0 0 0 0 0
car 0.0 0 0 303 331 315 339 0 0 0 0 0 0 0
car 0.8125 0 0 349 344 352 352 0 0 0 0 0 0 0
