car 0.0 0 0 23 124 37 132 0 0 0 0 0 0 0
car 0.0 0 0 37 126 55 138 0 0 0 0 0 0 0
car 0.0 0 0 12 148 31 159 0 0 0 0 0 0 0
car 0.0 0 0 56 133 71 141 0 0 0 0 0 0 0
car 0.0 0 0 73 173 86 180 0 0 0 0 0 0 0
car 0.0 0 0 250 224 266 232 0 0 0 0 0 0 0
car 0.0 0 0 105 177 119 185 0 0 0 0 0 0 0
car 0.0 0 0 226 212 243 219 0 0 0 0 0 0 0
car 0.0 0 0 250 176 257 189 0 0 0 0 0 0 0
car 0.0 0 0 256 177 264 191 0 0 0 0 0 0 0
car 0.0 0 0 268 185 279 198 0 0 0 0 0 0 0
car 0.0 0 0 259 199 278 208 0 0 0 0 0 0 0
car 0.0 0 0 276 185 286 201 0 0 0 0 0 0 0
car 0.0 0 0 284 189 292 203 0 0 0 0 0 0 0
car 0.0 0 0 283 235 291 248 0 0 0 0 0 0 0
car 0.0 0 0 302 232 321 242 0 0 0 0 0 0 0
car 0.0 0 0 320 237 335 245 0 0 0 0 0 0 0
