car 0.0 0 0 295 242 308 252 0 0 0 0 0 0 0
car 0.727272727273 0 0 349 276 352 291 0 0 0 0 0 0 0
car 0.0 0 0 340 277 350 291 0 0 0 0 0 0 0
car 0.0 0 0 332 273 343 288 0 0 0 0 0 0 0
car 0.0 0 0 324 273 334 287 0 0 0 0 0 0 0
car 0.0 0 0 317 271 327 286 0 0 0 0 0 0 0
car 0.0 0 0 309 265 319 282 0 0 0 0 0 0 0
car 0.0 0 0 294 264 305 280 0 0 0 0 0 0 0
car 0.0 0 0 229 319 240 335 0 0 0 0 0 0 0
car 0.533333333333 0 0 164 345 175 352 0 0 0 0 0 0 0
car 0.0 0 0 145 323 158 341 0 0 0 0 0 0 0
car 0.0 0 0 144 289 154 303 0 0 0 0 0 0 0
car 0.0 0 0 178 290 187 302 0 0 0 0 0 0 0
car 0.0 0 0 159 287 175 320 0 0 0 0 0 0 0
car 0.0 0 0 195 207 206 224 0 0 0 0 0 0 0
car 0.0 0 0 159 207 170 222 0 0 0 0 0 0 0
car 0.0 0 0 177 183 199 236 0 0 0 0 0 0 0
car 0.0 0 0 76 215 117 243 0 0 0 0 0 0 0
car 0.0 0 0 63 175 136 217 0 0 0 0 0 0 0
car 0.0 0 0 306 147 321 158 0 0 0 0 0 0 0
car 0.0 0 0 208 148 219 163 0 0 0 0 0 0 0
car 0.0 0 0 84 55 100 64 0 0 0 0 0 0 0
car 0.0 0 0 209 84 218 99 0 0 0 0 0 0 0
car 0.0 0 0 222 89 231 103 0 0 0 0 0 0 0
car 0.0 0 0 214 69 223 84 0 0 0 0 0 0 0
car 0.0 0 0 255 76 264 90 0 0 0 0 0 0 0
car 0.0 0 0 306 20 314 33 0 0 0 0 0 0 0
