car 0.916666666667 0 0 14 0 24 1 0 0 0 0 0 0 0
car 0.5 0 0 36 0 46 7 0 0 0 0 0 0 0
car 0.388888888889 0 0 43 0 53 11 0 0 0 0 0 0 0
car 0.2 0 0 54 0 63 12 0 0 0 0 0 0 0
car 0.0 0 0 25 20 41 28 0 0 0 0 0 0 0
car 0.0 0 0 42 21 53 28 0 0 0 0 0 0 0
car 0.0 0 0 72 10 90 20 0 0 0 0 0 0 0
car 0.0 0 0 93 15 111 23 0 0 0 0 0 0 0
car 0.0 0 0 136 3 144 18 0 0 0 0 0 0 0
car 0.0 0 0 134 29 146 38 0 0 0 0 0 0 0
car 0.0 0 0 146 33 161 41 0 0 0 0 0 0 0
car 0.0 0 0 151 15 160 31 0 0 0 0 0 0 0
car 0.0 0 0 158 17 167 32 0 0 0 0 0 0 0
car 0.176470588235 0 0 154 0 165 14 0 0 0 0 0 0 0
car 0.117647058824 0 0 163 0 173 15 0 0 0 0 0 0 0
car 0.0 0 0 172 83 182 90 0 0 0 0 0 0 0
car 0.0 0 0 147 71 154 81 0 0 0 0 0 0 0
car 0.0 0 0 175 77 191 86 0 0 0 0 0 0 0
car 0.0 0 0 172 69 183 77 0 0 0 0 0 0 0
car 0.0 0 0 172 46 183 52 0 0 0 0 0 0 0
car 0.0 0 0 0 307 10 313 0 0 0 0 0 0 0
