car 0.0 0 0 9 268 20 283 0 0 0 0 0 0 0
car 0.0 0 0 11 209 20 224 0 0 0 0 0 0 0
car 0.0 0 0 26 243 36 259 0 0 0 0 0 0 0
car 0.0 0 0 36 202 46 216 0 0 0 0 0 0 0
car 0.0 0 0 27 195 38 208 0 0 0 0 0 0 0
car 0.0 0 0 26 165 35 177 0 0 0 0 0 0 0
car 0.0 0 0 30 134 42 150 0 0 0 0 0 0 0
car 0.0 0 0 56 131 67 148 0 0 0 0 0 0 0
car 0.0 0 0 54 89 68 111 0 0 0 0 0 0 0
car 0.0 0 0 57 50 67 65 0 0 0 0 0 0 0
car 0.0 0 0 43 39 55 54 0 0 0 0 0 0 0
car 0.125 0 0 80 0 91 14 0 0 0 0 0 0 0
car 0.533333333333 0 0 94 0 104 7 0 0 0 0 0 0 0
car 0.0555555555556 0 0 131 0 142 17 0 0 0 0 0 0 0
car 0.0 0 0 194 44 205 58 0 0 0 0 0 0 0
car 0.0 0 0 107 132 119 148 0 0 0 0 0 0 0
car 0.0 0 0 89 117 99 134 0 0 0 0 0 0 0
car 0.0 0 0 44 276 56 294 0 0 0 0 0 0 0
car 0.0 0 0 77 328 87 343 0 0 0 0 0 0 0
car 0.0 0 0 245 203 256 210 0 0 0 0 0 0 0
car 0.0 0 0 301 219 317 228 0 0 0 0 0 0 0
car 0.666666666667 0 0 348 233 352 241 0 0 0 0 0 0 0
car 0.0 0 0 79 142 100 195 0 0 0 0 0 0 0
car 0.0 0 0 138 185 153 200 0 0 0 0 0 0 0
car 0.0 0 0 221 65 248 88 0 0 0 0 0 0 0
car 0.0 0 0 123 201 137 218 0 0 0 0 0 0 0
