car 0.0 0 0 29 210 41 218 0 0 0 0 0 0 0
car 0.0 0 0 48 199 68 210 0 0 0 0 0 0 0
car 0.0 0 0 70 224 83 233 0 0 0 0 0 0 0
car 0.0 0 0 84 229 93 236 0 0 0 0 0 0 0
car 0.0 0 0 97 215 112 224 0 0 0 0 0 0 0
car 0.0 0 0 85 211 95 217 0 0 0 0 0 0 0
car 0.0 0 0 161 239 176 247 0 0 0 0 0 0 0
car 0.0 0 0 168 254 182 262 0 0 0 0 0 0 0
car 0.0 0 0 204 253 217 262 0 0 0 0 0 0 0
car 0.0 0 0 236 263 250 272 0 0 0 0 0 0 0
car 0.0 0 0 218 277 236 287 0 0 0 0 0 0 0
car 0.0 0 0 245 268 262 278 0 0 0 0 0 0 0
car 0.0 0 0 264 272 278 280 0 0 0 0 0 0 0
car 0.0 0 0 285 300 301 309 0 0 0 0 0 0 0
car 0.0 0 0 292 282 308 291 0 0 0 0 0 0 0
car 0.0 0 0 315 310 330 319 0 0 0 0 0 0 0
car 0.0 0 0 340 297 351 305 0 0 0 0 0 0 0
car 0.0 0 0 147 254 166 265 0 0 0 0 0 0 0
