car 0.0 0 0 80 322 91 338 0 0 0 0 0 0 0
car 0.0 0 0 94 316 104 331 0 0 0 0 0 0 0
car 0.0 0 0 50 286 68 296 0 0 0 0 0 0 0
car 0.0 0 0 53 275 71 285 0 0 0 0 0 0 0
car 0.0 0 0 93 283 103 298 0 0 0 0 0 0 0
car 0.0 0 0 67 251 78 267 0 0 0 0 0 0 0
car 0.0 0 0 103 232 113 247 0 0 0 0 0 0 0
car 0.0 0 0 131 323 142 341 0 0 0 0 0 0 0
car 0.0 0 0 155 272 166 289 0 0 0 0 0 0 0
car 0.0 0 0 114 234 126 252 0 0 0 0 0 0 0
car 0.0 0 0 266 54 279 62 0 0 0 0 0 0 0
car 0.3125 0 0 229 0 240 11 0 0 0 0 0 0 0
car 0.0 0 0 141 78 153 94 0 0 0 0 0 0 0
car 0.0 0 0 154 76 165 90 0 0 0 0 0 0 0
car 0.0 0 0 164 21 175 36 0 0 0 0 0 0 0
car 0.0 0 0 137 46 148 61 0 0 0 0 0 0 0
car 0.0555555555556 0 0 145 0 158 17 0 0 0 0 0 0 0
car 0.0 0 0 193 58 236 96 0 0 0 0 0 0 0
car 0.0 0 0 129 121 139 136 0 0 0 0 0 0 0
car 0.0 0 0 216 107 227 123 0 0 0 0 0 0 0
