car 0.0 0 0 102 76 118 84 0 0 0 0 0 0 0
car 0.0 0 0 78 64 95 71 0 0 0 0 0 0 0
car 0.0 0 0 102 28 109 41 0 0 0 0 0 0 0
car 0.0 0 0 108 29 116 43 0 0 0 0 0 0 0
car 0.0 0 0 120 37 131 50 0 0 0 0 0 0 0
car 0.0 0 0 111 51 130 60 0 0 0 0 0 0 0
car 0.0 0 0 128 37 138 53 0 0 0 0 0 0 0
car 0.0 0 0 136 41 144 55 0 0 0 0 0 0 0
car 0.0 0 0 135 87 143 100 0 0 0 0 0 0 0
car 0.0 0 0 154 84 173 94 0 0 0 0 0 0 0
car 0.0 0 0 172 89 187 97 0 0 0 0 0 0 0
car 0.0 0 0 215 105 230 115 0 0 0 0 0 0 0
car 0.0 0 0 231 108 249 118 0 0 0 0 0 0 0
car 0.0 0 0 237 103 252 110 0 0 0 0 0 0 0
car 0.0 0 0 251 106 269 117 0 0 0 0 0 0 0
car 0.0 0 0 251 112 265 122 0 0 0 0 0 0 0
car 0.0 0 0 308 124 323 133 0 0 0 0 0 0 0
car 0.0 0 0 307 130 322 139 0 0 0 0 0 0 0
car 0.0 0 0 326 130 339 138 0 0 0 0 0 0 0
car 0.0 0 0 323 135 342 146 0 0 0 0 0 0 0
