car 0.0 0 0 189 176 205 188 0 0 0 0 0 0 0
car 0.0 0 0 205 146 214 160 0 0 0 0 0 0 0
car 0.0 0 0 215 146 225 161 0 0 0 0 0 0 0
car 0.0 0 0 227 146 238 160 0 0 0 0 0 0 0
car 0.0 0 0 235 188 249 196 0 0 0 0 0 0 0
car 0.0 0 0 228 194 243 203 0 0 0 0 0 0 0
car 0.0 0 0 227 201 244 211 0 0 0 0 0 0 0
car 0.0 0 0 227 208 244 218 0 0 0 0 0 0 0
car 0.0 0 0 222 215 241 224 0 0 0 0 0 0 0
car 0.0 0 0 219 221 240 232 0 0 0 0 0 0 0
car 0.0 0 0 178 184 193 194 0 0 0 0 0 0 0
car 0.0 0 0 156 187 171 195 0 0 0 0 0 0 0
car 0.0 0 0 163 180 174 187 0 0 0 0 0 0 0
car 0.0 0 0 177 193 194 200 0 0 0 0 0 0 0
car 0.0 0 0 180 200 193 208 0 0 0 0 0 0 0
car 0.0 0 0 178 208 191 216 0 0 0 0 0 0 0
car 0.0 0 0 177 221 190 230 0 0 0 0 0 0 0
car 0.0 0 0 175 230 189 238 0 0 0 0 0 0 0
car 0.0 0 0 169 240 184 250 0 0 0 0 0 0 0
car 0.0 0 0 162 251 175 261 0 0 0 0 0 0 0
car 0.0 0 0 151 267 167 276 0 0 0 0 0 0 0
car 0.0 0 0 139 278 152 287 0 0 0 0 0 0 0
car 0.0 0 0 135 251 148 261 0 0 0 0 0 0 0
car 0.0 0 0 134 244 148 252 0 0 0 0 0 0 0
car 0.0 0 0 139 237 158 245 0 0 0 0 0 0 0
car 0.0 0 0 172 303 180 318 0 0 0 0 0 0 0
car 0.0 0 0 163 304 173 318 0 0 0 0 0 0 0
car 0.0 0 0 155 303 165 318 0 0 0 0 0 0 0
car 0.0 0 0 147 301 155 313 0 0 0 0 0 0 0
car 0.0 0 0 121 297 132 313 0 0 0 0 0 0 0
car 0.0 0 0 114 294 124 311 0 0 0 0 0 0 0
car 0.0 0 0 107 294 116 308 0 0 0 0 0 0 0
car 0.0 0 0 98 292 107 306 0 0 0 0 0 0 0
car 0.0 0 0 90 291 98 304 0 0 0 0 0 0 0
car 0.0 0 0 82 289 91 305 0 0 0 0 0 0 0
car 0.0 0 0 74 287 85 303 0 0 0 0 0 0 0
car 0.0 0 0 67 287 76 301 0 0 0 0 0 0 0
car 0.0 0 0 58 283 68 298 0 0 0 0 0 0 0
car 0.0 0 0 50 280 61 295 0 0 0 0 0 0 0
car 0.0 0 0 42 281 52 295 0 0 0 0 0 0 0
car 0.0 0 0 34 278 45 294 0 0 0 0 0 0 0
car 0.0 0 0 25 276 36 291 0 0 0 0 0 0 0
car 0.0 0 0 16 277 26 291 0 0 0 0 0 0 0
car 0.0 0 0 8 273 19 288 0 0 0 0 0 0 0
car 0.0 0 0 0 273 10 287 0 0 0 0 0 0 0
car 0.7 0 0 0 271 3 286 0 0 0 0 0 0 0
car 0.0 0 0 217 237 233 246 0 0 0 0 0 0 0
car 0.0 0 0 214 246 234 257 0 0 0 0 0 0 0
car 0.0 0 0 215 253 231 263 0 0 0 0 0 0 0
car 0.0 0 0 213 262 226 270 0 0 0 0 0 0 0
car 0.0 0 0 211 270 225 278 0 0 0 0 0 0 0
car 0.0 0 0 202 283 223 297 0 0 0 0 0 0 0
car 0.0 0 0 197 291 212 303 0 0 0 0 0 0 0
car 0.0 0 0 192 300 203 313 0 0 0 0 0 0 0
car 0.0 0 0 154 258 171 266 0 0 0 0 0 0 0
car 0.0 0 0 63 107 88 128 0 0 0 0 0 0 0
