car 0.928571428571 0 0 0 32 1 46 0 0 0 0 0 0 0
car 0.0 0 0 1 36 14 50 0 0 0 0 0 0 0
car 0.0 0 0 13 40 28 54 0 0 0 0 0 0 0
car 0.0 0 0 25 44 41 57 0 0 0 0 0 0 0
car 0.0 0 0 41 48 56 61 0 0 0 0 0 0 0
car 0.0 0 0 55 51 70 65 0 0 0 0 0 0 0
car 0.0 0 0 67 55 84 70 0 0 0 0 0 0 0
car 0.0 0 0 81 58 97 73 0 0 0 0 0 0 0
car 0.0 0 0 95 63 108 77 0 0 0 0 0 0 0
car 0.0 0 0 108 66 122 81 0 0 0 0 0 0 0
car 0.0 0 0 122 70 137 85 0 0 0 0 0 0 0
car 0.0 0 0 14 313 24 325 0 0 0 0 0 0 0
car 0.0 0 0 2 309 12 322 0 0 0 0 0 0 0
car 0.0 0 0 36 317 46 331 0 0 0 0 0 0 0
car 0.0 0 0 43 317 53 335 0 0 0 0 0 0 0
car 0.0 0 0 54 321 63 336 0 0 0 0 0 0 0
car 0.0 0 0 25 344 41 352 0 0 0 0 0 0 0
car 0.0 0 0 42 345 53 352 0 0 0 0 0 0 0
car 0.0 0 0 72 334 90 344 0 0 0 0 0 0 0
car 0.0 0 0 93 339 111 347 0 0 0 0 0 0 0
car 0.0 0 0 136 327 144 342 0 0 0 0 0 0 0
car 0.1875 0 0 151 339 160 352 0 0 0 0 0 0 0
car 0.266666666667 0 0 158 341 167 352 0 0 0 0 0 0 0
car 0.0 0 0 154 321 165 338 0 0 0 0 0 0 0
car 0.0 0 0 163 322 173 339 0 0 0 0 0 0 0
