car 0.0 0 0 46 70 53 78 0 0 0 0 0 0 0
car 0.0 0 0 57 84 66 96 0 0 0 0 0 0 0
car 0.0 0 0 97 127 114 135 0 0 0 0 0 0 0
car 0.0 0 0 91 115 105 121 0 0 0 0 0 0 0
car 0.0 0 0 96 120 110 127 0 0 0 0 0 0 0
car 0.0 0 0 61 188 76 199 0 0 0 0 0 0 0
car 0.0 0 0 217 190 230 209 0 0 0 0 0 0 0
car 0.0 0 0 230 182 244 201 0 0 0 0 0 0 0
car 0.0 0 0 302 138 317 157 0 0 0 0 0 0 0
car 0.411764705882 0 0 342 59 352 71 0 0 0 0 0 0 0
car 0.0 0 0 124 204 132 216 0 0 0 0 0 0 0
car 0.0 0 0 148 300 164 312 0 0 0 0 0 0 0
car 0.0 0 0 259 238 270 252 0 0 0 0 0 0 0
car 0.0 0 0 58 182 73 192 0 0 0 0 0 0 0
car 0.0 0 0 52 178 65 186 0 0 0 0 0 0 0
car 0.0 0 0 49 173 65 181 0 0 0 0 0 0 0
car 0.0 0 0 251 202 264 212 0 0 0 0 0 0 0
