car 0.454545454545 0 0 0 173 6 185 0 0 0 0 0 0 0
car 0.0 0 0 20 165 28 173 0 0 0 0 0 0 0
car 0.0 0 0 28 163 37 173 0 0 0 0 0 0 0
car 0.0 0 0 39 158 46 167 0 0 0 0 0 0 0
car 0.0 0 0 47 154 56 163 0 0 0 0 0 0 0
car 0.0 0 0 58 153 63 161 0 0 0 0 0 0 0
car 0.0 0 0 74 142 82 150 0 0 0 0 0 0 0
car 0.0 0 0 88 140 95 147 0 0 0 0 0 0 0
car 0.0 0 0 37 99 45 106 0 0 0 0 0 0 0
car 0.0 0 0 86 75 97 88 0 0 0 0 0 0 0
car 0.0 0 0 211 211 232 232 0 0 0 0 0 0 0
car 0.857142857143 0 0 350 187 352 202 0 0 0 0 0 0 0
car 0.0 0 0 326 152 336 163 0 0 0 0 0 0 0
car 0.0 0 0 41 219 58 242 0 0 0 0 0 0 0
car 0.0 0 0 186 162 194 175 0 0 0 0 0 0 0
car 0.0 0 0 145 150 178 197 0 0 0 0 0 0 0
car 0.0 0 0 302 111 330 146 0 0 0 0 0 0 0
car 0.0 0 0 145 108 153 118 0 0 0 0 0 0 0
car 0.0 0 0 205 81 215 91 0 0 0 0 0 0 0
car 0.0 0 0 64 144 75 154 0 0 0 0 0 0 0
car 0.0 0 0 230 231 242 243 0 0 0 0 0 0 0
