car 0.0 0 0 237 140 248 152 0 0 0 0 0 0 0
car 0.0 0 0 300 152 310 163 0 0 0 0 0 0 0
car 0.0 0 0 336 206 351 219 0 0 0 0 0 0 0
car 0.0 0 0 325 247 338 260 0 0 0 0 0 0 0
car 0.0 0 0 213 279 225 291 0 0 0 0 0 0 0
car 0.0 0 0 166 319 181 334 0 0 0 0 0 0 0
car 0.0 0 0 152 338 170 345 0 0 0 0 0 0 0
car 0.0 0 0 308 314 321 327 0 0 0 0 0 0 0
car 0.0 0 0 216 319 231 335 0 0 0 0 0 0 0
car 0.0 0 0 93 324 108 338 0 0 0 0 0 0 0
car 0.0 0 0 173 176 191 188 0 0 0 0 0 0 0
car 0.0 0 0 190 169 207 182 0 0 0 0 0 0 0
