car 0.0 0 0 133 216 140 222 0 0 0 0 0 0 0
car 0.0 0 0 175 212 188 222 0 0 0 0 0 0 0
car 0.0 0 0 199 204 213 215 0 0 0 0 0 0 0
car 0.0 0 0 214 199 225 207 0 0 0 0 0 0 0
car 0.0 0 0 201 183 220 194 0 0 0 0 0 0 0
car 0.0 0 0 216 225 227 235 0 0 0 0 0 0 0
car 0.0 0 0 222 219 234 232 0 0 0 0 0 0 0
car 0.0 0 0 239 213 250 221 0 0 0 0 0 0 0
car 0.0 0 0 192 173 205 189 0 0 0 0 0 0 0
car 0.0 0 0 225 161 238 177 0 0 0 0 0 0 0
car 0.0 0 0 244 158 252 169 0 0 0 0 0 0 0
car 0.0 0 0 236 188 251 198 0 0 0 0 0 0 0
car 0.0 0 0 276 143 297 157 0 0 0 0 0 0 0
car 0.0 0 0 269 130 282 144 0 0 0 0 0 0 0
car 0.0 0 0 293 127 303 136 0 0 0 0 0 0 0
car 0.0 0 0 254 183 261 193 0 0 0 0 0 0 0
car 0.0 0 0 319 173 330 185 0 0 0 0 0 0 0
car 0.0 0 0 344 165 352 173 0 0 0 0 0 0 0
car 0.0 0 0 176 15 189 35 0 0 0 0 0 0 0
car 0.0 0 0 175 277 189 288 0 0 0 0 0 0 0
car 0.0 0 0 182 287 194 296 0 0 0 0 0 0 0
car 0.0 0 0 187 295 200 304 0 0 0 0 0 0 0
car 0.0 0 0 55 133 65 144 0 0 0 0 0 0 0
car 0.0 0 0 63 145 73 160 0 0 0 0 0 0 0
car 0.0 0 0 74 158 83 174 0 0 0 0 0 0 0
car 0.0 0 0 89 180 96 187 0 0 0 0 0 0 0
car 0.0 0 0 107 204 114 213 0 0 0 0 0 0 0
car 0.0 0 0 41 257 50 262 0 0 0 0 0 0 0
car 0.0 0 0 147 191 163 204 0 0 0 0 0 0 0
car 0.0 0 0 127 196 142 205 0 0 0 0 0 0 0
car 0.0 0 0 76 262 97 272 0 0 0 0 0 0 0
car 0.0 0 0 209 168 221 179 0 0 0 0 0 0 0
car 0.0 0 0 249 151 260 164 0 0 0 0 0 0 0
car 0.0 0 0 249 207 269 216 0 0 0 0 0 0 0
car 0.0 0 0 178 226 192 237 0 0 0 0 0 0 0
car 0.0 0 0 195 194 211 204 0 0 0 0 0 0 0
