car 0.0 0 0 74 52 100 75 0 0 0 0 0 0 0
car 0.0 0 0 179 32 195 45 0 0 0 0 0 0 0
car 0.0 0 0 173 39 187 50 0 0 0 0 0 0 0
car 0.0 0 0 166 45 179 54 0 0 0 0 0 0 0
car 0.0 0 0 161 51 174 64 0 0 0 0 0 0 0
car 0.0 0 0 81 117 94 124 0 0 0 0 0 0 0
car 0.0 0 0 24 142 38 156 0 0 0 0 0 0 0
car 0.0 0 0 31 141 53 161 0 0 0 0 0 0 0
car 0.0 0 0 58 139 71 150 0 0 0 0 0 0 0
car 0.0 0 0 82 132 96 143 0 0 0 0 0 0 0
car 0.0 0 0 96 142 122 162 0 0 0 0 0 0 0
car 0.0 0 0 72 149 85 160 0 0 0 0 0 0 0
car 0.0 0 0 87 159 97 169 0 0 0 0 0 0 0
car 0.0 0 0 94 170 108 181 0 0 0 0 0 0 0
car 0.0 0 0 145 176 159 187 0 0 0 0 0 0 0
car 0.0 0 0 135 197 148 209 0 0 0 0 0 0 0
car 0.0 0 0 142 201 154 213 0 0 0 0 0 0 0
car 0.0 0 0 150 206 163 218 0 0 0 0 0 0 0
car 0.0 0 0 161 215 175 227 0 0 0 0 0 0 0
car 0.0 0 0 169 218 182 231 0 0 0 0 0 0 0
car 0.0 0 0 176 226 189 236 0 0 0 0 0 0 0
car 0.0 0 0 186 207 199 217 0 0 0 0 0 0 0
car 0.0 0 0 207 222 222 233 0 0 0 0 0 0 0
car 0.0 0 0 149 64 162 77 0 0 0 0 0 0 0
car 0.0 0 0 168 182 185 194 0 0 0 0 0 0 0
car 0.0 0 0 51 73 70 85 0 0 0 0 0 0 0
car 0.0 0 0 237 241 251 253 0 0 0 0 0 0 0
car 0.0 0 0 249 252 265 264 0 0 0 0 0 0 0
car 0.0 0 0 261 262 276 272 0 0 0 0 0 0 0
car 0.0 0 0 283 308 294 321 0 0 0 0 0 0 0
car 0.0 0 0 297 281 310 291 0 0 0 0 0 0 0
car 0.0 0 0 281 324 294 336 0 0 0 0 0 0 0
car 0.0 0 0 186 190 199 200 0 0 0 0 0 0 0
