car 0.0 0 0 32 295 46 306 0 0 0 0 0 0 0
car 0.0 0 0 76 246 86 258 0 0 0 0 0 0 0
car 0.0 0 0 105 233 112 247 0 0 0 0 0 0 0
car 0.0 0 0 135 215 144 226 0 0 0 0 0 0 0
car 0.0 0 0 191 212 203 220 0 0 0 0 0 0 0
car 0.0 0 0 197 188 208 200 0 0 0 0 0 0 0
car 0.0 0 0 231 189 244 199 0 0 0 0 0 0 0
car 0.0 0 0 285 155 298 165 0 0 0 0 0 0 0
car 0.0 0 0 105 192 116 202 0 0 0 0 0 0 0
car 0.0 0 0 185 169 199 182 0 0 0 0 0 0 0
car 0.0 0 0 89 49 102 62 0 0 0 0 0 0 0
car 0.0 0 0 97 52 112 65 0 0 0 0 0 0 0
car 0.0 0 0 124 38 137 51 0 0 0 0 0 0 0
car 0.0 0 0 123 223 135 235 0 0 0 0 0 0 0
car 0.0 0 0 248 17 271 24 0 0 0 0 0 0 0
