car 0.0 0 0 264 39 280 54 0 0 0 0 0 0 0
car 0.0 0 0 197 85 210 95 0 0 0 0 0 0 0
car 0.0 0 0 177 100 192 112 0 0 0 0 0 0 0
car 0.0 0 0 155 122 169 135 0 0 0 0 0 0 0
car 0.0 0 0 281 0 294 12 0 0 0 0 0 0 0
car 0.0 0 0 120 155 133 167 0 0 0 0 0 0 0
car 0.0 0 0 108 168 119 178 0 0 0 0 0 0 0
car 0.0 0 0 96 175 110 189 0 0 0 0 0 0 0
car 0.0 0 0 163 140 185 160 0 0 0 0 0 0 0
car 0.0 0 0 71 257 82 274 0 0 0 0 0 0 0
car 0.0 0 0 98 229 115 237 0 0 0 0 0 0 0
car 0.0 0 0 95 237 110 244 0 0 0 0 0 0 0
car 0.0 0 0 147 151 162 163 0 0 0 0 0 0 0
car 0.0 0 0 87 187 99 197 0 0 0 0 0 0 0
car 0.0 0 0 88 210 103 221 0 0 0 0 0 0 0
car 0.0 0 0 74 196 88 208 0 0 0 0 0 0 0
car 0.0 0 0 50 220 67 234 0 0 0 0 0 0 0
