car 0.0 0 0 318 78 325 90 0 0 0 0 0 0 0
car 0.0 0 0 328 85 337 98 0 0 0 0 0 0 0
car 0.0 0 0 251 165 259 175 0 0 0 0 0 0 0
car 0.0 0 0 241 204 250 219 0 0 0 0 0 0 0
car 0.0 0 0 251 217 260 232 0 0 0 0 0 0 0
car 0.0 0 0 285 230 293 242 0 0 0 0 0 0 0
car 0.0 0 0 241 255 249 269 0 0 0 0 0 0 0
car 0.0 0 0 230 258 240 270 0 0 0 0 0 0 0
car 0.0 0 0 228 299 236 312 0 0 0 0 0 0 0
car 0.0 0 0 259 328 268 341 0 0 0 0 0 0 0
car 0.0 0 0 222 324 230 338 0 0 0 0 0 0 0
car 0.0833333333333 0 0 245 341 253 352 0 0 0 0 0 0 0
car 0.615384615385 0 0 205 347 214 352 0 0 0 0 0 0 0
car 0.0 0 0 28 136 46 158 0 0 0 0 0 0 0
car 0.0 0 0 96 63 114 87 0 0 0 0 0 0 0
car 0.0 0 0 122 156 135 164 0 0 0 0 0 0 0
car 0.0 0 0 24 183 37 193 0 0 0 0 0 0 0
