car 0.0 0 0 194 336 212 345 0 0 0 0 0 0 0
car 0.0 0 0 275 334 296 344 0 0 0 0 0 0 0
car 0.0 0 0 42 313 54 330 0 0 0 0 0 0 0
car 0.0 0 0 149 77 158 91 0 0 0 0 0 0 0
car 0.0 0 0 99 86 107 98 0 0 0 0 0 0 0
car 0.0 0 0 110 87 119 100 0 0 0 0 0 0 0
car 0.0 0 0 137 93 145 104 0 0 0 0 0 0 0
car 0.0 0 0 81 147 92 163 0 0 0 0 0 0 0
car 0.0 0 0 79 199 87 213 0 0 0 0 0 0 0
car 0.0 0 0 51 205 61 220 0 0 0 0 0 0 0
car 0.0 0 0 333 335 352 344 0 0 0 0 0 0 0
car 0.0588235294118 0 0 336 329 352 337 0 0 0 0 0 0 0
car 0.133333333333 0 0 339 319 352 328 0 0 0 0 0 0 0
car 0.0 0 0 331 307 349 318 0 0 0 0 0 0 0
car 0.0 0 0 321 290 332 305 0 0 0 0 0 0 0
car 0.0 0 0 279 30 299 40 0 0 0 0 0 0 0
car 0.0 0 0 275 43 301 56 0 0 0 0 0 0 0
car 0.0 0 0 257 37 276 46 0 0 0 0 0 0 0
car 0.0 0 0 263 65 289 76 0 0 0 0 0 0 0
car 0.0 0 0 241 76 267 92 0 0 0 0 0 0 0
car 0.0 0 0 258 88 282 98 0 0 0 0 0 0 0
car 0.0 0 0 309 43 323 65 0 0 0 0 0 0 0
car 0.0 0 0 304 76 313 90 0 0 0 0 0 0 0
car 0.0 0 0 236 105 257 116 0 0 0 0 0 0 0
car 0.0 0 0 259 100 274 107 0 0 0 0 0 0 0
car 0.0 0 0 259 106 274 113 0 0 0 0 0 0 0
car 0.0 0 0 235 132 247 138 0 0 0 0 0 0 0
car 0.0 0 0 213 55 232 68 0 0 0 0 0 0 0
car 0.0 0 0 207 67 231 77 0 0 0 0 0 0 0
car 0.0 0 0 187 76 205 94 0 0 0 0 0 0 0
car 0.0 0 0 201 96 219 107 0 0 0 0 0 0 0
car 0.0 0 0 189 128 214 137 0 0 0 0 0 0 0
car 0.0 0 0 292 100 306 122 0 0 0 0 0 0 0
car 0.0 0 0 251 141 263 152 0 0 0 0 0 0 0
car 0.0 0 0 247 149 261 164 0 0 0 0 0 0 0
car 0.0 0 0 227 157 242 166 0 0 0 0 0 0 0
car 0.0 0 0 276 164 285 177 0 0 0 0 0 0 0
car 0.0 0 0 242 165 254 176 0 0 0 0 0 0 0
car 0.0 0 0 222 176 240 186 0 0 0 0 0 0 0
car 0.0 0 0 167 172 177 183 0 0 0 0 0 0 0
car 0.0 0 0 161 189 177 196 0 0 0 0 0 0 0
car 0.0 0 0 176 190 191 198 0 0 0 0 0 0 0
car 0.0 0 0 168 201 188 210 0 0 0 0 0 0 0
car 0.0 0 0 156 211 172 219 0 0 0 0 0 0 0
car 0.0 0 0 152 223 166 239 0 0 0 0 0 0 0
car 0.0 0 0 151 278 165 287 0 0 0 0 0 0 0
car 0.0 0 0 153 287 167 299 0 0 0 0 0 0 0
car 0.0 0 0 148 294 163 308 0 0 0 0 0 0 0
car 0.0 0 0 142 306 156 315 0 0 0 0 0 0 0
car 0.0 0 0 138 324 156 333 0 0 0 0 0 0 0
car 0.0 0 0 200 316 213 322 0 0 0 0 0 0 0
car 0.0 0 0 202 306 217 314 0 0 0 0 0 0 0
car 0.0 0 0 189 285 204 296 0 0 0 0 0 0 0
car 0.0 0 0 205 296 218 305 0 0 0 0 0 0 0
car 0.0 0 0 207 287 220 295 0 0 0 0 0 0 0
car 0.0 0 0 195 271 210 282 0 0 0 0 0 0 0
car 0.0 0 0 201 260 214 270 0 0 0 0 0 0 0
car 0.0 0 0 213 267 226 275 0 0 0 0 0 0 0
car 0.0 0 0 250 270 257 282 0 0 0 0 0 0 0
car 0.0 0 0 242 288 250 300 0 0 0 0 0 0 0
car 0.0 0 0 240 301 248 313 0 0 0 0 0 0 0
car 0.0 0 0 236 316 245 330 0 0 0 0 0 0 0
car 0.0 0 0 259 322 269 337 0 0 0 0 0 0 0
car 0.0 0 0 264 309 272 321 0 0 0 0 0 0 0
car 0.0 0 0 281 318 298 326 0 0 0 0 0 0 0
car 0.0 0 0 281 311 295 318 0 0 0 0 0 0 0
car 0.0 0 0 283 302 300 311 0 0 0 0 0 0 0
car 0.0 0 0 269 288 278 303 0 0 0 0 0 0 0
car 0.0 0 0 289 286 305 293 0 0 0 0 0 0 0
car 0.0 0 0 291 277 306 283 0 0 0 0 0 0 0
car 0.0 0 0 290 267 306 276 0 0 0 0 0 0 0
car 0.0 0 0 280 255 288 267 0 0 0 0 0 0 0
car 0.0 0 0 292 260 311 269 0 0 0 0 0 0 0
car 0.0 0 0 296 254 312 261 0 0 0 0 0 0 0
car 0.0 0 0 298 247 314 255 0 0 0 0 0 0 0
car 0.0 0 0 284 240 292 252 0 0 0 0 0 0 0
car 0.0 0 0 207 231 220 241 0 0 0 0 0 0 0
car 0.0 0 0 218 240 235 249 0 0 0 0 0 0 0
car 0.0 0 0 211 218 224 226 0 0 0 0 0 0 0
car 0.0 0 0 225 218 239 227 0 0 0 0 0 0 0
car 0.0 0 0 230 213 243 218 0 0 0 0 0 0 0
car 0.0 0 0 233 188 250 197 0 0 0 0 0 0 0
car 0.0 0 0 233 196 247 203 0 0 0 0 0 0 0
car 0.0 0 0 217 196 231 203 0 0 0 0 0 0 0
car 0.0 0 0 262 214 270 227 0 0 0 0 0 0 0
car 0.0 0 0 290 210 299 223 0 0 0 0 0 0 0
car 0.0 0 0 268 198 276 210 0 0 0 0 0 0 0
car 0.0 0 0 296 197 305 208 0 0 0 0 0 0 0
car 0.0 0 0 301 182 309 194 0 0 0 0 0 0 0
car 0.0 0 0 273 183 283 196 0 0 0 0 0 0 0
car 0.0 0 0 305 163 313 176 0 0 0 0 0 0 0
car 0.0 0 0 316 119 327 133 0 0 0 0 0 0 0
car 0.0 0 0 342 244 351 256 0 0 0 0 0 0 0
car 0.0 0 0 305 217 320 224 0 0 0 0 0 0 0
car 0.0 0 0 312 197 327 204 0 0 0 0 0 0 0
car 0.375 0 0 347 213 352 225 0 0 0 0 0 0 0
car 0.125 0 0 345 201 352 212 0 0 0 0 0 0 0
car 0.0 0 0 316 183 332 190 0 0 0 0 0 0 0
car 0.0 0 0 318 177 332 184 0 0 0 0 0 0 0
car 0.0 0 0 319 151 342 161 0 0 0 0 0 0 0
car 0.0 0 0 332 127 346 134 0 0 0 0 0 0 0
car 0.0 0 0 333 122 347 128 0 0 0 0 0 0 0
car 0.25 0 0 340 114 352 123 0 0 0 0 0 0 0
car 0.208333333333 0 0 333 100 352 109 0 0 0 0 0 0 0
car 0.318181818182 0 0 337 89 352 98 0 0 0 0 0 0 0
car 0.444444444444 0 0 342 82 352 90 0 0 0 0 0 0 0
car 0.625 0 0 346 77 352 84 0 0 0 0 0 0 0
car 0.647058823529 0 0 346 70 352 77 0 0 0 0 0 0 0
car 0.888888888889 0 0 350 63 352 72 0 0 0 0 0 0 0
car 0.0 0 0 338 41 349 61 0 0 0 0 0 0 0
