car 0.857142857143 0 0 0 78 1 90 0 0 0 0 0 0 0
car 0.0 0 0 4 85 13 98 0 0 0 0 0 0 0
car 0.0 0 0 185 282 199 294 0 0 0 0 0 0 0
car 0.0 0 0 195 265 208 277 0 0 0 0 0 0 0
car 0.0 0 0 209 265 221 276 0 0 0 0 0 0 0
car 0.0 0 0 249 274 261 284 0 0 0 0 0 0 0
car 0.0 0 0 263 296 275 307 0 0 0 0 0 0 0
car 0.0 0 0 297 310 308 319 0 0 0 0 0 0 0
car 0.0 0 0 303 303 316 315 0 0 0 0 0 0 0
car 0.0 0 0 325 308 338 319 0 0 0 0 0 0 0
car 0.0 0 0 334 279 351 287 0 0 0 0 0 0 0
car 0.0 0 0 303 274 316 284 0 0 0 0 0 0 0
car 0.0 0 0 284 279 300 289 0 0 0 0 0 0 0
car 0.0 0 0 268 267 282 280 0 0 0 0 0 0 0
car 0.0 0 0 312 254 330 264 0 0 0 0 0 0 0
car 0.0 0 0 308 241 325 250 0 0 0 0 0 0 0
car 0.0 0 0 261 234 277 243 0 0 0 0 0 0 0
car 0.0 0 0 303 226 316 233 0 0 0 0 0 0 0
car 0.0 0 0 194 178 210 186 0 0 0 0 0 0 0
car 0.0 0 0 301 163 318 172 0 0 0 0 0 0 0
car 0.0 0 0 240 157 252 165 0 0 0 0 0 0 0
car 0.0 0 0 267 132 282 141 0 0 0 0 0 0 0
car 0.0 0 0 330 138 347 146 0 0 0 0 0 0 0
car 0.0 0 0 327 143 341 150 0 0 0 0 0 0 0
car 0.0 0 0 330 150 346 159 0 0 0 0 0 0 0
car 0.0 0 0 225 59 242 69 0 0 0 0 0 0 0
car 0.0 0 0 291 48 304 55 0 0 0 0 0 0 0
car 0.0 0 0 232 31 249 40 0 0 0 0 0 0 0
car 0.0 0 0 137 17 150 41 0 0 0 0 0 0 0
car 0.0 0 0 243 0 260 8 0 0 0 0 0 0 0
car 0.0 0 0 243 7 258 14 0 0 0 0 0 0 0
car 0.0 0 0 239 18 252 25 0 0 0 0 0 0 0
