car 0.769230769231 0 0 122 0 130 3 0 0 0 0 0 0 0
car 0.727272727273 0 0 136 0 143 3 0 0 0 0 0 0 0
car 0.0 0 0 124 8 132 21 0 0 0 0 0 0 0
car 0.0 0 0 135 20 142 32 0 0 0 0 0 0 0
car 0.0 0 0 124 23 131 37 0 0 0 0 0 0 0
car 0.0 0 0 136 34 143 45 0 0 0 0 0 0 0
car 0.0 0 0 124 39 132 52 0 0 0 0 0 0 0
car 0.0 0 0 134 52 141 62 0 0 0 0 0 0 0
car 0.0 0 0 133 68 140 80 0 0 0 0 0 0 0
car 0.0 0 0 123 64 132 76 0 0 0 0 0 0 0
car 0.0 0 0 124 78 132 90 0 0 0 0 0 0 0
car 0.0 0 0 133 86 140 98 0 0 0 0 0 0 0
car 0.0 0 0 121 92 129 104 0 0 0 0 0 0 0
car 0.0 0 0 130 101 138 113 0 0 0 0 0 0 0
car 0.0 0 0 119 106 128 118 0 0 0 0 0 0 0
car 0.0 0 0 132 117 140 130 0 0 0 0 0 0 0
car 0.0 0 0 117 121 125 135 0 0 0 0 0 0 0
car 0.0 0 0 129 132 138 144 0 0 0 0 0 0 0
car 0.0 0 0 119 135 127 148 0 0 0 0 0 0 0
car 0.0 0 0 129 147 135 158 0 0 0 0 0 0 0
car 0.0 0 0 113 151 122 165 0 0 0 0 0 0 0
car 0.0 0 0 126 159 135 173 0 0 0 0 0 0 0
car 0.0 0 0 136 172 144 184 0 0 0 0 0 0 0
car 0.0 0 0 116 175 123 187 0 0 0 0 0 0 0
car 0.0 0 0 125 176 134 191 0 0 0 0 0 0 0
car 0.0 0 0 115 191 123 203 0 0 0 0 0 0 0
car 0.0 0 0 123 197 130 208 0 0 0 0 0 0 0
car 0.0 0 0 132 196 141 209 0 0 0 0 0 0 0
car 0.0 0 0 124 276 133 290 0 0 0 0 0 0 0
car 0.0 0 0 132 277 141 291 0 0 0 0 0 0 0
car 0.0 0 0 145 278 153 292 0 0 0 0 0 0 0
car 0.0 0 0 127 297 134 309 0 0 0 0 0 0 0
car 0.0 0 0 138 298 144 310 0 0 0 0 0 0 0
car 0.0 0 0 147 296 155 309 0 0 0 0 0 0 0
car 0.0 0 0 124 312 132 324 0 0 0 0 0 0 0
car 0.0 0 0 133 321 141 333 0 0 0 0 0 0 0
car 0.0 0 0 139 330 149 345 0 0 0 0 0 0 0
car 0.0 0 0 121 328 128 341 0 0 0 0 0 0 0
car 0.0 0 0 112 323 121 338 0 0 0 0 0 0 0
car 0.0 0 0 87 331 96 344 0 0 0 0 0 0 0
car 0.25 0 0 117 343 127 352 0 0 0 0 0 0 0
car 0.0 0 0 128 336 137 352 0 0 0 0 0 0 0
