car 0.0 0 0 87 50 97 61 0 0 0 0 0 0 0
car 0.0 0 0 98 41 107 52 0 0 0 0 0 0 0
car 0.0 0 0 115 142 123 155 0 0 0 0 0 0 0
car 0.0 0 0 113 175 122 188 0 0 0 0 0 0 0
car 0.0 0 0 117 210 124 222 0 0 0 0 0 0 0
car 0.0 0 0 131 255 140 269 0 0 0 0 0 0 0
car 0.0 0 0 120 283 128 298 0 0 0 0 0 0 0
car 0.0 0 0 134 285 142 298 0 0 0 0 0 0 0
car 0.0 0 0 122 314 130 327 0 0 0 0 0 0 0
car 0.0 0 0 136 316 143 327 0 0 0 0 0 0 0
car 0.0 0 0 124 332 132 345 0 0 0 0 0 0 0
car 0.333333333333 0 0 135 344 142 352 0 0 0 0 0 0 0
car 0.642857142857 0 0 124 347 131 352 0 0 0 0 0 0 0
car 0.0 0 0 299 249 305 263 0 0 0 0 0 0 0
