car 0.0 0 0 9 159 25 168 0 0 0 0 0 0 0
car 0.0 0 0 50 134 64 145 0 0 0 0 0 0 0
car 0.0 0 0 44 158 58 167 0 0 0 0 0 0 0
car 0.0 0 0 67 201 82 211 0 0 0 0 0 0 0
car 0.0 0 0 115 159 134 167 0 0 0 0 0 0 0
car 0.0 0 0 99 173 113 183 0 0 0 0 0 0 0
car 0.0 0 0 98 184 111 192 0 0 0 0 0 0 0
car 0.0 0 0 162 119 178 129 0 0 0 0 0 0 0
car 0.0 0 0 183 105 197 113 0 0 0 0 0 0 0
car 0.0 0 0 211 107 224 118 0 0 0 0 0 0 0
car 0.0 0 0 167 91 195 102 0 0 0 0 0 0 0
car 0.0 0 0 230 92 244 101 0 0 0 0 0 0 0
car 0.0 0 0 212 139 225 149 0 0 0 0 0 0 0
car 0.0 0 0 262 88 279 100 0 0 0 0 0 0 0
car 0.0 0 0 288 57 304 66 0 0 0 0 0 0 0
car 0.0 0 0 268 134 285 144 0 0 0 0 0 0 0
car 0.0 0 0 258 146 275 155 0 0 0 0 0 0 0
car 0.0 0 0 298 108 313 119 0 0 0 0 0 0 0
car 0.0 0 0 306 333 321 343 0 0 0 0 0 0 0
car 0.0 0 0 218 311 237 323 0 0 0 0 0 0 0
