car 0.0 0 0 31 307 47 318 0 0 0 0 0 0 0
car 0.0 0 0 53 247 72 256 0 0 0 0 0 0 0
car 0.0 0 0 77 227 94 239 0 0 0 0 0 0 0
car 0.0 0 0 112 223 125 232 0 0 0 0 0 0 0
car 0.0 0 0 66 288 80 296 0 0 0 0 0 0 0
car 0.0 0 0 76 293 91 304 0 0 0 0 0 0 0
car 0.0 0 0 101 278 114 288 0 0 0 0 0 0 0
car 0.0 0 0 104 264 122 275 0 0 0 0 0 0 0
car 0.0 0 0 138 247 155 258 0 0 0 0 0 0 0
car 0.0 0 0 163 200 176 209 0 0 0 0 0 0 0
car 0.0 0 0 176 215 190 223 0 0 0 0 0 0 0
car 0.0 0 0 196 193 211 202 0 0 0 0 0 0 0
car 0.0 0 0 199 201 217 212 0 0 0 0 0 0 0
car 0.0 0 0 218 228 234 238 0 0 0 0 0 0 0
car 0.0 0 0 211 258 224 268 0 0 0 0 0 0 0
car 0.0 0 0 247 235 263 246 0 0 0 0 0 0 0
car 0.0 0 0 269 176 282 186 0 0 0 0 0 0 0
car 0.0 0 0 283 158 302 166 0 0 0 0 0 0 0
car 0.0 0 0 333 159 349 168 0 0 0 0 0 0 0
