car 0.444444444444 0 0 249 347 265 352 0 0 0 0 0 0 0
car 0.0 0 0 217 310 230 317 0 0 0 0 0 0 0
car 0.0 0 0 335 223 346 240 0 0 0 0 0 0 0
car 0.0 0 0 316 240 328 257 0 0 0 0 0 0 0
car 0.0 0 0 304 274 315 290 0 0 0 0 0 0 0
car 0.0 0 0 252 66 262 78 0 0 0 0 0 0 0
car 0.0 0 0 238 60 247 72 0 0 0 0 0 0 0
car 0.0 0 0 229 56 240 71 0 0 0 0 0 0 0
car 0.0 0 0 220 54 231 70 0 0 0 0 0 0 0
car 0.0 0 0 222 19 235 43 0 0 0 0 0 0 0
car 0.0 0 0 156 84 167 99 0 0 0 0 0 0 0
car 0.0 0 0 187 105 196 117 0 0 0 0 0 0 0
car 0.0 0 0 198 105 209 121 0 0 0 0 0 0 0
car 0.0 0 0 179 99 190 114 0 0 0 0 0 0 0
car 0.0 0 0 172 96 182 111 0 0 0 0 0 0 0
car 0.0 0 0 165 87 176 104 0 0 0 0 0 0 0
car 0.0 0 0 51 83 63 90 0 0 0 0 0 0 0
car 0.0 0 0 98 135 113 146 0 0 0 0 0 0 0
car 0.0 0 0 332 96 339 105 0 0 0 0 0 0 0
car 0.0 0 0 146 123 175 142 0 0 0 0 0 0 0
car 0.0 0 0 46 232 59 245 0 0 0 0 0 0 0
