car 0.0 0 0 150 252 163 263 0 0 0 0 0 0 0
car 0.0 0 0 164 252 175 267 0 0 0 0 0 0 0
car 0.0 0 0 176 257 187 272 0 0 0 0 0 0 0
car 0.0 0 0 205 266 217 282 0 0 0 0 0 0 0
car 0.0 0 0 215 270 225 285 0 0 0 0 0 0 0
car 0.0 0 0 196 264 205 276 0 0 0 0 0 0 0
car 0.0 0 0 224 273 235 291 0 0 0 0 0 0 0
car 0.0 0 0 235 279 244 293 0 0 0 0 0 0 0
car 0.0 0 0 244 282 253 296 0 0 0 0 0 0 0
car 0.0 0 0 253 287 264 303 0 0 0 0 0 0 0
car 0.0 0 0 262 289 273 305 0 0 0 0 0 0 0
car 0.0 0 0 271 294 282 308 0 0 0 0 0 0 0
car 0.0 0 0 281 297 291 312 0 0 0 0 0 0 0
car 0.0 0 0 292 302 302 318 0 0 0 0 0 0 0
car 0.0 0 0 303 305 313 321 0 0 0 0 0 0 0
car 0.0 0 0 314 311 326 326 0 0 0 0 0 0 0
car 0.0 0 0 324 318 335 333 0 0 0 0 0 0 0
car 0.0 0 0 334 318 344 334 0 0 0 0 0 0 0
car 0.0 0 0 216 300 233 310 0 0 0 0 0 0 0
car 0.0 0 0 238 309 249 318 0 0 0 0 0 0 0
car 0.0 0 0 250 315 264 324 0 0 0 0 0 0 0
car 0.0 0 0 248 206 262 216 0 0 0 0 0 0 0
car 0.0 0 0 230 200 245 211 0 0 0 0 0 0 0
car 0.0 0 0 299 196 315 207 0 0 0 0 0 0 0
car 0.0 0 0 165 195 182 205 0 0 0 0 0 0 0
car 0.0 0 0 182 213 194 231 0 0 0 0 0 0 0
car 0.0 0 0 199 185 218 199 0 0 0 0 0 0 0
car 0.738095238095 0 0 346 341 352 352 0 0 0 0 0 0 0
car 0.0 0 0 283 339 293 352 0 0 0 0 0 0 0
car 0.75 0 0 348 146 352 157 0 0 0 0 0 0 0
car 0.416666666667 0 0 338 158 352 173 0 0 0 0 0 0 0
car 0.0 0 0 48 183 60 201 0 0 0 0 0 0 0
car 0.0 0 0 45 201 57 216 0 0 0 0 0 0 0
car 0.0 0 0 55 205 65 222 0 0 0 0 0 0 0
car 0.0 0 0 15 112 48 132 0 0 0 0 0 0 0
car 0.0 0 0 203 65 220 94 0 0 0 0 0 0 0
car 0.0 0 0 218 69 232 89 0 0 0 0 0 0 0
car 0.0 0 0 279 166 307 190 0 0 0 0 0 0 0
car 0.0 0 0 298 166 326 183 0 0 0 0 0 0 0
car 0.1875 0 0 326 177 352 199 0 0 0 0 0 0 0
