car 0.0 0 0 221 136 239 146 0 0 0 0 0 0 0
car 0.0 0 0 235 97 248 108 0 0 0 0 0 0 0
car 0.0 0 0 238 89 252 101 0 0 0 0 0 0 0
car 0.0 0 0 243 81 255 92 0 0 0 0 0 0 0
car 0.0 0 0 29 341 42 350 0 0 0 0 0 0 0
car 0.0 0 0 36 332 48 340 0 0 0 0 0 0 0
car 0.0 0 0 52 291 64 299 0 0 0 0 0 0 0
car 0.0 0 0 54 282 68 290 0 0 0 0 0 0 0
car 0.0 0 0 56 273 73 281 0 0 0 0 0 0 0
car 0.0 0 0 60 263 76 272 0 0 0 0 0 0 0
car 0.0 0 0 64 253 80 262 0 0 0 0 0 0 0
car 0.0 0 0 77 225 91 234 0 0 0 0 0 0 0
car 0.0 0 0 57 193 70 201 0 0 0 0 0 0 0
car 0.0 0 0 38 185 56 196 0 0 0 0 0 0 0
car 0.0 0 0 18 178 34 189 0 0 0 0 0 0 0
car 0.0 0 0 285 191 300 202 0 0 0 0 0 0 0
car 0.0 0 0 163 175 180 186 0 0 0 0 0 0 0
car 0.0 0 0 245 196 261 206 0 0 0 0 0 0 0
car 0.0 0 0 316 218 335 226 0 0 0 0 0 0 0
car 0.0 0 0 301 212 316 221 0 0 0 0 0 0 0
car 0.0 0 0 284 207 300 218 0 0 0 0 0 0 0
car 0.357142857143 0 0 0 18 9 39 0 0 0 0 0 0 0
car 0.894396551724 0 0 0 0 21 7 0 0 0 0 0 0 0
