car 0.0 0 0 335 292 348 309 0 0 0 0 0 0 0
car 0.0 0 0 318 285 329 301 0 0 0 0 0 0 0
car 0.0 0 0 310 281 322 298 0 0 0 0 0 0 0
car 0.0 0 0 283 271 297 287 0 0 0 0 0 0 0
car 0.0 0 0 235 257 251 283 0 0 0 0 0 0 0
car 0.0 0 0 215 248 224 259 0 0 0 0 0 0 0
car 0.0 0 0 180 307 195 317 0 0 0 0 0 0 0
car 0.625 0 0 222 343 235 352 0 0 0 0 0 0 0
car 0.0 0 0 60 306 68 321 0 0 0 0 0 0 0
car 0.0 0 0 300 224 319 237 0 0 0 0 0 0 0
car 0.0 0 0 329 165 336 182 0 0 0 0 0 0 0
car 0.0 0 0 315 194 323 209 0 0 0 0 0 0 0
car 0.0 0 0 284 197 295 211 0 0 0 0 0 0 0
car 0.0 0 0 269 193 280 203 0 0 0 0 0 0 0
car 0.0 0 0 211 175 224 190 0 0 0 0 0 0 0
