car 0.0 0 0 271 289 285 307 0 0 0 0 0 0 0
car 0.0 0 0 284 284 298 301 0 0 0 0 0 0 0
car 0.0 0 0 285 281 310 332 0 0 0 0 0 0 0
car 0.0 0 0 309 237 322 252 0 0 0 0 0 0 0
car 0.0 0 0 309 254 320 269 0 0 0 0 0 0 0
car 0.0 0 0 330 221 341 235 0 0 0 0 0 0 0
car 0.642857142857 0 0 347 179 352 197 0 0 0 0 0 0 0
car 0.769230769231 0 0 349 151 352 166 0 0 0 0 0 0 0
car 0.0 0 0 338 145 349 161 0 0 0 0 0 0 0
car 0.0 0 0 331 123 343 140 0 0 0 0 0 0 0
car 0.0 0 0 320 176 350 225 0 0 0 0 0 0 0
car 0.0 0 0 286 216 317 267 0 0 0 0 0 0 0
car 0.0 0 0 294 208 307 222 0 0 0 0 0 0 0
car 0.0 0 0 323 170 335 188 0 0 0 0 0 0 0
car 0.923076923077 0 0 351 111 352 127 0 0 0 0 0 0 0
car 0.0 0 0 339 16 351 32 0 0 0 0 0 0 0
car 0.263157894737 0 0 318 0 349 42 0 0 0 0 0 0 0
car 0.0 0 0 289 91 303 109 0 0 0 0 0 0 0
car 0.0 0 0 234 265 246 278 0 0 0 0 0 0 0
car 0.0 0 0 268 204 280 219 0 0 0 0 0 0 0
car 0.0 0 0 182 154 193 169 0 0 0 0 0 0 0
car 0.0 0 0 159 144 172 161 0 0 0 0 0 0 0
car 0.0 0 0 142 137 153 153 0 0 0 0 0 0 0
car 0.0 0 0 134 133 146 150 0 0 0 0 0 0 0
car 0.0 0 0 107 123 121 139 0 0 0 0 0 0 0
car 0.0 0 0 59 109 75 135 0 0 0 0 0 0 0
car 0.0 0 0 39 100 48 111 0 0 0 0 0 0 0
car 0.0 0 0 4 159 19 169 0 0 0 0 0 0 0
car 0.0 0 0 76 242 86 254 0 0 0 0 0 0 0
car 0.0 0 0 62 236 71 248 0 0 0 0 0 0 0
car 0.0 0 0 53 232 64 247 0 0 0 0 0 0 0
car 0.0 0 0 44 230 55 246 0 0 0 0 0 0 0
car 0.0 0 0 46 195 59 219 0 0 0 0 0 0 0
car 0.0 0 0 11 281 20 293 0 0 0 0 0 0 0
car 0.0 0 0 22 281 33 297 0 0 0 0 0 0 0
car 0.0 0 0 3 275 14 290 0 0 0 0 0 0 0
car 0.4 0 0 0 272 6 287 0 0 0 0 0 0 0
car 1.0 0 0 0 263 0 280 0 0 0 0 0 0 0
car 0.0 0 0 156 272 163 281 0 0 0 0 0 0 0
car 0.0 0 0 201 225 232 281 0 0 0 0 0 0 0
car 0.0 0 0 244 159 258 175 0 0 0 0 0 0 0
car 0.0 0 0 124 76 143 89 0 0 0 0 0 0 0
car 0.0 0 0 203 46 216 56 0 0 0 0 0 0 0
car 0.0 0 0 153 17 160 34 0 0 0 0 0 0 0
car 0.0 0 0 139 46 147 61 0 0 0 0 0 0 0
car 0.0 0 0 108 49 119 63 0 0 0 0 0 0 0
car 0.0 0 0 93 45 104 55 0 0 0 0 0 0 0
car 0.0 0 0 35 27 48 42 0 0 0 0 0 0 0
