car 0.0 0 0 181 325 192 339 0 0 0 0 0 0 0
car 0.0 0 0 154 319 167 336 0 0 0 0 0 0 0
car 0.0 0 0 170 304 181 318 0 0 0 0 0 0 0
car 0.0 0 0 255 323 267 339 0 0 0 0 0 0 0
car 0.0 0 0 245 309 260 335 0 0 0 0 0 0 0
car 0.0 0 0 201 266 213 280 0 0 0 0 0 0 0
car 0.0 0 0 227 273 251 307 0 0 0 0 0 0 0
car 0.0 0 0 261 247 288 301 0 0 0 0 0 0 0
car 0.0 0 0 278 272 291 290 0 0 0 0 0 0 0
car 0.0 0 0 258 254 271 271 0 0 0 0 0 0 0
car 0.0 0 0 197 236 211 255 0 0 0 0 0 0 0
car 0.0 0 0 220 218 232 234 0 0 0 0 0 0 0
car 0.0 0 0 261 216 274 234 0 0 0 0 0 0 0
car 0.0 0 0 278 211 288 226 0 0 0 0 0 0 0
car 0.0 0 0 327 178 339 193 0 0 0 0 0 0 0
car 0.0 0 0 327 163 337 177 0 0 0 0 0 0 0
car 0.0 0 0 280 155 300 188 0 0 0 0 0 0 0
car 0.0 0 0 240 161 257 183 0 0 0 0 0 0 0
car 0.0 0 0 300 125 311 139 0 0 0 0 0 0 0
car 0.0 0 0 311 93 324 108 0 0 0 0 0 0 0
car 0.0 0 0 309 121 327 148 0 0 0 0 0 0 0
car 0.0 0 0 313 115 341 166 0 0 0 0 0 0 0
car 0.0 0 0 323 88 337 105 0 0 0 0 0 0 0
car 0.0 0 0 37 109 52 121 0 0 0 0 0 0 0
car 0.0 0 0 275 59 299 91 0 0 0 0 0 0 0
car 0.0 0 0 266 91 286 116 0 0 0 0 0 0 0
car 0.0 0 0 236 72 250 86 0 0 0 0 0 0 0
car 0.0 0 0 304 43 315 59 0 0 0 0 0 0 0
car 0.0 0 0 249 23 265 32 0 0 0 0 0 0 0
car 0.0 0 0 338 28 350 46 0 0 0 0 0 0 0
