car 0.25 0 0 339 340 351 352 0 0 0 0 0 0 0
car 0.245614035088 0 0 318 309 349 352 0 0 0 0 0 0 0
car 0.866666666667 0 0 314 0 326 2 0 0 0 0 0 0 0
car 0.4 0 0 324 0 335 9 0 0 0 0 0 0 0
car 0.375 0 0 334 0 344 10 0 0 0 0 0 0 0
car 1.0 0 0 250 0 264 0 0 0 0 0 0 0 0
car 0.0 0 0 246 152 257 167 0 0 0 0 0 0 0
car 0.0 0 0 253 138 264 151 0 0 0 0 0 0 0
car 0.714285714286 0 0 346 17 352 29 0 0 0 0 0 0 0
car 0.0 0 0 335 115 346 130 0 0 0 0 0 0 0
car 0.1 0 0 343 100 352 115 0 0 0 0 0 0 0
car 0.0 0 0 328 131 340 144 0 0 0 0 0 0 0
car 0.0 0 0 324 145 334 159 0 0 0 0 0 0 0
car 0.0 0 0 317 164 328 178 0 0 0 0 0 0 0
car 0.0 0 0 270 220 287 232 0 0 0 0 0 0 0
car 0.0 0 0 254 212 271 223 0 0 0 0 0 0 0
car 0.0 0 0 238 206 254 218 0 0 0 0 0 0 0
car 0.0 0 0 214 179 225 193 0 0 0 0 0 0 0
car 0.0 0 0 222 162 233 174 0 0 0 0 0 0 0
car 0.0 0 0 246 196 257 208 0 0 0 0 0 0 0
car 0.0 0 0 254 204 270 214 0 0 0 0 0 0 0
car 0.0 0 0 237 170 251 186 0 0 0 0 0 0 0
car 0.0 0 0 236 131 244 143 0 0 0 0 0 0 0
car 0.0 0 0 286 195 302 207 0 0 0 0 0 0 0
car 0.0 0 0 289 188 307 200 0 0 0 0 0 0 0
car 0.0 0 0 309 181 320 197 0 0 0 0 0 0 0
car 0.0 0 0 294 183 309 193 0 0 0 0 0 0 0
car 0.0 0 0 295 176 311 185 0 0 0 0 0 0 0
car 0.0 0 0 302 170 317 180 0 0 0 0 0 0 0
car 0.0 0 0 304 163 318 172 0 0 0 0 0 0 0
car 0.25 0 0 343 40 352 56 0 0 0 0 0 0 0
car 0.0 0 0 337 39 346 53 0 0 0 0 0 0 0
car 0.0 0 0 330 34 340 49 0 0 0 0 0 0 0
car 0.0 0 0 322 32 333 47 0 0 0 0 0 0 0
car 0.0 0 0 315 30 325 45 0 0 0 0 0 0 0
car 0.0 0 0 283 15 293 28 0 0 0 0 0 0 0
car 0.0 0 0 261 66 272 80 0 0 0 0 0 0 0
car 0.375 0 0 342 62 352 72 0 0 0 0 0 0 0
car 0.176470588235 0 0 338 69 352 79 0 0 0 0 0 0 0
car 0.117647058824 0 0 337 75 352 85 0 0 0 0 0 0 0
car 0.0 0 0 336 82 350 91 0 0 0 0 0 0 0
car 0.0 0 0 332 89 347 98 0 0 0 0 0 0 0
car 0.0 0 0 332 97 345 106 0 0 0 0 0 0 0
car 0.727272727273 0 0 349 83 352 100 0 0 0 0 0 0 0
car 0.0 0 0 315 220 327 230 0 0 0 0 0 0 0
car 0.0 0 0 318 214 329 222 0 0 0 0 0 0 0
car 0.0 0 0 320 207 332 215 0 0 0 0 0 0 0
car 0.0 0 0 323 200 335 210 0 0 0 0 0 0 0
car 0.0714285714286 0 0 339 161 352 171 0 0 0 0 0 0 0
car 0.0 0 0 342 154 352 162 0 0 0 0 0 0 0
car 0.0 0 0 336 169 349 178 0 0 0 0 0 0 0
car 0.0 0 0 333 176 344 184 0 0 0 0 0 0 0
car 0.0 0 0 331 182 343 189 0 0 0 0 0 0 0
car 0.0 0 0 325 193 336 202 0 0 0 0 0 0 0
car 0.0 0 0 170 275 186 287 0 0 0 0 0 0 0
car 0.352941176471 0 0 153 341 160 352 0 0 0 0 0 0 0
car 0.933333333333 0 0 35 351 48 352 0 0 0 0 0 0 0
