car 0.0 0 0 56 334 69 351 0 0 0 0 0 0 0
car 0.698113207547 0 0 65 336 93 352 0 0 0 0 0 0 0
car 0.196078431373 0 0 63 311 90 352 0 0 0 0 0 0 0
car 0.0 0 0 87 323 101 338 0 0 0 0 0 0 0
car 0.25 0 0 15 340 27 352 0 0 0 0 0 0 0
car 0.391624221845 0 0 0 309 25 352 0 0 0 0 0 0 0
car 0.0 0 0 191 215 200 230 0 0 0 0 0 0 0
car 0.0 0 0 299 271 317 300 0 0 0 0 0 0 0
car 0.0 0 0 53 242 64 256 0 0 0 0 0 0 0
car 0.0 0 0 86 186 97 202 0 0 0 0 0 0 0
car 0.0 0 0 86 155 98 171 0 0 0 0 0 0 0
car 0.0 0 0 109 203 121 221 0 0 0 0 0 0 0
car 0.0 0 0 127 158 139 173 0 0 0 0 0 0 0
car 0.0 0 0 117 247 128 263 0 0 0 0 0 0 0
car 0.0 0 0 95 267 122 320 0 0 0 0 0 0 0
car 0.0 0 0 129 215 154 269 0 0 0 0 0 0 0
car 0.0 0 0 125 197 147 242 0 0 0 0 0 0 0
car 0.0 0 0 113 193 135 244 0 0 0 0 0 0 0
car 0.0 0 0 62 144 77 161 0 0 0 0 0 0 0
car 0.0 0 0 71 125 83 142 0 0 0 0 0 0 0
car 0.0 0 0 109 102 120 119 0 0 0 0 0 0 0
car 0.0 0 0 116 115 126 131 0 0 0 0 0 0 0
car 0.0 0 0 144 109 155 126 0 0 0 0 0 0 0
car 0.0 0 0 153 165 173 199 0 0 0 0 0 0 0
car 0.0 0 0 146 125 174 181 0 0 0 0 0 0 0
car 0.0 0 0 144 107 168 159 0 0 0 0 0 0 0
car 0.0 0 0 175 75 185 91 0 0 0 0 0 0 0
car 0.0 0 0 180 66 201 121 0 0 0 0 0 0 0
car 0.0 0 0 207 51 218 70 0 0 0 0 0 0 0
car 0.0 0 0 173 39 185 57 0 0 0 0 0 0 0
car 0.0 0 0 184 39 197 57 0 0 0 0 0 0 0
car 0.0 0 0 204 27 214 43 0 0 0 0 0 0 0
car 0.0 0 0 213 29 225 45 0 0 0 0 0 0 0
car 0.0 0 0 195 14 207 32 0 0 0 0 0 0 0
car 0.0625 0 0 189 0 200 15 0 0 0 0 0 0 0
car 0.5625 0 0 224 0 237 7 0 0 0 0 0 0 0
car 0.588235294118 0 0 206 0 217 7 0 0 0 0 0 0 0
car 0.977777777778 0 0 0 0 2 2 0 0 0 0 0 0 0
car 0.4 0 0 0 0 11 9 0 0 0 0 0 0 0
car 0.375 0 0 10 0 20 10 0 0 0 0 0 0 0
car 0.0 0 0 53 55 64 69 0 0 0 0 0 0 0
car 0.0 0 0 22 17 43 29 0 0 0 0 0 0 0
car 0.0 0 0 11 115 22 130 0 0 0 0 0 0 0
car 0.0 0 0 19 100 29 115 0 0 0 0 0 0 0
car 0.0 0 0 4 131 16 144 0 0 0 0 0 0 0
car 0.0 0 0 0 145 10 159 0 0 0 0 0 0 0
car 0.636363636364 0 0 0 164 4 178 0 0 0 0 0 0 0
car 0.0 0 0 37 52 47 68 0 0 0 0 0 0 0
car 0.0 0 0 19 40 31 56 0 0 0 0 0 0 0
car 0.0 0 0 13 39 22 53 0 0 0 0 0 0 0
car 0.0 0 0 46 53 55 70 0 0 0 0 0 0 0
car 0.0 0 0 6 34 16 49 0 0 0 0 0 0 0
car 0.181818181818 0 0 0 32 9 47 0 0 0 0 0 0 0
car 0.9 0 0 0 30 1 45 0 0 0 0 0 0 0
car 0.0 0 0 32 68 43 82 0 0 0 0 0 0 0
car 0.0 0 0 18 62 34 72 0 0 0 0 0 0 0
car 0.0 0 0 14 69 31 79 0 0 0 0 0 0 0
car 0.0 0 0 13 75 30 85 0 0 0 0 0 0 0
car 0.0 0 0 12 82 26 91 0 0 0 0 0 0 0
car 0.0 0 0 8 89 23 98 0 0 0 0 0 0 0
car 0.0 0 0 8 97 21 106 0 0 0 0 0 0 0
car 0.0 0 0 25 83 36 100 0 0 0 0 0 0 0
car 0.75 0 0 0 220 3 230 0 0 0 0 0 0 0
car 0.545454545455 0 0 0 214 5 222 0 0 0 0 0 0 0
car 0.333333333333 0 0 0 207 8 215 0 0 0 0 0 0 0
car 0.0833333333333 0 0 0 200 11 210 0 0 0 0 0 0 0
car 0.0 0 0 15 161 29 171 0 0 0 0 0 0 0
car 0.0 0 0 18 154 28 162 0 0 0 0 0 0 0
car 0.0 0 0 12 169 25 178 0 0 0 0 0 0 0
car 0.0 0 0 9 176 20 184 0 0 0 0 0 0 0
car 0.0 0 0 7 182 19 189 0 0 0 0 0 0 0
car 0.0 0 0 1 193 12 202 0 0 0 0 0 0 0
car 0.0 0 0 117 8 129 23 0 0 0 0 0 0 0
car 1.0 0 0 126 0 136 0 0 0 0 0 0 0 0
car 0.947368421053 0 0 144 0 160 2 0 0 0 0 0 0 0
