car 0.9375 0 0 204 351 214 352 0 0 0 0 0 0 0
car 0.222222222222 0 0 195 338 207 352 0 0 0 0 0 0 0
car 0.0 0 0 189 323 200 339 0 0 0 0 0 0 0
car 0.0 0 0 224 315 237 331 0 0 0 0 0 0 0
car 0.0 0 0 206 314 217 331 0 0 0 0 0 0 0
car 0.0 0 0 205 284 216 300 0 0 0 0 0 0 0
car 0.833333333333 0 0 0 311 2 326 0 0 0 0 0 0 0
car 0.0 0 0 0 318 11 333 0 0 0 0 0 0 0
car 0.0 0 0 10 318 20 334 0 0 0 0 0 0 0
car 0.0833333333333 0 0 22 341 43 352 0 0 0 0 0 0 0
car 0.0 0 0 117 332 129 347 0 0 0 0 0 0 0
car 0.0 0 0 126 311 136 324 0 0 0 0 0 0 0
car 0.0 0 0 144 288 160 326 0 0 0 0 0 0 0
car 0.0 0 0 220 264 236 291 0 0 0 0 0 0 0
car 0.0 0 0 246 280 256 292 0 0 0 0 0 0 0
car 0.0 0 0 254 256 265 271 0 0 0 0 0 0 0
car 0.0 0 0 234 240 260 291 0 0 0 0 0 0 0
car 0.0 0 0 219 236 237 261 0 0 0 0 0 0 0
car 0.0 0 0 238 199 250 216 0 0 0 0 0 0 0
car 0.0 0 0 205 208 216 224 0 0 0 0 0 0 0
car 0.0 0 0 282 190 293 207 0 0 0 0 0 0 0
car 0.0 0 0 259 185 270 201 0 0 0 0 0 0 0
car 0.0 0 0 240 210 258 239 0 0 0 0 0 0 0
car 0.0 0 0 256 205 274 238 0 0 0 0 0 0 0
car 0.0 0 0 163 215 180 229 0 0 0 0 0 0 0
car 0.0 0 0 86 186 116 203 0 0 0 0 0 0 0
car 0.0 0 0 159 173 168 187 0 0 0 0 0 0 0
car 0.0 0 0 91 207 111 219 0 0 0 0 0 0 0
car 0.0 0 0 46 121 62 132 0 0 0 0 0 0 0
car 0.0 0 0 24 146 40 157 0 0 0 0 0 0 0
car 0.0 0 0 101 121 115 130 0 0 0 0 0 0 0
car 0.0 0 0 173 108 185 126 0 0 0 0 0 0 0
car 0.0 0 0 162 154 176 171 0 0 0 0 0 0 0
car 0.0 0 0 206 110 217 126 0 0 0 0 0 0 0
car 0.0 0 0 278 102 291 118 0 0 0 0 0 0 0
car 0.0 0 0 298 115 309 131 0 0 0 0 0 0 0
car 0.0 0 0 271 121 283 137 0 0 0 0 0 0 0
car 0.0 0 0 260 149 271 164 0 0 0 0 0 0 0
car 0.0 0 0 309 92 320 108 0 0 0 0 0 0 0
car 0.0 0 0 292 72 303 90 0 0 0 0 0 0 0
car 0.0 0 0 317 70 328 88 0 0 0 0 0 0 0
car 0.0 0 0 304 65 317 85 0 0 0 0 0 0 0
car 0.0 0 0 264 60 276 75 0 0 0 0 0 0 0
car 0.0 0 0 224 64 234 77 0 0 0 0 0 0 0
car 0.0 0 0 325 50 336 64 0 0 0 0 0 0 0
car 0.0 0 0 290 7 300 20 0 0 0 0 0 0 0
car 0.0 0 0 316 11 328 30 0 0 0 0 0 0 0
car 0.0 0 0 300 34 319 62 0 0 0 0 0 0 0
car 0.0 0 0 274 137 298 189 0 0 0 0 0 0 0
car 0.0 0 0 267 123 293 175 0 0 0 0 0 0 0
car 0.0 0 0 14 158 38 173 0 0 0 0 0 0 0
car 0.0 0 0 83 91 96 108 0 0 0 0 0 0 0
car 0.0 0 0 73 90 85 103 0 0 0 0 0 0 0
car 0.0 0 0 103 112 116 121 0 0 0 0 0 0 0
car 0.0 0 0 99 128 111 137 0 0 0 0 0 0 0
car 0.0 0 0 97 137 107 145 0 0 0 0 0 0 0
car 0.0 0 0 90 143 103 151 0 0 0 0 0 0 0
car 0.0 0 0 90 150 102 158 0 0 0 0 0 0 0
car 0.928571428571 0 0 0 166 2 183 0 0 0 0 0 0 0
car 0.0 0 0 2 177 34 199 0 0 0 0 0 0 0
