car 0.69387755102 0 0 0 342 9 352 0 0 0 0 0 0 0
car 0.275862068966 0 0 0 283 21 331 0 0 0 0 0 0 0
car 0.0 0 0 20 266 32 281 0 0 0 0 0 0 0
car 0.0 0 0 66 237 82 248 0 0 0 0 0 0 0
car 0.0 0 0 0 227 33 282 0 0 0 0 0 0 0
car 0.0 0 0 24 228 47 261 0 0 0 0 0 0 0
car 0.0 0 0 17 205 29 222 0 0 0 0 0 0 0
car 0.0 0 0 54 210 64 224 0 0 0 0 0 0 0
car 0.0 0 0 53 182 65 198 0 0 0 0 0 0 0
car 0.0 0 0 5 149 16 163 0 0 0 0 0 0 0
car 0.545454545455 0 0 0 128 5 142 0 0 0 0 0 0 0
car 0.0 0 0 40 140 68 188 0 0 0 0 0 0 0
car 0.0 0 0 79 147 91 163 0 0 0 0 0 0 0
car 0.0 0 0 69 133 84 159 0 0 0 0 0 0 0
car 0.0 0 0 25 90 37 104 0 0 0 0 0 0 0
car 0.0 0 0 51 97 75 131 0 0 0 0 0 0 0
car 0.0 0 0 85 71 112 125 0 0 0 0 0 0 0
car 0.0 0 0 102 96 115 114 0 0 0 0 0 0 0
car 0.0 0 0 82 78 95 95 0 0 0 0 0 0 0
car 0.0 0 0 21 60 35 79 0 0 0 0 0 0 0
car 0.0 0 0 44 42 56 58 0 0 0 0 0 0 0
car 0.0 0 0 85 40 98 58 0 0 0 0 0 0 0
car 0.0 0 0 102 35 112 50 0 0 0 0 0 0 0
car 0.0 0 0 151 2 163 17 0 0 0 0 0 0 0
car 0.928571428571 0 0 151 0 161 1 0 0 0 0 0 0 0
car 0.636363636364 0 0 104 0 124 12 0 0 0 0 0 0 0
car 0.681818181818 0 0 64 0 81 7 0 0 0 0 0 0 0
