car 0.0 0 0 151 326 163 341 0 0 0 0 0 0 0
car 0.0 0 0 151 311 161 325 0 0 0 0 0 0 0
car 0.0 0 0 104 303 124 336 0 0 0 0 0 0 0
car 0.0 0 0 64 309 81 331 0 0 0 0 0 0 0
car 0.0 0 0 124 273 135 287 0 0 0 0 0 0 0
car 0.0 0 0 174 253 185 268 0 0 0 0 0 0 0
car 0.0 0 0 135 241 148 256 0 0 0 0 0 0 0
car 0.0 0 0 133 269 151 296 0 0 0 0 0 0 0
car 0.0 0 0 137 263 165 314 0 0 0 0 0 0 0
car 0.0 0 0 147 236 161 253 0 0 0 0 0 0 0
car 0.0 0 0 170 228 183 245 0 0 0 0 0 0 0
car 0.0 0 0 195 206 205 220 0 0 0 0 0 0 0
car 0.0 0 0 252 224 261 237 0 0 0 0 0 0 0
car 0.0 0 0 258 211 268 224 0 0 0 0 0 0 0
car 0.0 0 0 337 179 352 189 0 0 0 0 0 0 0
car 0.0 0 0 99 207 123 239 0 0 0 0 0 0 0
car 0.0 0 0 90 239 110 264 0 0 0 0 0 0 0
car 0.0 0 0 60 220 74 234 0 0 0 0 0 0 0
car 0.0 0 0 128 191 139 207 0 0 0 0 0 0 0
car 0.0 0 0 73 171 89 180 0 0 0 0 0 0 0
car 0.0 0 0 41 134 54 141 0 0 0 0 0 0 0
car 0.0 0 0 162 176 174 194 0 0 0 0 0 0 0
car 0.0 0 0 177 157 196 179 0 0 0 0 0 0 0
car 0.0 0 0 173 180 188 197 0 0 0 0 0 0 0
car 0.0 0 0 199 106 230 160 0 0 0 0 0 0 0
car 0.0 0 0 230 116 240 130 0 0 0 0 0 0 0
car 0.0 0 0 179 92 207 145 0 0 0 0 0 0 0
car 0.0 0 0 206 61 234 115 0 0 0 0 0 0 0
car 0.0 0 0 213 55 224 70 0 0 0 0 0 0 0
car 0.0 0 0 236 45 253 72 0 0 0 0 0 0 0
car 0.0 0 0 159 47 170 64 0 0 0 0 0 0 0
car 0.0 0 0 182 55 194 71 0 0 0 0 0 0 0
car 0.0 0 0 140 64 152 81 0 0 0 0 0 0 0
car 0.0 0 0 128 98 139 114 0 0 0 0 0 0 0
car 0.0 0 0 230 2 244 20 0 0 0 0 0 0 0
