car 0.0 0 0 59 320 69 334 0 0 0 0 0 0 0
car 0.0 0 0 94 335 106 343 0 0 0 0 0 0 0
car 0.0 0 0 111 249 123 266 0 0 0 0 0 0 0
car 0.0 0 0 6 221 17 235 0 0 0 0 0 0 0
car 0.0 0 0 23 179 37 197 0 0 0 0 0 0 0
car 0.0 0 0 25 151 38 166 0 0 0 0 0 0 0
car 0.0 0 0 14 145 25 161 0 0 0 0 0 0 0
car 0.0 0 0 7 123 19 140 0 0 0 0 0 0 0
car 0.133333333333 0 0 0 176 26 225 0 0 0 0 0 0 0
car 0.0833333333333 0 0 0 170 11 188 0 0 0 0 0 0 0
car 0.0 0 0 39 136 52 156 0 0 0 0 0 0 0
car 0.0 0 0 51 106 65 124 0 0 0 0 0 0 0
car 0.0 0 0 27 111 40 127 0 0 0 0 0 0 0
car 0.0 0 0 40 93 58 122 0 0 0 0 0 0 0
car 0.0 0 0 68 78 81 96 0 0 0 0 0 0 0
car 0.0 0 0 39 55 52 72 0 0 0 0 0 0 0
car 0.0 0 0 76 55 89 72 0 0 0 0 0 0 0
car 0.0 0 0 54 46 66 61 0 0 0 0 0 0 0
car 0.0 0 0 56 10 69 27 0 0 0 0 0 0 0
car 0.0 0 0 65 12 93 65 0 0 0 0 0 0 0
car 0.254901960784 0 0 63 0 90 38 0 0 0 0 0 0 0
car 0.0666666666667 0 0 87 0 101 14 0 0 0 0 0 0 0
car 0.0 0 0 15 16 27 32 0 0 0 0 0 0 0
car 0.405772495756 0 0 0 0 25 42 0 0 0 0 0 0 0
car 0.0 0 0 331 238 341 254 0 0 0 0 0 0 0
car 0.0 0 0 324 242 334 256 0 0 0 0 0 0 0
car 0.0 0 0 301 207 318 217 0 0 0 0 0 0 0
