car 0.153846153846 0 0 321 0 334 11 0 0 0 0 0 0 0
car 0.357142857143 0 0 336 0 347 9 0 0 0 0 0 0 0
car 0.0 0 0 299 17 313 36 0 0 0 0 0 0 0
car 0.0 0 0 335 36 345 51 0 0 0 0 0 0 0
car 0.0 0 0 310 48 325 65 0 0 0 0 0 0 0
car 0.0 0 0 286 35 317 85 0 0 0 0 0 0 0
car 0.0 0 0 275 74 289 89 0 0 0 0 0 0 0
car 0.0 0 0 263 98 275 113 0 0 0 0 0 0 0
car 0.0 0 0 300 109 312 124 0 0 0 0 0 0 0
car 0.0 0 0 267 107 300 156 0 0 0 0 0 0 0
car 0.0 0 0 245 133 259 150 0 0 0 0 0 0 0
car 0.0 0 0 253 144 269 162 0 0 0 0 0 0 0
car 0.0 0 0 233 189 246 203 0 0 0 0 0 0 0
car 0.0 0 0 245 195 258 214 0 0 0 0 0 0 0
car 0.0 0 0 272 172 284 186 0 0 0 0 0 0 0
car 0.0 0 0 266 186 276 198 0 0 0 0 0 0 0
car 0.0 0 0 258 201 268 215 0 0 0 0 0 0 0
car 0.0 0 0 284 196 294 209 0 0 0 0 0 0 0
car 0.0 0 0 277 211 288 221 0 0 0 0 0 0 0
car 0.0 0 0 201 232 213 250 0 0 0 0 0 0 0
car 0.0 0 0 210 236 222 252 0 0 0 0 0 0 0
car 0.0 0 0 205 239 234 290 0 0 0 0 0 0 0
car 0.0 0 0 209 303 220 316 0 0 0 0 0 0 0
car 0.0 0 0 202 319 213 335 0 0 0 0 0 0 0
car 0.0 0 0 169 296 182 311 0 0 0 0 0 0 0
car 0.0 0 0 182 291 192 305 0 0 0 0 0 0 0
car 0.0 0 0 174 311 187 327 0 0 0 0 0 0 0
car 0.0 0 0 158 322 169 335 0 0 0 0 0 0 0
car 0.875 0 0 157 348 183 352 0 0 0 0 0 0 0
car 0.0 0 0 124 333 134 348 0 0 0 0 0 0 0
car 0.0 0 0 87 320 100 337 0 0 0 0 0 0 0
car 0.0 0 0 115 298 125 313 0 0 0 0 0 0 0
car 0.0 0 0 127 292 138 307 0 0 0 0 0 0 0
car 0.0 0 0 156 264 169 282 0 0 0 0 0 0 0
car 0.0 0 0 145 239 166 268 0 0 0 0 0 0 0
car 0.0 0 0 148 197 157 213 0 0 0 0 0 0 0
car 0.0 0 0 178 162 188 178 0 0 0 0 0 0 0
car 0.0 0 0 178 168 201 195 0 0 0 0 0 0 0
car 0.0 0 0 217 23 239 56 0 0 0 0 0 0 0
car 0.0 0 0 257 47 269 60 0 0 0 0 0 0 0
car 0.0 0 0 250 217 260 230 0 0 0 0 0 0 0
car 0.0 0 0 133 11 147 19 0 0 0 0 0 0 0
car 0.0 0 0 152 7 170 15 0 0 0 0 0 0 0
car 0.222222222222 0 0 152 0 171 7 0 0 0 0 0 0 0
car 0.5 0 0 125 0 143 4 0 0 0 0 0 0 0
