car 0.470588235294 0 0 0 98 9 107 0 0 0 0 0 0 0
car 0.0 0 0 11 104 27 114 0 0 0 0 0 0 0
car 0.0 0 0 27 109 43 119 0 0 0 0 0 0 0
car 0.0 0 0 50 117 66 125 0 0 0 0 0 0 0
car 0.0 0 0 73 124 85 130 0 0 0 0 0 0 0
car 0.0 0 0 128 333 142 341 0 0 0 0 0 0 0
car 0.8125 0 0 0 322 3 331 0 0 0 0 0 0 0
car 0.0 0 0 16 329 32 336 0 0 0 0 0 0 0
car 0.25 0 0 0 306 12 314 0 0 0 0 0 0 0
car 0.0 0 0 294 267 304 286 0 0 0 0 0 0 0
car 0.0 0 0 310 264 322 271 0 0 0 0 0 0 0
car 0.0 0 0 327 268 341 277 0 0 0 0 0 0 0
car 0.0 0 0 327 201 346 212 0 0 0 0 0 0 0
car 0.0 0 0 156 148 173 158 0 0 0 0 0 0 0
car 0.0 0 0 178 154 195 164 0 0 0 0 0 0 0
car 0.0 0 0 187 182 196 200 0 0 0 0 0 0 0
car 0.0 0 0 240 176 257 186 0 0 0 0 0 0 0
car 0.0 0 0 262 183 277 192 0 0 0 0 0 0 0
car 0.0 0 0 158 32 175 41 0 0 0 0 0 0 0
car 0.0 0 0 156 42 173 48 0 0 0 0 0 0 0
car 0.0 0 0 153 51 169 58 0 0 0 0 0 0 0
car 0.0 0 0 335 90 348 99 0 0 0 0 0 0 0
