car 0.0 0 0 149 121 160 136 0 0 0 0 0 0 0
car 0.0 0 0 166 127 177 142 0 0 0 0 0 0 0
car 0.0 0 0 160 95 170 108 0 0 0 0 0 0 0
car 0.0 0 0 59 193 83 222 0 0 0 0 0 0 0
car 0.0 0 0 30 229 38 242 0 0 0 0 0 0 0
car 0.0 0 0 166 275 173 289 0 0 0 0 0 0 0
car 0.0 0 0 147 218 156 231 0 0 0 0 0 0 0
car 0.666666666667 0 0 71 349 88 352 0 0 0 0 0 0 0
car 0.142857142857 0 0 0 334 12 342 0 0 0 0 0 0 0
car 0.888888888889 0 0 0 311 2 318 0 0 0 0 0 0 0
car 0.0 0 0 310 36 325 45 0 0 0 0 0 0 0
car 0.0 0 0 270 30 280 45 0 0 0 0 0 0 0
car 0.0 0 0 257 54 272 64 0 0 0 0 0 0 0
car 0.0 0 0 286 67 301 77 0 0 0 0 0 0 0
car 0.0 0 0 295 43 303 54 0 0 0 0 0 0 0
car 0.0 0 0 304 44 311 59 0 0 0 0 0 0 0
car 0.0 0 0 313 48 321 65 0 0 0 0 0 0 0
car 0.384615384615 0 0 344 64 352 74 0 0 0 0 0 0 0
car 0.882352941176 0 0 350 68 352 79 0 0 0 0 0 0 0
