car 0.916666666667 0 0 351 293 352 310 0 0 0 0 0 0 0
car 0.704812834225 0 0 340 306 352 352 0 0 0 0 0 0 0
car 0.166666666667 0 0 342 315 352 329 0 0 0 0 0 0 0
car 0.0 0 0 337 333 349 347 0 0 0 0 0 0 0
car 0.0 0 0 336 303 347 319 0 0 0 0 0 0 0
car 0.0 0 0 324 326 336 343 0 0 0 0 0 0 0
car 0.0 0 0 253 330 266 348 0 0 0 0 0 0 0
car 0.0 0 0 265 313 275 328 0 0 0 0 0 0 0
car 0.0 0 0 290 310 301 326 0 0 0 0 0 0 0
car 0.0 0 0 272 291 283 309 0 0 0 0 0 0 0
car 0.0 0 0 283 272 294 287 0 0 0 0 0 0 0
car 0.0 0 0 286 253 298 269 0 0 0 0 0 0 0
car 0.0 0 0 326 224 339 243 0 0 0 0 0 0 0
car 0.0 0 0 310 197 323 217 0 0 0 0 0 0 0
car 0.0 0 0 327 161 342 180 0 0 0 0 0 0 0
car 0.0 0 0 335 137 348 156 0 0 0 0 0 0 0
car 0.615384615385 0 0 347 118 352 133 0 0 0 0 0 0 0
car 0.0 0 0 170 219 187 227 0 0 0 0 0 0 0
car 0.0 0 0 167 227 186 236 0 0 0 0 0 0 0
car 0.0 0 0 164 235 180 243 0 0 0 0 0 0 0
car 0.0 0 0 165 244 178 253 0 0 0 0 0 0 0
car 0.0 0 0 159 251 176 260 0 0 0 0 0 0 0
car 0.0 0 0 154 259 171 268 0 0 0 0 0 0 0
car 0.0 0 0 151 268 169 277 0 0 0 0 0 0 0
car 0.0 0 0 175 268 197 276 0 0 0 0 0 0 0
car 0.0 0 0 131 275 146 282 0 0 0 0 0 0 0
car 0.0 0 0 218 223 225 232 0 0 0 0 0 0 0
car 0.0 0 0 92 110 101 122 0 0 0 0 0 0 0
car 0.0 0 0 79 132 95 140 0 0 0 0 0 0 0
car 0.0 0 0 115 114 124 126 0 0 0 0 0 0 0
car 0.0 0 0 138 121 152 137 0 0 0 0 0 0 0
car 0.0 0 0 128 146 142 156 0 0 0 0 0 0 0
car 0.0 0 0 165 129 174 144 0 0 0 0 0 0 0
car 0.0 0 0 185 133 198 149 0 0 0 0 0 0 0
car 0.0 0 0 196 135 208 153 0 0 0 0 0 0 0
car 0.0 0 0 188 167 204 174 0 0 0 0 0 0 0
car 0.0 0 0 206 136 216 149 0 0 0 0 0 0 0
car 0.0 0 0 216 134 231 152 0 0 0 0 0 0 0
car 0.0 0 0 220 128 231 139 0 0 0 0 0 0 0
car 0.0 0 0 222 118 236 133 0 0 0 0 0 0 0
car 0.0 0 0 225 109 238 124 0 0 0 0 0 0 0
car 0.0 0 0 227 102 242 115 0 0 0 0 0 0 0
car 0.0 0 0 230 94 244 105 0 0 0 0 0 0 0
car 0.0 0 0 233 84 244 96 0 0 0 0 0 0 0
car 0.0 0 0 233 74 249 88 0 0 0 0 0 0 0
car 0.0 0 0 271 74 281 82 0 0 0 0 0 0 0
car 0.0 0 0 257 108 267 115 0 0 0 0 0 0 0
car 0.0 0 0 251 119 263 126 0 0 0 0 0 0 0
car 0.0 0 0 246 133 256 145 0 0 0 0 0 0 0
car 0.0 0 0 240 184 255 191 0 0 0 0 0 0 0
car 0.0 0 0 261 100 272 107 0 0 0 0 0 0 0
car 0.0 0 0 244 176 258 185 0 0 0 0 0 0 0
