car 0.0 0 0 313 179 347 231 0 0 0 0 0 0 0
car 0.5 0 0 346 244 352 260 0 0 0 0 0 0 0
car 0.75 0 0 349 262 352 279 0 0 0 0 0 0 0
car 0.0 0 0 324 287 337 306 0 0 0 0 0 0 0
car 0.928571428571 0 0 351 283 352 298 0 0 0 0 0 0 0
car 0.0 0 0 321 322 334 335 0 0 0 0 0 0 0
car 0.0 0 0 336 319 347 333 0 0 0 0 0 0 0
car 0.421052631579 0 0 299 341 313 352 0 0 0 0 0 0 0
car 0.848484848485 0 0 217 347 239 352 0 0 0 0 0 0 0
car 0.0 0 0 290 301 300 315 0 0 0 0 0 0 0
car 0.0 0 0 279 282 291 298 0 0 0 0 0 0 0
car 0.0 0 0 258 262 282 294 0 0 0 0 0 0 0
car 0.0 0 0 273 246 286 261 0 0 0 0 0 0 0
car 0.0 0 0 283 231 294 244 0 0 0 0 0 0 0
car 0.0 0 0 133 335 147 343 0 0 0 0 0 0 0
car 0.0 0 0 152 331 170 339 0 0 0 0 0 0 0
car 0.0 0 0 152 322 171 331 0 0 0 0 0 0 0
car 0.0 0 0 125 320 143 328 0 0 0 0 0 0 0
car 0.0 0 0 148 316 163 323 0 0 0 0 0 0 0
car 0.0 0 0 129 312 146 318 0 0 0 0 0 0 0
car 0.0 0 0 148 307 165 314 0 0 0 0 0 0 0
car 0.0 0 0 134 303 146 309 0 0 0 0 0 0 0
car 0.0 0 0 137 292 153 299 0 0 0 0 0 0 0
car 0.0 0 0 161 290 172 296 0 0 0 0 0 0 0
car 0.0 0 0 139 284 156 290 0 0 0 0 0 0 0
car 0.0 0 0 214 312 222 323 0 0 0 0 0 0 0
car 0.0 0 0 33 306 45 315 0 0 0 0 0 0 0
car 0.0 0 0 30 297 46 306 0 0 0 0 0 0 0
car 0.0 0 0 48 249 69 261 0 0 0 0 0 0 0
car 0.0 0 0 210 158 220 176 0 0 0 0 0 0 0
car 0.0 0 0 220 158 229 174 0 0 0 0 0 0 0
car 0.0 0 0 231 166 241 182 0 0 0 0 0 0 0
car 0.0 0 0 240 167 251 186 0 0 0 0 0 0 0
car 0.0 0 0 169 35 185 44 0 0 0 0 0 0 0
car 0.0 0 0 185 39 203 49 0 0 0 0 0 0 0
car 0.0 0 0 207 45 221 54 0 0 0 0 0 0 0
car 0.0 0 0 92 19 108 29 0 0 0 0 0 0 0
car 0.0 0 0 117 22 131 32 0 0 0 0 0 0 0
car 0.0 0 0 203 23 218 31 0 0 0 0 0 0 0
car 0.0 0 0 119 3 134 11 0 0 0 0 0 0 0
car 0.0 0 0 226 29 240 36 0 0 0 0 0 0 0
car 0.0 0 0 274 42 288 50 0 0 0 0 0 0 0
car 0.0 0 0 291 43 308 53 0 0 0 0 0 0 0
