car 0.0 0 0 338 8 349 21 0 0 0 0 0 0 0
car 0.0 0 0 310 4 322 20 0 0 0 0 0 0 0
car 0.0 0 0 287 25 299 39 0 0 0 0 0 0 0
car 0.0 0 0 282 44 305 77 0 0 0 0 0 0 0
car 0.0 0 0 275 52 284 68 0 0 0 0 0 0 0
car 0.0 0 0 261 81 273 96 0 0 0 0 0 0 0
car 0.0 0 0 248 109 259 126 0 0 0 0 0 0 0
car 0.0 0 0 296 86 307 101 0 0 0 0 0 0 0
car 0.0 0 0 233 138 244 153 0 0 0 0 0 0 0
car 0.0 0 0 250 132 263 146 0 0 0 0 0 0 0
car 0.0 0 0 264 131 275 145 0 0 0 0 0 0 0
car 0.0 0 0 221 165 232 180 0 0 0 0 0 0 0
car 0.0 0 0 236 157 249 175 0 0 0 0 0 0 0
car 0.0 0 0 257 153 269 168 0 0 0 0 0 0 0
car 0.0 0 0 225 174 257 225 0 0 0 0 0 0 0
car 0.0 0 0 226 181 238 197 0 0 0 0 0 0 0
car 0.0 0 0 209 193 221 209 0 0 0 0 0 0 0
car 0.0 0 0 218 205 227 219 0 0 0 0 0 0 0
car 0.0 0 0 191 232 203 246 0 0 0 0 0 0 0
car 0.0 0 0 205 228 218 244 0 0 0 0 0 0 0
car 0.0 0 0 198 246 209 263 0 0 0 0 0 0 0
car 0.0 0 0 200 229 232 281 0 0 0 0 0 0 0
car 0.0 0 0 175 271 185 284 0 0 0 0 0 0 0
car 0.0 0 0 185 271 196 285 0 0 0 0 0 0 0
car 0.0 0 0 155 311 166 328 0 0 0 0 0 0 0
car 0.0 0 0 173 293 186 312 0 0 0 0 0 0 0
car 0.0 0 0 184 286 203 317 0 0 0 0 0 0 0
car 0.0 0 0 162 314 175 330 0 0 0 0 0 0 0
car 0.0 0 0 175 319 187 335 0 0 0 0 0 0 0
car 0.222222222222 0 0 151 338 164 352 0 0 0 0 0 0 0
car 0.755102040816 0 0 149 340 182 352 0 0 0 0 0 0 0
car 0.867924528302 0 0 72 345 104 352 0 0 0 0 0 0 0
car 0.933333333333 0 0 65 351 77 352 0 0 0 0 0 0 0
car 0.0 0 0 76 331 87 345 0 0 0 0 0 0 0
car 0.0 0 0 83 309 96 325 0 0 0 0 0 0 0
car 0.0 0 0 97 280 110 296 0 0 0 0 0 0 0
car 0.0 0 0 108 262 120 277 0 0 0 0 0 0 0
car 0.0 0 0 122 230 135 245 0 0 0 0 0 0 0
car 0.0 0 0 137 200 149 217 0 0 0 0 0 0 0
car 0.0 0 0 156 222 166 236 0 0 0 0 0 0 0
car 0.0 0 0 143 180 157 197 0 0 0 0 0 0 0
car 0.0 0 0 178 198 191 211 0 0 0 0 0 0 0
car 0.0 0 0 186 162 196 175 0 0 0 0 0 0 0
car 0.0 0 0 176 114 188 130 0 0 0 0 0 0 0
car 0.0 0 0 266 10 277 21 0 0 0 0 0 0 0
car 0.0 0 0 281 244 297 255 0 0 0 0 0 0 0
car 0.0 0 0 310 235 326 246 0 0 0 0 0 0 0
car 0.0 0 0 331 245 346 255 0 0 0 0 0 0 0
