car 0.3125 0 0 202 0 213 11 0 0 0 0 0 0 0
car 0.8125 0 0 174 0 187 3 0 0 0 0 0 0 0
car 0.153846153846 0 0 158 0 169 11 0 0 0 0 0 0 0
car 0.0 0 0 141 30 152 45 0 0 0 0 0 0 0
car 0.0 0 0 154 37 163 50 0 0 0 0 0 0 0
car 0.0 0 0 157 24 183 56 0 0 0 0 0 0 0
car 0.0 0 0 174 49 185 63 0 0 0 0 0 0 0
car 0.0 0 0 162 76 173 89 0 0 0 0 0 0 0
car 0.0 0 0 129 57 141 71 0 0 0 0 0 0 0
car 0.0 0 0 134 72 146 88 0 0 0 0 0 0 0
car 0.0 0 0 111 93 123 107 0 0 0 0 0 0 0
car 0.0 0 0 106 112 129 145 0 0 0 0 0 0 0
car 0.0 0 0 99 120 108 136 0 0 0 0 0 0 0
car 0.0 0 0 85 149 97 164 0 0 0 0 0 0 0
car 0.0 0 0 72 177 83 194 0 0 0 0 0 0 0
car 0.0 0 0 120 154 131 169 0 0 0 0 0 0 0
car 0.0 0 0 57 206 68 221 0 0 0 0 0 0 0
car 0.0 0 0 74 200 87 214 0 0 0 0 0 0 0
car 0.0 0 0 88 199 99 213 0 0 0 0 0 0 0
car 0.0 0 0 45 233 56 248 0 0 0 0 0 0 0
car 0.0 0 0 60 225 73 243 0 0 0 0 0 0 0
car 0.0 0 0 81 221 93 236 0 0 0 0 0 0 0
car 0.0 0 0 49 242 81 293 0 0 0 0 0 0 0
car 0.0 0 0 50 249 62 265 0 0 0 0 0 0 0
car 0.0 0 0 33 261 45 277 0 0 0 0 0 0 0
car 0.0 0 0 42 273 51 287 0 0 0 0 0 0 0
car 0.0 0 0 15 300 27 314 0 0 0 0 0 0 0
car 0.0 0 0 29 296 42 312 0 0 0 0 0 0 0
car 0.0 0 0 22 314 33 331 0 0 0 0 0 0 0
car 0.0 0 0 24 297 56 349 0 0 0 0 0 0 0
car 0.0 0 0 2 266 15 279 0 0 0 0 0 0 0
car 0.0 0 0 10 230 20 243 0 0 0 0 0 0 0
car 0.0 0 0 0 182 12 198 0 0 0 0 0 0 0
car 0.0 0 0 90 78 101 89 0 0 0 0 0 0 0
car 0.0 0 0 72 35 87 48 0 0 0 0 0 0 0
car 0.0 0 0 91 50 102 66 0 0 0 0 0 0 0
car 0.0 0 0 124 9 134 24 0 0 0 0 0 0 0
car 0.235294117647 0 0 87 0 100 13 0 0 0 0 0 0 0
car 0.0 0 0 105 312 121 323 0 0 0 0 0 0 0
car 0.0 0 0 134 303 150 314 0 0 0 0 0 0 0
car 0.0 0 0 155 313 170 323 0 0 0 0 0 0 0
