car 0.76256684492 0 0 340 0 352 37 0 0 0 0 0 0 0
car 0.702380952381 0 0 342 0 352 5 0 0 0 0 0 0 0
car 0.0 0 0 337 9 349 23 0 0 0 0 0 0 0
car 0.0 0 0 324 2 336 19 0 0 0 0 0 0 0
car 0.0 0 0 311 36 323 52 0 0 0 0 0 0 0
car 0.0 0 0 323 36 334 51 0 0 0 0 0 0 0
car 0.0 0 0 332 46 343 62 0 0 0 0 0 0 0
car 0.0 0 0 300 56 311 73 0 0 0 0 0 0 0
car 0.0 0 0 312 61 323 77 0 0 0 0 0 0 0
car 0.0 0 0 324 65 335 81 0 0 0 0 0 0 0
car 0.0 0 0 336 64 347 78 0 0 0 0 0 0 0
car 0.0 0 0 295 79 305 93 0 0 0 0 0 0 0
car 0.0 0 0 304 82 315 97 0 0 0 0 0 0 0
car 0.0 0 0 315 84 326 101 0 0 0 0 0 0 0
car 0.0 0 0 327 100 336 112 0 0 0 0 0 0 0
car 0.0 0 0 281 111 292 126 0 0 0 0 0 0 0
car 0.0 0 0 294 105 304 121 0 0 0 0 0 0 0
car 0.0 0 0 306 106 317 121 0 0 0 0 0 0 0
car 0.0 0 0 318 118 328 134 0 0 0 0 0 0 0
car 0.0 0 0 269 136 280 152 0 0 0 0 0 0 0
car 0.0 0 0 283 125 295 142 0 0 0 0 0 0 0
car 0.0 0 0 249 175 262 193 0 0 0 0 0 0 0
car 0.0 0 0 268 163 278 177 0 0 0 0 0 0 0
car 0.0 0 0 280 168 293 190 0 0 0 0 0 0 0
car 0.0 0 0 287 194 296 208 0 0 0 0 0 0 0
car 0.0 0 0 254 194 269 210 0 0 0 0 0 0 0
car 0.0 0 0 254 216 267 231 0 0 0 0 0 0 0
car 0.0 0 0 233 212 244 226 0 0 0 0 0 0 0
car 0.0 0 0 218 251 226 261 0 0 0 0 0 0 0
car 0.0 0 0 230 253 240 267 0 0 0 0 0 0 0
car 0.0 0 0 245 248 256 265 0 0 0 0 0 0 0
car 0.0 0 0 198 288 209 305 0 0 0 0 0 0 0
car 0.0 0 0 207 284 226 310 0 0 0 0 0 0 0
car 0.0 0 0 224 281 238 304 0 0 0 0 0 0 0
car 0.0 0 0 182 328 195 346 0 0 0 0 0 0 0
car 0.0 0 0 206 319 224 345 0 0 0 0 0 0 0
car 0.0 0 0 144 321 156 337 0 0 0 0 0 0 0
car 0.0 0 0 118 323 127 334 0 0 0 0 0 0 0
car 0.0 0 0 86 332 99 339 0 0 0 0 0 0 0
car 0.0 0 0 67 305 77 320 0 0 0 0 0 0 0
car 0.0 0 0 73 291 84 304 0 0 0 0 0 0 0
car 0.0 0 0 76 312 86 325 0 0 0 0 0 0 0
car 0.0 0 0 81 295 92 310 0 0 0 0 0 0 0
car 0.0 0 0 86 314 94 326 0 0 0 0 0 0 0
car 0.0 0 0 89 299 99 314 0 0 0 0 0 0 0
car 0.0 0 0 97 300 107 315 0 0 0 0 0 0 0
car 0.0 0 0 106 306 113 318 0 0 0 0 0 0 0
car 0.0 0 0 92 315 102 329 0 0 0 0 0 0 0
car 0.0 0 0 100 318 109 332 0 0 0 0 0 0 0
car 0.0 0 0 168 201 179 213 0 0 0 0 0 0 0
car 0.0 0 0 208 181 218 193 0 0 0 0 0 0 0
car 0.0 0 0 191 146 203 162 0 0 0 0 0 0 0
car 0.0 0 0 216 90 227 107 0 0 0 0 0 0 0
car 0.0 0 0 230 102 241 116 0 0 0 0 0 0 0
car 0.0 0 0 265 79 275 95 0 0 0 0 0 0 0
car 0.0 0 0 243 91 257 111 0 0 0 0 0 0 0
car 0.0 0 0 222 77 233 91 0 0 0 0 0 0 0
car 0.0 0 0 229 59 240 73 0 0 0 0 0 0 0
car 0.0 0 0 243 62 253 76 0 0 0 0 0 0 0
car 0.0 0 0 247 28 257 43 0 0 0 0 0 0 0
car 0.0 0 0 253 6 266 24 0 0 0 0 0 0 0
car 0.733333333333 0 0 265 0 275 4 0 0 0 0 0 0 0
car 0.875 0 0 290 0 301 2 0 0 0 0 0 0 0
car 0.0 0 0 24 252 42 262 0 0 0 0 0 0 0
car 0.0 0 0 59 251 73 268 0 0 0 0 0 0 0
car 0.0 0 0 32 214 46 223 0 0 0 0 0 0 0
car 0.0 0 0 49 165 57 178 0 0 0 0 0 0 0
car 0.0 0 0 78 141 103 198 0 0 0 0 0 0 0
car 0.0 0 0 91 150 116 204 0 0 0 0 0 0 0
car 0.0 0 0 153 96 164 103 0 0 0 0 0 0 0
car 0.0 0 0 3 47 26 58 0 0 0 0 0 0 0
