car 0.764705882353 0 0 155 0 166 4 0 0 0 0 0 0 0
car 0.625 0 0 162 0 175 6 0 0 0 0 0 0 0
car 0.3125 0 0 175 0 187 11 0 0 0 0 0 0 0
car 0.0 0 0 151 14 164 32 0 0 0 0 0 0 0
car 0.0 0 0 149 16 182 65 0 0 0 0 0 0 0
car 0.0 0 0 170 45 181 62 0 0 0 0 0 0 0
car 0.0 0 0 143 36 157 53 0 0 0 0 0 0 0
car 0.0 0 0 157 73 176 82 0 0 0 0 0 0 0
car 0.0 0 0 133 56 143 70 0 0 0 0 0 0 0
car 0.0 0 0 140 64 151 81 0 0 0 0 0 0 0
car 0.0 0 0 114 75 125 90 0 0 0 0 0 0 0
car 0.0 0 0 121 81 133 97 0 0 0 0 0 0 0
car 0.0 0 0 121 88 144 121 0 0 0 0 0 0 0
car 0.0 0 0 139 106 149 120 0 0 0 0 0 0 0
car 0.0 0 0 91 119 103 133 0 0 0 0 0 0 0
car 0.0 0 0 110 106 121 123 0 0 0 0 0 0 0
car 0.0 0 0 99 126 111 140 0 0 0 0 0 0 0
car 0.0 0 0 126 134 136 148 0 0 0 0 0 0 0
car 0.0 0 0 121 152 131 166 0 0 0 0 0 0 0
car 0.0 0 0 95 125 129 175 0 0 0 0 0 0 0
car 0.0 0 0 74 154 85 171 0 0 0 0 0 0 0
car 0.0 0 0 93 146 103 161 0 0 0 0 0 0 0
car 0.0 0 0 85 164 94 178 0 0 0 0 0 0 0
car 0.0 0 0 74 182 85 200 0 0 0 0 0 0 0
car 0.0 0 0 88 181 99 197 0 0 0 0 0 0 0
car 0.0 0 0 55 203 64 218 0 0 0 0 0 0 0
car 0.0 0 0 66 203 76 221 0 0 0 0 0 0 0
car 0.0 0 0 54 224 66 243 0 0 0 0 0 0 0
car 0.0 0 0 53 238 74 269 0 0 0 0 0 0 0
car 0.0 0 0 46 251 56 264 0 0 0 0 0 0 0
car 0.0 0 0 67 258 74 271 0 0 0 0 0 0 0
car 0.0 0 0 80 256 90 268 0 0 0 0 0 0 0
car 0.0 0 0 83 246 94 258 0 0 0 0 0 0 0
car 0.0 0 0 87 239 97 248 0 0 0 0 0 0 0
car 0.0 0 0 93 228 102 239 0 0 0 0 0 0 0
car 0.0 0 0 98 223 108 232 0 0 0 0 0 0 0
car 0.0 0 0 100 210 112 223 0 0 0 0 0 0 0
car 0.0 0 0 103 195 113 208 0 0 0 0 0 0 0
car 0.0 0 0 77 280 92 288 0 0 0 0 0 0 0
car 0.0 0 0 77 297 87 308 0 0 0 0 0 0 0
car 0.0 0 0 35 269 48 286 0 0 0 0 0 0 0
car 0.0 0 0 48 283 58 301 0 0 0 0 0 0 0
car 0.0 0 0 60 285 70 301 0 0 0 0 0 0 0
car 0.0 0 0 27 293 39 310 0 0 0 0 0 0 0
car 0.0 0 0 42 325 54 342 0 0 0 0 0 0 0
car 0.163636363636 0 0 16 306 50 352 0 0 0 0 0 0 0
car 0.0 0 0 18 315 30 329 0 0 0 0 0 0 0
car 0.0 0 0 13 333 25 347 0 0 0 0 0 0 0
car 0.0 0 0 12 303 23 319 0 0 0 0 0 0 0
car 0.0 0 0 0 326 12 343 0 0 0 0 0 0 0
car 0.0 0 0 2 224 15 243 0 0 0 0 0 0 0
car 0.0 0 0 3 161 18 180 0 0 0 0 0 0 0
car 0.0 0 0 11 137 24 156 0 0 0 0 0 0 0
car 0.0 0 0 30 136 51 164 0 0 0 0 0 0 0
car 0.0 0 0 23 118 36 133 0 0 0 0 0 0 0
car 0.0 0 0 54 140 68 159 0 0 0 0 0 0 0
car 0.0 0 0 29 97 44 115 0 0 0 0 0 0 0
car 0.0 0 0 43 76 54 92 0 0 0 0 0 0 0
car 0.0 0 0 87 73 99 88 0 0 0 0 0 0 0
car 0.0 0 0 54 47 67 66 0 0 0 0 0 0 0
car 0.0 0 0 72 21 104 74 0 0 0 0 0 0 0
car 0.0 0 0 65 27 77 42 0 0 0 0 0 0 0
car 0.0 0 0 76 7 87 21 0 0 0 0 0 0 0
car 0.9375 0 0 83 0 96 1 0 0 0 0 0 0 0
car 0.0 0 0 301 132 316 140 0 0 0 0 0 0 0
car 0.0 0 0 302 146 318 165 0 0 0 0 0 0 0
car 0.0 0 0 312 150 325 170 0 0 0 0 0 0 0
car 0.0 0 0 241 48 254 58 0 0 0 0 0 0 0
car 0.0 0 0 193 93 204 109 0 0 0 0 0 0 0
car 0.0 0 0 201 97 212 110 0 0 0 0 0 0 0
car 0.0 0 0 217 104 226 116 0 0 0 0 0 0 0
car 0.0 0 0 265 126 276 140 0 0 0 0 0 0 0
car 0.0 0 0 274 129 286 150 0 0 0 0 0 0 0
