car 0.0 0 0 42 1 54 18 0 0 0 0 0 0 0
car 0.327272727273 0 0 16 0 50 37 0 0 0 0 0 0 0
car 0.642857142857 0 0 18 0 30 5 0 0 0 0 0 0 0
car 0.0 0 0 13 9 25 23 0 0 0 0 0 0 0
car 0.0 0 0 0 2 12 19 0 0 0 0 0 0 0
car 0.0909090909091 0 0 0 36 10 51 0 0 0 0 0 0 0
car 0.0 0 0 8 46 19 62 0 0 0 0 0 0 0
car 0.0 0 0 0 65 11 81 0 0 0 0 0 0 0
car 0.0 0 0 12 64 23 78 0 0 0 0 0 0 0
car 0.818181818182 0 0 0 84 2 101 0 0 0 0 0 0 0
car 0.0 0 0 3 100 12 112 0 0 0 0 0 0 0
car 0.6 0 0 0 118 4 134 0 0 0 0 0 0 0
car 0.0 0 0 200 244 216 254 0 0 0 0 0 0 0
car 0.0 0 0 165 54 182 64 0 0 0 0 0 0 0
car 0.0 0 0 162 114 171 126 0 0 0 0 0 0 0
car 0.0 0 0 141 90 152 106 0 0 0 0 0 0 0
car 0.0 0 0 141 120 157 135 0 0 0 0 0 0 0
car 0.0 0 0 146 131 158 144 0 0 0 0 0 0 0
car 0.0 0 0 138 144 149 159 0 0 0 0 0 0 0
car 0.0 0 0 147 150 157 163 0 0 0 0 0 0 0
car 0.0 0 0 150 178 161 195 0 0 0 0 0 0 0
car 0.0 0 0 158 181 168 196 0 0 0 0 0 0 0
car 0.0 0 0 161 214 181 227 0 0 0 0 0 0 0
car 0.0 0 0 240 78 259 89 0 0 0 0 0 0 0
car 0.0 0 0 179 161 192 169 0 0 0 0 0 0 0
car 0.0 0 0 197 165 212 175 0 0 0 0 0 0 0
car 0.0 0 0 203 161 217 170 0 0 0 0 0 0 0
car 0.0 0 0 276 90 293 99 0 0 0 0 0 0 0
car 0.0 0 0 264 100 271 112 0 0 0 0 0 0 0
car 0.0 0 0 271 101 279 114 0 0 0 0 0 0 0
car 0.0 0 0 279 105 287 116 0 0 0 0 0 0 0
car 0.0 0 0 291 103 307 121 0 0 0 0 0 0 0
car 0.0 0 0 300 115 309 127 0 0 0 0 0 0 0
car 0.0 0 0 307 118 315 130 0 0 0 0 0 0 0
car 0.0 0 0 325 117 339 126 0 0 0 0 0 0 0
car 0.0 0 0 317 120 341 143 0 0 0 0 0 0 0
car 0.0 0 0 338 206 349 223 0 0 0 0 0 0 0
car 0.666666666667 0 0 347 252 352 261 0 0 0 0 0 0 0
car 0.266666666667 0 0 341 259 352 267 0 0 0 0 0 0 0
car 0.117647058824 0 0 337 274 352 282 0 0 0 0 0 0 0
