car 0.349112426036 0 0 0 0 10 11 0 0 0 0 0 0 0
car 0.357142857143 0 0 12 0 23 9 0 0 0 0 0 0 0
car 0.0 0 0 11 36 21 51 0 0 0 0 0 0 0
car 0.933333333333 0 0 0 48 1 65 0 0 0 0 0 0 0
car 0.625 0 0 58 0 69 6 0 0 0 0 0 0 0
car 0.0 0 0 55 6 65 18 0 0 0 0 0 0 0
car 0.0 0 0 256 7 265 23 0 0 0 0 0 0 0
car 0.0 0 0 265 10 275 24 0 0 0 0 0 0 0
car 0.0 0 0 281 18 291 31 0 0 0 0 0 0 0
car 0.0 0 0 314 31 324 45 0 0 0 0 0 0 0
car 0.0 0 0 319 8 334 18 0 0 0 0 0 0 0
car 0.0625 0 0 337 14 352 23 0 0 0 0 0 0 0
car 0.0833333333333 0 0 341 41 352 54 0 0 0 0 0 0 0
car 0.0 0 0 321 278 339 289 0 0 0 0 0 0 0
car 0.0 0 0 326 272 344 282 0 0 0 0 0 0 0
car 0.0 0 0 225 248 249 262 0 0 0 0 0 0 0
car 0.0 0 0 261 257 282 269 0 0 0 0 0 0 0
car 0.0 0 0 280 264 318 282 0 0 0 0 0 0 0
car 0.0 0 0 30 170 47 179 0 0 0 0 0 0 0
car 0.0 0 0 66 179 80 187 0 0 0 0 0 0 0
car 0.0 0 0 81 183 97 192 0 0 0 0 0 0 0
car 0.0 0 0 73 199 88 208 0 0 0 0 0 0 0
car 0.0 0 0 92 203 110 215 0 0 0 0 0 0 0
car 0.0 0 0 117 193 136 204 0 0 0 0 0 0 0
car 0.0 0 0 137 202 152 211 0 0 0 0 0 0 0
car 0.0 0 0 164 228 181 238 0 0 0 0 0 0 0
car 0.0 0 0 183 233 202 243 0 0 0 0 0 0 0
