car 0.538461538462 0 0 97 0 111 6 0 0 0 0 0 0 0
car 0.0 0 0 141 9 153 22 0 0 0 0 0 0 0
car 0.0 0 0 210 42 220 53 0 0 0 0 0 0 0
car 0.0 0 0 218 45 226 55 0 0 0 0 0 0 0
car 0.0 0 0 235 56 250 69 0 0 0 0 0 0 0
car 0.0 0 0 255 29 267 44 0 0 0 0 0 0 0
car 0.0 0 0 246 24 255 37 0 0 0 0 0 0 0
car 0.0 0 0 236 17 247 32 0 0 0 0 0 0 0
car 0.571428571429 0 0 176 0 186 6 0 0 0 0 0 0 0
car 0.25 0 0 189 0 196 9 0 0 0 0 0 0 0
car 0.0 0 0 199 3 209 16 0 0 0 0 0 0 0
car 0.0 0 0 206 7 214 20 0 0 0 0 0 0 0
car 0.0 0 0 213 10 223 24 0 0 0 0 0 0 0
car 0.0 0 0 219 12 231 30 0 0 0 0 0 0 0
car 0.0 0 0 307 79 320 99 0 0 0 0 0 0 0
car 0.0 0 0 323 86 339 108 0 0 0 0 0 0 0
car 0.0 0 0 70 220 80 234 0 0 0 0 0 0 0
car 0.923076923077 0 0 0 150 1 170 0 0 0 0 0 0 0
car 0.0 0 0 35 333 46 347 0 0 0 0 0 0 0
