car 1.0 0 0 0 31 0 45 0 0 0 0 0 0 0
car 0.333333333333 0 0 0 8 10 18 0 0 0 0 0 0 0
car 0.0 0 0 13 14 29 23 0 0 0 0 0 0 0
car 0.0 0 0 33 21 48 31 0 0 0 0 0 0 0
car 0.0 0 0 17 41 29 54 0 0 0 0 0 0 0
car 0.0 0 0 28 44 37 56 0 0 0 0 0 0 0
car 0.0 0 0 36 47 45 60 0 0 0 0 0 0 0
car 0.0 0 0 43 50 51 67 0 0 0 0 0 0 0
car 0.0 0 0 67 58 76 73 0 0 0 0 0 0 0
car 0.0 0 0 75 63 83 76 0 0 0 0 0 0 0
car 0.0 0 0 92 71 99 82 0 0 0 0 0 0 0
car 0.0 0 0 103 48 122 59 0 0 0 0 0 0 0
car 0.0 0 0 144 64 158 73 0 0 0 0 0 0 0
car 0.0 0 0 155 69 170 79 0 0 0 0 0 0 0
car 0.0 0 0 184 81 203 93 0 0 0 0 0 0 0
car 0.0 0 0 203 89 217 100 0 0 0 0 0 0 0
car 0.0 0 0 221 96 236 106 0 0 0 0 0 0 0
car 0.0 0 0 129 104 139 119 0 0 0 0 0 0 0
car 0.0 0 0 164 96 172 111 0 0 0 0 0 0 0
car 0.0 0 0 172 99 181 114 0 0 0 0 0 0 0
car 0.0 0 0 180 103 189 118 0 0 0 0 0 0 0
car 0.0 0 0 189 107 196 119 0 0 0 0 0 0 0
car 0.0 0 0 199 110 207 121 0 0 0 0 0 0 0
car 0.0 0 0 243 127 252 141 0 0 0 0 0 0 0
car 0.0 0 0 264 133 273 147 0 0 0 0 0 0 0
car 0.0 0 0 272 138 280 151 0 0 0 0 0 0 0
car 0.0 0 0 189 179 202 195 0 0 0 0 0 0 0
car 0.0 0 0 178 202 192 218 0 0 0 0 0 0 0
car 0.0 0 0 83 249 99 265 0 0 0 0 0 0 0
car 0.0 0 0 77 259 92 273 0 0 0 0 0 0 0
car 0.166666666667 0 0 0 278 15 289 0 0 0 0 0 0 0
car 0.0 0 0 2 272 20 282 0 0 0 0 0 0 0
