car 0.0 0 0 209 224 220 240 0 0 0 0 0 0 0
car 0.0 0 0 179 186 189 198 0 0 0 0 0 0 0
car 0.0 0 0 102 55 114 71 0 0 0 0 0 0 0
car 0.0 0 0 93 74 105 91 0 0 0 0 0 0 0
car 0.0 0 0 88 89 98 104 0 0 0 0 0 0 0
car 0.0 0 0 35 9 46 23 0 0 0 0 0 0 0
car 0.0 0 0 1 117 15 126 0 0 0 0 0 0 0
car 0.291666666667 0 0 0 120 17 143 0 0 0 0 0 0 0
car 0.0 0 0 14 206 25 223 0 0 0 0 0 0 0
car 0.0 0 0 38 164 48 179 0 0 0 0 0 0 0
car 0.0 0 0 84 199 93 213 0 0 0 0 0 0 0
car 0.0 0 0 85 210 95 223 0 0 0 0 0 0 0
car 0.0 0 0 121 210 132 227 0 0 0 0 0 0 0
car 0.0 0 0 131 218 138 230 0 0 0 0 0 0 0
car 0.0 0 0 28 244 46 255 0 0 0 0 0 0 0
car 0.0 0 0 23 252 38 261 0 0 0 0 0 0 0
car 0.0 0 0 17 259 32 267 0 0 0 0 0 0 0
car 0.0 0 0 13 274 30 282 0 0 0 0 0 0 0
car 0.0 0 0 33 264 49 274 0 0 0 0 0 0 0
car 0.0 0 0 58 300 69 315 0 0 0 0 0 0 0
car 0.0 0 0 80 309 91 326 0 0 0 0 0 0 0
