car 0.0 0 0 14 8 25 21 0 0 0 0 0 0 0
car 0.875 0 0 0 235 2 246 0 0 0 0 0 0 0
car 0.0 0 0 7 245 22 255 0 0 0 0 0 0 0
car 0.0 0 0 35 282 46 299 0 0 0 0 0 0 0
car 0.0 0 0 53 295 64 313 0 0 0 0 0 0 0
car 0.0 0 0 70 298 78 314 0 0 0 0 0 0 0
car 0.0 0 0 97 317 111 330 0 0 0 0 0 0 0
car 0.0 0 0 141 333 153 346 0 0 0 0 0 0 0
car 0.692307692308 0 0 246 348 255 352 0 0 0 0 0 0 0
car 0.266666666667 0 0 236 341 247 352 0 0 0 0 0 0 0
car 0.0 0 0 128 297 139 310 0 0 0 0 0 0 0
car 0.0 0 0 143 299 151 312 0 0 0 0 0 0 0
car 0.0 0 0 156 308 167 321 0 0 0 0 0 0 0
car 0.0 0 0 176 316 186 330 0 0 0 0 0 0 0
car 0.0 0 0 189 321 196 333 0 0 0 0 0 0 0
car 0.0 0 0 199 327 209 340 0 0 0 0 0 0 0
car 0.0 0 0 206 331 214 344 0 0 0 0 0 0 0
car 0.0 0 0 213 334 223 348 0 0 0 0 0 0 0
car 0.111111111111 0 0 219 336 231 352 0 0 0 0 0 0 0
car 0.0 0 0 91 280 100 293 0 0 0 0 0 0 0
