car 0.866666666667 0 0 242 0 256 2 0 0 0 0 0 0 0
car 0.0 0 0 248 21 263 36 0 0 0 0 0 0 0
car 0.0 0 0 264 33 273 52 0 0 0 0 0 0 0
car 0.0 0 0 256 54 268 67 0 0 0 0 0 0 0
car 0.0 0 0 254 47 264 59 0 0 0 0 0 0 0
car 0.0 0 0 248 14 260 28 0 0 0 0 0 0 0
car 0.0 0 0 269 131 282 144 0 0 0 0 0 0 0
car 0.0 0 0 268 140 283 154 0 0 0 0 0 0 0
car 0.0 0 0 273 159 285 171 0 0 0 0 0 0 0
car 0.0 0 0 276 191 291 207 0 0 0 0 0 0 0
car 0.0 0 0 290 182 300 200 0 0 0 0 0 0 0
car 0.0 0 0 281 197 295 212 0 0 0 0 0 0 0
car 0.0 0 0 279 208 295 223 0 0 0 0 0 0 0
car 0.0 0 0 282 216 297 232 0 0 0 0 0 0 0
car 0.0 0 0 297 290 309 304 0 0 0 0 0 0 0
car 0.0 0 0 296 309 310 324 0 0 0 0 0 0 0
car 0.0 0 0 301 316 314 332 0 0 0 0 0 0 0
car 0.0 0 0 302 325 316 339 0 0 0 0 0 0 0
car 0.0 0 0 301 336 319 350 0 0 0 0 0 0 0
