car 0.423076923077 0 0 8 337 27 352 0 0 0 0 0 0 0
car 0.117647058824 0 0 3 337 14 352 0 0 0 0 0 0 0
car 0.45 0 0 110 341 123 352 0 0 0 0 0 0 0
car 0.192307692308 0 0 214 331 231 352 0 0 0 0 0 0 0
car 0.0 0 0 193 299 204 316 0 0 0 0 0 0 0
car 0.0 0 0 155 305 170 321 0 0 0 0 0 0 0
car 0.714285714286 0 0 220 344 239 352 0 0 0 0 0 0 0
car 0.0 0 0 130 268 153 296 0 0 0 0 0 0 0
car 0.0 0 0 241 265 263 297 0 0 0 0 0 0 0
car 0.0 0 0 262 254 283 288 0 0 0 0 0 0 0
car 0.0 0 0 270 227 282 246 0 0 0 0 0 0 0
car 0.0 0 0 246 253 259 270 0 0 0 0 0 0 0
car 0.0 0 0 296 186 316 223 0 0 0 0 0 0 0
car 0.0 0 0 313 202 324 220 0 0 0 0 0 0 0
car 0.0 0 0 235 215 246 232 0 0 0 0 0 0 0
car 0.0 0 0 260 164 270 181 0 0 0 0 0 0 0
car 0.0 0 0 234 191 246 208 0 0 0 0 0 0 0
car 0.0 0 0 210 189 222 207 0 0 0 0 0 0 0
car 0.0 0 0 209 171 220 188 0 0 0 0 0 0 0
car 0.0 0 0 192 174 201 189 0 0 0 0 0 0 0
car 0.0 0 0 307 130 320 148 0 0 0 0 0 0 0
car 0.0333333333333 0 0 323 115 352 168 0 0 0 0 0 0 0
car 0.0 0 0 283 114 296 130 0 0 0 0 0 0 0
car 0.0 0 0 260 86 273 106 0 0 0 0 0 0 0
car 0.0 0 0 292 54 312 82 0 0 0 0 0 0 0
car 0.0 0 0 278 85 296 110 0 0 0 0 0 0 0
car 0.037037037037 0 0 273 0 302 52 0 0 0 0 0 0 0
car 0.0 0 0 262 19 275 38 0 0 0 0 0 0 0
car 0.0 0 0 323 27 337 47 0 0 0 0 0 0 0
car 0.329365079365 0 0 339 0 352 13 0 0 0 0 0 0 0
car 0.0 0 0 263 218 274 236 0 0 0 0 0 0 0
