car 0.0 0 0 252 42 261 55 0 0 0 0 0 0 0
car 0.0 0 0 247 57 256 73 0 0 0 0 0 0 0
car 0.0 0 0 227 94 241 112 0 0 0 0 0 0 0
car 0.0 0 0 223 124 239 144 0 0 0 0 0 0 0
car 0.0 0 0 77 130 90 136 0 0 0 0 0 0 0
car 0.0 0 0 33 132 48 139 0 0 0 0 0 0 0
car 0.0 0 0 63 148 80 155 0 0 0 0 0 0 0
car 0.25 0 0 112 0 127 6 0 0 0 0 0 0 0
car 0.0 0 0 95 199 102 214 0 0 0 0 0 0 0
car 0.0 0 0 95 218 102 234 0 0 0 0 0 0 0
car 0.0 0 0 95 236 103 251 0 0 0 0 0 0 0
car 0.0 0 0 171 232 179 248 0 0 0 0 0 0 0
car 0.0 0 0 172 248 179 261 0 0 0 0 0 0 0
car 0.0 0 0 231 286 247 294 0 0 0 0 0 0 0
car 0.0 0 0 172 281 179 296 0 0 0 0 0 0 0
car 0.0 0 0 171 301 179 319 0 0 0 0 0 0 0
car 0.0 0 0 192 299 199 314 0 0 0 0 0 0 0
car 0.0 0 0 193 315 201 332 0 0 0 0 0 0 0
car 0.0 0 0 172 323 180 340 0 0 0 0 0 0 0
car 0.0 0 0 319 269 334 276 0 0 0 0 0 0 0
