car 0.0 0 0 7 285 19 302 0 0 0 0 0 0 0
car 0.0 0 0 56 327 70 346 0 0 0 0 0 0 0
car 0.0 0 0 70 309 81 326 0 0 0 0 0 0 0
car 0.0 0 0 79 273 97 302 0 0 0 0 0 0 0
car 0.0 0 0 102 286 113 307 0 0 0 0 0 0 0
car 0.0 0 0 100 214 114 234 0 0 0 0 0 0 0
car 0.0 0 0 136 173 148 192 0 0 0 0 0 0 0
car 0.0 0 0 128 163 140 183 0 0 0 0 0 0 0
car 0.0 0 0 140 222 150 238 0 0 0 0 0 0 0
car 0.0 0 0 123 258 134 274 0 0 0 0 0 0 0
car 0.0 0 0 166 167 178 184 0 0 0 0 0 0 0
car 0.0 0 0 58 226 69 240 0 0 0 0 0 0 0
car 0.0 0 0 15 44 26 61 0 0 0 0 0 0 0
car 0.0 0 0 8 13 27 39 0 0 0 0 0 0 0
car 0.0 0 0 3 13 14 30 0 0 0 0 0 0 0
car 0.0 0 0 22 45 35 64 0 0 0 0 0 0 0
car 0.0 0 0 95 100 111 118 0 0 0 0 0 0 0
car 0.0 0 0 165 114 177 133 0 0 0 0 0 0 0
car 0.0 0 0 142 136 155 154 0 0 0 0 0 0 0
car 0.0 0 0 36 199 49 216 0 0 0 0 0 0 0
car 0.0 0 0 89 241 101 258 0 0 0 0 0 0 0
car 0.0 0 0 114 189 127 207 0 0 0 0 0 0 0
car 0.0 0 0 118 115 132 134 0 0 0 0 0 0 0
car 0.0 0 0 54 275 83 328 0 0 0 0 0 0 0
car 0.0 0 0 169 123 187 148 0 0 0 0 0 0 0
car 0.0 0 0 180 144 192 160 0 0 0 0 0 0 0
car 0.0 0 0 165 89 176 105 0 0 0 0 0 0 0
car 0.0 0 0 196 72 213 96 0 0 0 0 0 0 0
car 0.0 0 0 192 64 204 80 0 0 0 0 0 0 0
car 0.0 0 0 208 87 219 103 0 0 0 0 0 0 0
car 0.0 0 0 110 17 123 37 0 0 0 0 0 0 0
car 0.0 0 0 214 7 231 33 0 0 0 0 0 0 0
car 0.0 0 0 220 20 239 48 0 0 0 0 0 0 0
car 0.0 0 0 145 167 164 199 0 0 0 0 0 0 0
