car 0.0 0 0 183 36 196 49 0 0 0 0 0 0 0
car 0.0 0 0 168 38 183 49 0 0 0 0 0 0 0
car 0.0 0 0 158 40 171 53 0 0 0 0 0 0 0
car 0.0 0 0 147 42 161 54 0 0 0 0 0 0 0
car 0.0 0 0 138 43 152 57 0 0 0 0 0 0 0
car 0.0 0 0 191 70 209 78 0 0 0 0 0 0 0
car 0.0 0 0 194 77 213 85 0 0 0 0 0 0 0
car 0.0 0 0 226 68 235 83 0 0 0 0 0 0 0
car 0.0 0 0 243 45 251 62 0 0 0 0 0 0 0
car 0.0 0 0 276 38 284 54 0 0 0 0 0 0 0
car 0.0 0 0 174 86 193 94 0 0 0 0 0 0 0
car 0.0 0 0 139 107 158 115 0 0 0 0 0 0 0
car 0.0 0 0 142 130 161 139 0 0 0 0 0 0 0
car 0.0 0 0 144 139 161 148 0 0 0 0 0 0 0
car 0.0 0 0 159 116 168 133 0 0 0 0 0 0 0
car 0.0 0 0 139 114 158 124 0 0 0 0 0 0 0
car 0.0 0 0 168 109 178 126 0 0 0 0 0 0 0
car 0.0 0 0 161 150 173 167 0 0 0 0 0 0 0
car 0.0 0 0 172 151 182 166 0 0 0 0 0 0 0
car 0.0 0 0 190 163 206 172 0 0 0 0 0 0 0
car 0.0 0 0 170 166 183 180 0 0 0 0 0 0 0
car 0.0 0 0 181 149 194 164 0 0 0 0 0 0 0
car 0.0 0 0 190 148 200 162 0 0 0 0 0 0 0
car 0.0 0 0 207 147 216 160 0 0 0 0 0 0 0
car 0.0 0 0 212 169 227 183 0 0 0 0 0 0 0
car 0.0 0 0 223 195 236 210 0 0 0 0 0 0 0
car 0.0 0 0 225 209 239 224 0 0 0 0 0 0 0
car 0.0 0 0 230 226 243 240 0 0 0 0 0 0 0
car 0.0 0 0 231 238 241 251 0 0 0 0 0 0 0
car 0.0 0 0 175 93 194 101 0 0 0 0 0 0 0
car 0.0 0 0 201 113 218 120 0 0 0 0 0 0 0
car 0.0 0 0 233 105 240 117 0 0 0 0 0 0 0
car 0.0 0 0 138 100 155 107 0 0 0 0 0 0 0
car 0.0 0 0 141 124 160 132 0 0 0 0 0 0 0
car 0.0 0 0 242 311 256 326 0 0 0 0 0 0 0
car 0.533333333333 0 0 248 345 263 352 0 0 0 0 0 0 0
car 0.0 0 0 248 338 260 352 0 0 0 0 0 0 0
