car 0.953571428571 0 0 0 351 13 352 0 0 0 0 0 0 0
car 0.0 0 0 15 319 29 337 0 0 0 0 0 0 0
car 0.0 0 0 136 339 149 348 0 0 0 0 0 0 0
car 0.954545454545 0 0 0 242 1 274 0 0 0 0 0 0 0
car 0.0 0 0 54 241 69 264 0 0 0 0 0 0 0
car 0.0 0 0 103 241 128 278 0 0 0 0 0 0 0
car 0.0 0 0 43 219 66 251 0 0 0 0 0 0 0
car 0.0 0 0 1 217 13 233 0 0 0 0 0 0 0
car 0.0 0 0 136 304 146 319 0 0 0 0 0 0 0
car 0.0 0 0 127 300 138 317 0 0 0 0 0 0 0
car 0.0 0 0 142 276 151 286 0 0 0 0 0 0 0
car 0.0 0 0 146 270 157 279 0 0 0 0 0 0 0
car 0.0 0 0 153 261 163 272 0 0 0 0 0 0 0
car 0.0 0 0 155 249 166 264 0 0 0 0 0 0 0
car 0.0 0 0 157 241 171 258 0 0 0 0 0 0 0
car 0.0 0 0 164 237 173 250 0 0 0 0 0 0 0
car 0.0 0 0 172 216 184 232 0 0 0 0 0 0 0
car 0.0 0 0 182 200 193 213 0 0 0 0 0 0 0
car 0.0 0 0 129 150 160 203 0 0 0 0 0 0 0
car 0.0 0 0 117 186 128 205 0 0 0 0 0 0 0
car 0.0 0 0 142 189 154 207 0 0 0 0 0 0 0
car 0.0 0 0 88 128 117 177 0 0 0 0 0 0 0
car 0.0 0 0 159 167 170 185 0 0 0 0 0 0 0
car 0.0 0 0 26 164 38 180 0 0 0 0 0 0 0
car 0.0 0 0 152 113 163 130 0 0 0 0 0 0 0
car 0.0 0 0 43 133 53 149 0 0 0 0 0 0 0
car 0.0 0 0 36 150 45 162 0 0 0 0 0 0 0
car 0.0 0 0 189 126 201 142 0 0 0 0 0 0 0
car 0.0 0 0 40 71 47 81 0 0 0 0 0 0 0
car 0.0 0 0 61 96 71 110 0 0 0 0 0 0 0
car 0.0 0 0 78 59 87 77 0 0 0 0 0 0 0
car 0.0 0 0 89 33 99 51 0 0 0 0 0 0 0
car 0.0 0 0 196 61 218 94 0 0 0 0 0 0 0
car 0.0 0 0 172 60 202 110 0 0 0 0 0 0 0
car 0.0 0 0 280 91 294 107 0 0 0 0 0 0 0
car 0.0 0 0 303 68 322 83 0 0 0 0 0 0 0
car 0.0 0 0 317 48 332 59 0 0 0 0 0 0 0
car 0.0 0 0 319 39 334 52 0 0 0 0 0 0 0
car 0.0 0 0 291 26 307 38 0 0 0 0 0 0 0
car 0.0 0 0 287 34 301 44 0 0 0 0 0 0 0
car 0.0 0 0 300 11 315 23 0 0 0 0 0 0 0
car 0.0 0 0 331 19 342 29 0 0 0 0 0 0 0
car 0.0 0 0 89 232 105 255 0 0 0 0 0 0 0
car 0.0 0 0 176 122 188 137 0 0 0 0 0 0 0
car 0.0 0 0 296 18 309 29 0 0 0 0 0 0 0
