car 1.0 0 0 72 0 89 0 0 0 0 0 0 0 0
car 0.1 0 0 72 0 88 9 0 0 0 0 0 0 0
car 0.125 0 0 49 0 66 7 0 0 0 0 0 0 0
car 0.0 0 0 52 8 67 15 0 0 0 0 0 0 0
car 0.0 0 0 71 7 89 16 0 0 0 0 0 0 0
car 0.0 0 0 72 16 86 23 0 0 0 0 0 0 0
car 0.0 0 0 68 21 87 32 0 0 0 0 0 0 0
car 0.0 0 0 45 21 62 29 0 0 0 0 0 0 0
car 0.0 0 0 46 29 61 38 0 0 0 0 0 0 0
car 0.0 0 0 46 36 66 46 0 0 0 0 0 0 0
car 0.0 0 0 47 45 66 53 0 0 0 0 0 0 0
car 0.0 0 0 21 39 32 53 0 0 0 0 0 0 0
car 0.0 0 0 34 37 44 53 0 0 0 0 0 0 0
car 0.0 0 0 52 54 69 63 0 0 0 0 0 0 0
car 0.0 0 0 20 63 30 79 0 0 0 0 0 0 0
car 0.0 0 0 28 62 40 80 0 0 0 0 0 0 0
car 0.0 0 0 47 61 62 70 0 0 0 0 0 0 0
car 0.0 0 0 45 71 60 81 0 0 0 0 0 0 0
car 0.0 0 0 12 82 23 99 0 0 0 0 0 0 0
car 0.0 0 0 25 85 34 99 0 0 0 0 0 0 0
car 0.0 0 0 39 85 55 94 0 0 0 0 0 0 0
car 0.0 0 0 33 95 52 104 0 0 0 0 0 0 0
car 0.0 0 0 57 104 66 122 0 0 0 0 0 0 0
car 0.0 0 0 38 105 54 112 0 0 0 0 0 0 0
car 0.0 0 0 36 115 53 124 0 0 0 0 0 0 0
car 0.0 0 0 37 123 52 132 0 0 0 0 0 0 0
car 0.0 0 0 33 134 51 142 0 0 0 0 0 0 0
car 0.0 0 0 7 105 16 125 0 0 0 0 0 0 0
car 0.0 0 0 15 112 26 130 0 0 0 0 0 0 0
car 0.0 0 0 1 130 13 148 0 0 0 0 0 0 0
car 0.0 0 0 9 141 19 158 0 0 0 0 0 0 0
car 0.0 0 0 16 140 29 157 0 0 0 0 0 0 0
car 0.0 0 0 35 145 53 154 0 0 0 0 0 0 0
car 0.0 0 0 29 157 43 165 0 0 0 0 0 0 0
car 0.0 0 0 16 168 45 180 0 0 0 0 0 0 0
car 0.0 0 0 13 177 48 190 0 0 0 0 0 0 0
car 0.0 0 0 0 179 10 196 0 0 0 0 0 0 0
car 0.0 0 0 10 190 31 199 0 0 0 0 0 0 0
car 0.0 0 0 5 197 37 208 0 0 0 0 0 0 0
car 0.0 0 0 5 207 39 217 0 0 0 0 0 0 0
car 0.0 0 0 4 217 25 228 0 0 0 0 0 0 0
car 0.0 0 0 3 227 20 237 0 0 0 0 0 0 0
car 0.794117647059 0 0 345 19 352 35 0 0 0 0 0 0 0
car 0.636363636364 0 0 348 77 352 94 0 0 0 0 0 0 0
car 0.0 0 0 164 94 179 112 0 0 0 0 0 0 0
car 0.714285714286 0 0 348 132 352 140 0 0 0 0 0 0 0
car 0.8 0 0 349 124 352 133 0 0 0 0 0 0 0
car 0.0 0 0 315 116 329 124 0 0 0 0 0 0 0
car 0.0 0 0 312 122 324 131 0 0 0 0 0 0 0
car 0.0 0 0 262 111 278 120 0 0 0 0 0 0 0
car 0.0 0 0 280 115 293 123 0 0 0 0 0 0 0
car 0.0 0 0 262 102 278 111 0 0 0 0 0 0 0
car 0.0 0 0 278 106 293 113 0 0 0 0 0 0 0
car 0.0 0 0 208 97 221 105 0 0 0 0 0 0 0
car 0.0 0 0 225 103 238 109 0 0 0 0 0 0 0
car 0.0 0 0 227 94 240 101 0 0 0 0 0 0 0
car 0.0 0 0 204 43 213 57 0 0 0 0 0 0 0
car 0.0 0 0 210 42 220 60 0 0 0 0 0 0 0
car 0.0 0 0 219 44 228 61 0 0 0 0 0 0 0
car 0.0 0 0 226 51 231 63 0 0 0 0 0 0 0
car 0.0 0 0 234 49 241 65 0 0 0 0 0 0 0
car 0.0 0 0 249 51 259 69 0 0 0 0 0 0 0
car 1.0 0 0 219 0 253 0 0 0 0 0 0 0 0
car 0.0 0 0 212 1 227 33 0 0 0 0 0 0 0
car 0.0 0 0 225 3 240 36 0 0 0 0 0 0 0
car 0.0 0 0 239 16 251 36 0 0 0 0 0 0 0
car 0.0 0 0 255 22 265 37 0 0 0 0 0 0 0
car 0.0 0 0 279 2 309 16 0 0 0 0 0 0 0
car 0.0 0 0 275 16 292 48 0 0 0 0 0 0 0
car 0.0 0 0 289 22 303 53 0 0 0 0 0 0 0
car 0.0 0 0 302 21 318 54 0 0 0 0 0 0 0
car 0.0 0 0 327 29 344 61 0 0 0 0 0 0 0
car 0.0 0 0 265 53 276 73 0 0 0 0 0 0 0
car 0.0 0 0 273 59 283 74 0 0 0 0 0 0 0
car 0.0 0 0 282 62 291 77 0 0 0 0 0 0 0
car 0.0 0 0 293 63 301 78 0 0 0 0 0 0 0
car 0.0 0 0 300 65 309 79 0 0 0 0 0 0 0
car 0.0 0 0 309 69 318 82 0 0 0 0 0 0 0
car 0.0 0 0 166 214 181 223 0 0 0 0 0 0 0
car 0.0 0 0 181 219 196 226 0 0 0 0 0 0 0
car 0.0 0 0 196 221 210 228 0 0 0 0 0 0 0
car 0.0 0 0 222 228 240 238 0 0 0 0 0 0 0
car 0.0 0 0 243 234 255 241 0 0 0 0 0 0 0
car 0.0 0 0 263 238 279 247 0 0 0 0 0 0 0
car 0.0 0 0 282 243 297 253 0 0 0 0 0 0 0
car 0.0 0 0 299 247 312 254 0 0 0 0 0 0 0
car 0.0 0 0 156 255 171 263 0 0 0 0 0 0 0
car 0.0 0 0 166 240 181 250 0 0 0 0 0 0 0
car 0.0 0 0 152 228 170 237 0 0 0 0 0 0 0
car 0.0 0 0 168 233 185 241 0 0 0 0 0 0 0
car 0.0 0 0 185 246 199 253 0 0 0 0 0 0 0
car 0.0 0 0 187 238 205 246 0 0 0 0 0 0 0
car 0.0 0 0 202 250 220 258 0 0 0 0 0 0 0
car 0.0 0 0 206 242 221 250 0 0 0 0 0 0 0
car 0.0 0 0 223 256 235 263 0 0 0 0 0 0 0
car 0.0 0 0 224 247 239 254 0 0 0 0 0 0 0
car 0.0 0 0 238 258 253 267 0 0 0 0 0 0 0
car 0.0 0 0 240 250 259 258 0 0 0 0 0 0 0
car 0.0 0 0 261 265 277 273 0 0 0 0 0 0 0
car 0.0 0 0 263 255 280 264 0 0 0 0 0 0 0
car 0.0 0 0 283 269 296 277 0 0 0 0 0 0 0
car 0.0 0 0 292 262 306 271 0 0 0 0 0 0 0
car 0.0 0 0 298 273 316 281 0 0 0 0 0 0 0
car 0.0 0 0 319 262 338 271 0 0 0 0 0 0 0
car 0.0 0 0 322 271 336 278 0 0 0 0 0 0 0
car 0.0 0 0 319 279 332 285 0 0 0 0 0 0 0
car 0.466666666667 0 0 344 260 352 267 0 0 0 0 0 0 0
car 0.0 0 0 336 282 348 290 0 0 0 0 0 0 0
car 0.0 0 0 193 265 208 272 0 0 0 0 0 0 0
car 0.0 0 0 210 269 227 278 0 0 0 0 0 0 0
car 0.0 0 0 228 274 240 280 0 0 0 0 0 0 0
car 0.0 0 0 238 277 252 284 0 0 0 0 0 0 0
car 0.0 0 0 269 273 288 283 0 0 0 0 0 0 0
car 0.0 0 0 252 279 267 287 0 0 0 0 0 0 0
car 0.0 0 0 269 284 286 291 0 0 0 0 0 0 0
car 0.0 0 0 292 289 306 296 0 0 0 0 0 0 0
car 0.0 0 0 311 294 330 303 0 0 0 0 0 0 0
car 0.0 0 0 331 300 347 309 0 0 0 0 0 0 0
car 0.0 0 0 132 254 149 277 0 0 0 0 0 0 0
