car 1.0 0 0 0 11 0 20 0 0 0 0 0 0 0
car 0.266666666667 0 0 0 28 11 37 0 0 0 0 0 0 0
car 0.0 0 0 3 16 45 35 0 0 0 0 0 0 0
car 0.0 0 0 16 35 31 43 0 0 0 0 0 0 0
car 0.0 0 0 0 39 29 55 0 0 0 0 0 0 0
car 0.0 0 0 10 56 25 65 0 0 0 0 0 0 0
car 0.0 0 0 48 27 90 45 0 0 0 0 0 0 0
car 0.0 0 0 30 58 47 70 0 0 0 0 0 0 0
car 0.0 0 0 44 51 99 71 0 0 0 0 0 0 0
car 0.0 0 0 76 48 91 56 0 0 0 0 0 0 0
car 0.0 0 0 57 66 74 74 0 0 0 0 0 0 0
car 0.0 0 0 94 76 110 88 0 0 0 0 0 0 0
car 0.0 0 0 101 64 118 75 0 0 0 0 0 0 0
car 0.0 0 0 99 43 116 51 0 0 0 0 0 0 0
car 0.0 0 0 121 70 142 79 0 0 0 0 0 0 0
car 0.0 0 0 126 47 144 56 0 0 0 0 0 0 0
car 0.0 0 0 128 62 144 70 0 0 0 0 0 0 0
car 0.0 0 0 149 53 165 61 0 0 0 0 0 0 0
car 0.0 0 0 165 94 180 103 0 0 0 0 0 0 0
car 0.0 0 0 168 71 182 79 0 0 0 0 0 0 0
car 0.0 0 0 173 57 189 67 0 0 0 0 0 0 0
car 0.0 0 0 196 100 211 111 0 0 0 0 0 0 0
car 0.0 0 0 207 81 226 92 0 0 0 0 0 0 0
car 0.0 0 0 212 67 226 77 0 0 0 0 0 0 0
car 0.0 0 0 333 47 351 59 0 0 0 0 0 0 0
car 0.0 0 0 223 115 241 124 0 0 0 0 0 0 0
car 0.0 0 0 252 94 269 102 0 0 0 0 0 0 0
car 0.0 0 0 266 81 284 91 0 0 0 0 0 0 0
car 0.0 0 0 265 120 280 129 0 0 0 0 0 0 0
car 0.0 0 0 323 136 338 146 0 0 0 0 0 0 0
car 0.0 0 0 0 107 9 123 0 0 0 0 0 0 0
car 0.0 0 0 7 112 16 129 0 0 0 0 0 0 0
car 0.0 0 0 16 111 26 129 0 0 0 0 0 0 0
car 0.0 0 0 27 115 35 130 0 0 0 0 0 0 0
car 0.0 0 0 35 118 44 133 0 0 0 0 0 0 0
car 0.0 0 0 40 120 50 137 0 0 0 0 0 0 0
car 0.0 0 0 56 124 65 139 0 0 0 0 0 0 0
car 0.0 0 0 61 127 72 142 0 0 0 0 0 0 0
car 0.0 0 0 69 124 82 144 0 0 0 0 0 0 0
car 0.0 0 0 35 145 49 156 0 0 0 0 0 0 0
car 0.0 0 0 112 138 128 174 0 0 0 0 0 0 0
car 0.0 0 0 125 145 141 179 0 0 0 0 0 0 0
car 0.0 0 0 136 155 150 184 0 0 0 0 0 0 0
car 0.0 0 0 148 151 161 184 0 0 0 0 0 0 0
car 0.0 0 0 162 158 179 190 0 0 0 0 0 0 0
car 0.0 0 0 186 160 205 193 0 0 0 0 0 0 0
car 0.0 0 0 202 168 216 193 0 0 0 0 0 0 0
car 0.0 0 0 211 169 229 199 0 0 0 0 0 0 0
car 0.0 0 0 225 172 241 203 0 0 0 0 0 0 0
car 0.0 0 0 238 177 254 207 0 0 0 0 0 0 0
car 0.0 0 0 248 182 265 207 0 0 0 0 0 0 0
car 0.0 0 0 263 180 280 213 0 0 0 0 0 0 0
car 0.0 0 0 275 181 291 214 0 0 0 0 0 0 0
car 0.0 0 0 99 190 113 198 0 0 0 0 0 0 0
car 0.0 0 0 186 200 212 214 0 0 0 0 0 0 0
car 0.0 0 0 236 211 269 229 0 0 0 0 0 0 0
car 0.0 0 0 159 229 177 239 0 0 0 0 0 0 0
car 0.0 0 0 213 239 230 250 0 0 0 0 0 0 0
car 0.0 0 0 242 244 257 261 0 0 0 0 0 0 0
car 0.0 0 0 243 308 254 327 0 0 0 0 0 0 0
car 0.0 0 0 82 234 104 269 0 0 0 0 0 0 0
car 0.0 0 0 100 238 118 269 0 0 0 0 0 0 0
car 0.0 0 0 115 242 129 269 0 0 0 0 0 0 0
car 0.0 0 0 121 246 139 279 0 0 0 0 0 0 0
car 0.0 0 0 151 239 170 248 0 0 0 0 0 0 0
car 0.0 0 0 137 250 154 282 0 0 0 0 0 0 0
car 0.0 0 0 149 250 167 282 0 0 0 0 0 0 0
car 0.0 0 0 160 252 181 289 0 0 0 0 0 0 0
car 0.0 0 0 178 256 192 280 0 0 0 0 0 0 0
car 0.0 0 0 189 257 205 288 0 0 0 0 0 0 0
car 0.0 0 0 199 263 218 295 0 0 0 0 0 0 0
car 0.0 0 0 76 276 91 309 0 0 0 0 0 0 0
car 0.0 0 0 89 281 104 308 0 0 0 0 0 0 0
car 0.0 0 0 102 280 118 315 0 0 0 0 0 0 0
car 0.0 0 0 110 282 129 318 0 0 0 0 0 0 0
car 0.0 0 0 136 290 154 323 0 0 0 0 0 0 0
car 0.0 0 0 148 295 169 330 0 0 0 0 0 0 0
car 0.0 0 0 162 290 180 325 0 0 0 0 0 0 0
car 0.0 0 0 177 294 193 330 0 0 0 0 0 0 0
car 0.0 0 0 190 295 207 333 0 0 0 0 0 0 0
car 0.0 0 0 39 301 66 314 0 0 0 0 0 0 0
car 0.0 0 0 36 313 70 328 0 0 0 0 0 0 0
car 0.4375 0 0 21 343 55 352 0 0 0 0 0 0 0
car 0.0 0 0 20 154 34 162 0 0 0 0 0 0 0
car 0.105263157895 0 0 0 161 17 170 0 0 0 0 0 0 0
car 0.0 0 0 25 168 43 177 0 0 0 0 0 0 0
car 0.555555555556 0 0 0 207 4 223 0 0 0 0 0 0 0
car 0.0 0 0 4 207 13 226 0 0 0 0 0 0 0
car 0.0 0 0 14 210 24 227 0 0 0 0 0 0 0
car 0.0 0 0 25 214 33 230 0 0 0 0 0 0 0
car 0.0 0 0 33 216 42 232 0 0 0 0 0 0 0
car 0.0 0 0 44 220 54 235 0 0 0 0 0 0 0
car 0.8 0 0 0 235 3 250 0 0 0 0 0 0 0
car 0.133333333333 0 0 0 238 13 252 0 0 0 0 0 0 0
car 0.0 0 0 9 240 26 254 0 0 0 0 0 0 0
car 0.0 0 0 0 254 10 271 0 0 0 0 0 0 0
car 0.0 0 0 9 256 19 273 0 0 0 0 0 0 0
car 0.0 0 0 19 257 29 274 0 0 0 0 0 0 0
car 0.40625 0 0 0 303 19 317 0 0 0 0 0 0 0
car 0.0 0 0 1 286 22 294 0 0 0 0 0 0 0
