car 0.0 0 0 159 19 196 38 0 0 0 0 0 0 0
car 0.0 0 0 109 52 121 70 0 0 0 0 0 0 0
car 0.0 0 0 87 118 104 153 0 0 0 0 0 0 0
car 0.0 0 0 98 154 109 171 0 0 0 0 0 0 0
car 0.0 0 0 63 157 89 187 0 0 0 0 0 0 0
car 0.0 0 0 73 198 86 217 0 0 0 0 0 0 0
car 0.0 0 0 55 244 68 263 0 0 0 0 0 0 0
car 0.0 0 0 9 257 23 272 0 0 0 0 0 0 0
car 0.0 0 0 21 285 50 318 0 0 0 0 0 0 0
car 0.0 0 0 75 299 89 307 0 0 0 0 0 0 0
car 0.0 0 0 59 304 74 312 0 0 0 0 0 0 0
car 0.0 0 0 75 305 91 316 0 0 0 0 0 0 0
car 0.0 0 0 56 312 73 322 0 0 0 0 0 0 0
car 0.0 0 0 72 316 89 324 0 0 0 0 0 0 0
car 0.0 0 0 72 323 88 333 0 0 0 0 0 0 0
car 0.0 0 0 49 323 66 331 0 0 0 0 0 0 0
car 0.0 0 0 52 332 67 339 0 0 0 0 0 0 0
car 0.0 0 0 71 331 89 340 0 0 0 0 0 0 0
car 0.0 0 0 72 340 86 347 0 0 0 0 0 0 0
car 0.363636363636 0 0 68 345 87 352 0 0 0 0 0 0 0
car 0.125 0 0 45 345 62 352 0 0 0 0 0 0 0
car 0.0 0 0 274 3 288 13 0 0 0 0 0 0 0
car 0.0 0 0 273 15 290 27 0 0 0 0 0 0 0
car 0.0 0 0 269 39 285 48 0 0 0 0 0 0 0
car 0.0 0 0 296 46 311 55 0 0 0 0 0 0 0
car 0.0 0 0 296 21 309 30 0 0 0 0 0 0 0
car 0.0 0 0 310 11 324 20 0 0 0 0 0 0 0
car 0.0 0 0 306 36 320 43 0 0 0 0 0 0 0
car 0.0 0 0 320 28 335 37 0 0 0 0 0 0 0
car 0.404761904762 0 0 327 16 352 35 0 0 0 0 0 0 0
car 0.2 0 0 340 35 352 43 0 0 0 0 0 0 0
car 0.0344827586207 0 0 324 39 352 55 0 0 0 0 0 0 0
car 0.0 0 0 334 56 349 65 0 0 0 0 0 0 0
car 0.0 0 0 195 122 210 131 0 0 0 0 0 0 0
car 0.0 0 0 226 84 235 104 0 0 0 0 0 0 0
car 0.0 0 0 234 86 245 103 0 0 0 0 0 0 0
car 0.0 0 0 242 90 252 105 0 0 0 0 0 0 0
car 0.0 0 0 252 90 262 108 0 0 0 0 0 0 0
car 0.0 0 0 263 96 271 110 0 0 0 0 0 0 0
car 0.0 0 0 270 96 279 113 0 0 0 0 0 0 0
car 0.0 0 0 278 97 287 113 0 0 0 0 0 0 0
car 0.0 0 0 293 105 302 119 0 0 0 0 0 0 0
car 0.0 0 0 302 103 310 117 0 0 0 0 0 0 0
car 0.0 0 0 308 104 317 121 0 0 0 0 0 0 0
car 0.0 0 0 316 111 323 123 0 0 0 0 0 0 0
car 0.0 0 0 324 107 333 123 0 0 0 0 0 0 0
car 0.0 0 0 331 112 340 129 0 0 0 0 0 0 0
car 0.0 0 0 340 111 350 129 0 0 0 0 0 0 0
car 0.875 0 0 351 115 352 130 0 0 0 0 0 0 0
car 0.0 0 0 230 124 247 133 0 0 0 0 0 0 0
car 0.0 0 0 258 128 276 138 0 0 0 0 0 0 0
car 0.0 0 0 298 128 311 135 0 0 0 0 0 0 0
car 0.884191176471 0 0 345 343 352 352 0 0 0 0 0 0 0
car 0.428571428571 0 0 344 154 352 162 0 0 0 0 0 0 0
car 0.0 0 0 294 155 312 164 0 0 0 0 0 0 0
car 0.0 0 0 322 161 341 170 0 0 0 0 0 0 0
car 0.833333333333 0 0 349 168 352 177 0 0 0 0 0 0 0
car 0.0 0 0 254 158 275 169 0 0 0 0 0 0 0
car 0.0 0 0 300 172 320 181 0 0 0 0 0 0 0
car 0.0 0 0 208 169 224 183 0 0 0 0 0 0 0
car 0.0 0 0 206 195 226 214 0 0 0 0 0 0 0
car 0.0 0 0 261 191 270 210 0 0 0 0 0 0 0
car 0.0 0 0 269 192 281 211 0 0 0 0 0 0 0
car 0.0 0 0 281 205 292 222 0 0 0 0 0 0 0
car 0.0 0 0 300 199 309 218 0 0 0 0 0 0 0
car 0.0 0 0 310 204 318 221 0 0 0 0 0 0 0
car 0.0 0 0 319 207 328 223 0 0 0 0 0 0 0
car 0.0 0 0 328 207 337 226 0 0 0 0 0 0 0
car 0.0 0 0 338 210 348 227 0 0 0 0 0 0 0
car 0.625 0 0 349 214 352 230 0 0 0 0 0 0 0
car 0.0 0 0 249 287 268 295 0 0 0 0 0 0 0
car 0.0 0 0 264 223 280 238 0 0 0 0 0 0 0
car 0.0 0 0 263 242 272 254 0 0 0 0 0 0 0
car 0.0 0 0 275 242 285 260 0 0 0 0 0 0 0
car 0.0 0 0 286 229 300 241 0 0 0 0 0 0 0
car 0.0 0 0 286 244 295 259 0 0 0 0 0 0 0
car 0.0 0 0 295 230 311 244 0 0 0 0 0 0 0
car 0.0 0 0 296 247 304 263 0 0 0 0 0 0 0
car 0.0 0 0 312 235 327 250 0 0 0 0 0 0 0
car 0.0 0 0 322 238 337 252 0 0 0 0 0 0 0
car 0.0 0 0 333 240 350 254 0 0 0 0 0 0 0
car 0.0 0 0 306 251 315 266 0 0 0 0 0 0 0
car 0.0 0 0 314 252 323 269 0 0 0 0 0 0 0
car 0.0 0 0 324 254 334 271 0 0 0 0 0 0 0
car 0.0 0 0 333 256 343 273 0 0 0 0 0 0 0
car 0.1 0 0 343 257 352 274 0 0 0 0 0 0 0
car 0.0 0 0 251 267 269 277 0 0 0 0 0 0 0
car 0.0 0 0 249 274 280 288 0 0 0 0 0 0 0
car 0.0 0 0 273 292 303 305 0 0 0 0 0 0 0
car 0.0 0 0 280 273 298 282 0 0 0 0 0 0 0
car 0.0 0 0 304 290 319 299 0 0 0 0 0 0 0
car 0.0 0 0 311 303 343 317 0 0 0 0 0 0 0
car 0.0 0 0 301 278 318 288 0 0 0 0 0 0 0
car 0.0 0 0 325 286 346 294 0 0 0 0 0 0 0
car 0.0 0 0 219 309 253 324 0 0 0 0 0 0 0
car 0.15625 0 0 212 325 227 352 0 0 0 0 0 0 0
car 0.242424242424 0 0 225 327 240 352 0 0 0 0 0 0 0
car 0.4 0 0 239 340 251 352 0 0 0 0 0 0 0
car 0.6 0 0 255 346 265 352 0 0 0 0 0 0 0
car 0.0 0 0 279 326 309 340 0 0 0 0 0 0 0
car 0.625 0 0 275 340 292 352 0 0 0 0 0 0 0
car 0.806451612903 0 0 289 346 303 352 0 0 0 0 0 0 0
car 0.787878787879 0 0 302 345 318 352 0 0 0 0 0 0 0
