car 0.0 0 0 321 134 338 148 0 0 0 0 0 0 0
car 0.0 0 0 334 13 351 22 0 0 0 0 0 0 0
car 0.0 0 0 313 8 331 17 0 0 0 0 0 0 0
car 0.0 0 0 298 4 313 13 0 0 0 0 0 0 0
car 0.11111111111111116 0 0 279 0 297 8 0 0 0 0 0 0 0
car 0.6666666666666667 0 0 258 0 276 3 0 0 0 0 0 0 0
car 0.7777777777777778 0 0 37 0 53 2 0 0 0 0 0 0 0
car 0.0 0 0 33 1 50 10 0 0 0 0 0 0 0
car 0.0 0 0 31 11 49 20 0 0 0 0 0 0 0
car 0.0 0 0 28 18 48 28 0 0 0 0 0 0 0
car 0.3571428571428571 0 0 311 343 321 352 0 0 0 0 0 0 0
car 0.0 0 0 318 315 328 332 0 0 0 0 0 0 0
car 0.0 0 0 333 256 344 273 0 0 0 0 0 0 0
car 0.0 0 0 335 236 347 254 0 0 0 0 0 0 0
car 0.0 0 0 41 59 51 76 0 0 0 0 0 0 0
car 0.0 0 0 44 82 56 100 0 0 0 0 0 0 0
car 0.0 0 0 64 35 78 68 0 0 0 0 0 0 0
car 0.0 0 0 78 79 94 87 0 0 0 0 0 0 0
car 0.0 0 0 10 180 27 209 0 0 0 0 0 0 0
car 0.0 0 0 3 133 23 175 0 0 0 0 0 0 0
car 0.0 0 0 19 141 36 175 0 0 0 0 0 0 0
car 0.631578947368421 0 0 0 244 7 285 0 0 0 0 0 0 0
