car 0.0 0 0 235 13 244 29 0 0 0 0 0 0 0
car 0.0 0 0 228 32 238 48 0 0 0 0 0 0 0
car 0.0 0 0 224 55 231 65 0 0 0 0 0 0 0
car 0.0 0 0 220 67 229 84 0 0 0 0 0 0 0
car 0.0 0 0 214 90 222 106 0 0 0 0 0 0 0
car 0.0 0 0 258 5 268 22 0 0 0 0 0 0 0
car 0.0 0 0 253 25 263 39 0 0 0 0 0 0 0
car 0.0 0 0 250 41 258 54 0 0 0 0 0 0 0
car 0.0 0 0 242 59 252 76 0 0 0 0 0 0 0
car 0.0 0 0 203 131 212 144 0 0 0 0 0 0 0
car 0.0 0 0 230 111 240 125 0 0 0 0 0 0 0
car 0.0 0 0 196 150 207 165 0 0 0 0 0 0 0
car 0.0 0 0 224 128 235 142 0 0 0 0 0 0 0
car 0.0 0 0 190 178 200 193 0 0 0 0 0 0 0
car 0.0 0 0 218 153 230 170 0 0 0 0 0 0 0
car 0.0 0 0 233 133 249 163 0 0 0 0 0 0 0
car 0.0 0 0 215 176 226 188 0 0 0 0 0 0 0
car 0.0 0 0 186 197 196 210 0 0 0 0 0 0 0
car 0.0 0 0 208 193 219 208 0 0 0 0 0 0 0
car 0.0 0 0 180 216 191 229 0 0 0 0 0 0 0
car 0.0 0 0 176 236 186 249 0 0 0 0 0 0 0
car 0.0 0 0 170 254 182 268 0 0 0 0 0 0 0
car 0.0 0 0 199 223 211 238 0 0 0 0 0 0 0
car 0.0 0 0 192 246 207 271 0 0 0 0 0 0 0
car 0.0 0 0 171 300 184 311 0 0 0 0 0 0 0
car 0.0 0 0 171 309 185 322 0 0 0 0 0 0 0
car 0.0 0 0 166 317 181 330 0 0 0 0 0 0 0
car 0.0 0 0 164 324 175 335 0 0 0 0 0 0 0
car 0.0 0 0 162 335 178 349 0 0 0 0 0 0 0
car 0.33333333333333337 0 0 159 344 172 352 0 0 0 0 0 0 0
car 0.6149732620320856 0 0 344 343 352 352 0 0 0 0 0 0 0
