car 0.0 0 0 27 0 36 13 0 0 0 0 0 0 0
car 0.0 0 0 20 19 31 34 0 0 0 0 0 0 0
car 0.2142857142857143 0 0 48 0 59 11 0 0 0 0 0 0 0
car 0.0 0 0 14 47 24 62 0 0 0 0 0 0 0
car 0.0 0 0 42 22 54 39 0 0 0 0 0 0 0
car 0.0 0 0 57 2 73 32 0 0 0 0 0 0 0
car 0.0 0 0 39 45 50 57 0 0 0 0 0 0 0
car 0.0 0 0 10 66 20 79 0 0 0 0 0 0 0
car 0.0 0 0 32 62 43 77 0 0 0 0 0 0 0
car 0.0 0 0 4 85 15 98 0 0 0 0 0 0 0
car 0.0 0 0 0 105 10 118 0 0 0 0 0 0 0
car 0.0 0 0 23 92 35 107 0 0 0 0 0 0 0
car 0.0 0 0 16 115 31 140 0 0 0 0 0 0 0
car 0.0 0 0 56 314 65 328 0 0 0 0 0 0 0
car 0.0 0 0 100 244 118 254 0 0 0 0 0 0 0
car 0.0 0 0 104 236 121 246 0 0 0 0 0 0 0
car 0.0 0 0 173 282 192 292 0 0 0 0 0 0 0
car 0.0 0 0 175 298 190 307 0 0 0 0 0 0 0
car 0.0 0 0 145 232 168 242 0 0 0 0 0 0 0
car 0.0 0 0 168 212 185 223 0 0 0 0 0 0 0
car 0.6 0 0 348 273 352 287 0 0 0 0 0 0 0
car 0.0 0 0 201 216 226 229 0 0 0 0 0 0 0
