car 0.0 0 0 255 10 270 19 0 0 0 0 0 0 0
car 0.0 0 0 96 49 111 58 0 0 0 0 0 0 0
car 0.08333333333333337 0 0 136 0 154 11 0 0 0 0 0 0 0
car 0.11111111111111116 0 0 336 113 352 122 0 0 0 0 0 0 0
car 0.0 0 0 1 154 9 168 0 0 0 0 0 0 0
car 0.0 0 0 12 122 21 137 0 0 0 0 0 0 0
car 0.0 0 0 14 136 29 146 0 0 0 0 0 0 0
car 0.0 0 0 29 126 37 138 0 0 0 0 0 0 0
car 0.0 0 0 36 129 45 142 0 0 0 0 0 0 0
car 0.0 0 0 44 129 54 143 0 0 0 0 0 0 0
car 0.0 0 0 129 208 147 219 0 0 0 0 0 0 0
car 0.0 0 0 150 191 161 204 0 0 0 0 0 0 0
car 0.0 0 0 169 196 178 208 0 0 0 0 0 0 0
car 0.0 0 0 184 199 192 213 0 0 0 0 0 0 0
car 0.0 0 0 199 200 209 217 0 0 0 0 0 0 0
car 0.0 0 0 212 208 222 223 0 0 0 0 0 0 0
car 0.0 0 0 222 208 231 222 0 0 0 0 0 0 0
car 0.0 0 0 228 208 237 224 0 0 0 0 0 0 0
car 0.0 0 0 167 160 175 177 0 0 0 0 0 0 0
car 0.0 0 0 175 164 183 178 0 0 0 0 0 0 0
car 0.0 0 0 181 164 189 179 0 0 0 0 0 0 0
car 0.0 0 0 190 165 198 180 0 0 0 0 0 0 0
car 0.0 0 0 198 170 206 182 0 0 0 0 0 0 0
car 0.0 0 0 206 171 214 185 0 0 0 0 0 0 0
car 0.0 0 0 212 171 220 186 0 0 0 0 0 0 0
car 0.0 0 0 221 174 228 188 0 0 0 0 0 0 0
car 0.0 0 0 228 175 235 191 0 0 0 0 0 0 0
car 0.0 0 0 234 176 244 193 0 0 0 0 0 0 0
car 0.0 0 0 250 179 259 197 0 0 0 0 0 0 0
car 0.0 0 0 265 187 272 199 0 0 0 0 0 0 0
car 0.0 0 0 272 185 282 203 0 0 0 0 0 0 0
car 0.0 0 0 279 188 288 203 0 0 0 0 0 0 0
