car 0.0 0 0 315 269 332 279 0 0 0 0 0 0 0
car 0.0 0 0 309 223 327 233 0 0 0 0 0 0 0
car 0.0 0 0 197 197 216 207 0 0 0 0 0 0 0
car 0.0 0 0 146 179 165 190 0 0 0 0 0 0 0
car 0.0 0 0 102 210 122 220 0 0 0 0 0 0 0
car 0.0 0 0 193 236 208 245 0 0 0 0 0 0 0
car 0.0 0 0 334 337 351 346 0 0 0 0 0 0 0
car 0.0 0 0 313 332 331 341 0 0 0 0 0 0 0
car 0.0 0 0 298 328 313 337 0 0 0 0 0 0 0
car 0.0 0 0 279 323 297 332 0 0 0 0 0 0 0
car 0.0 0 0 258 318 276 327 0 0 0 0 0 0 0
car 0.0 0 0 226 309 243 318 0 0 0 0 0 0 0
car 0.0 0 0 211 306 225 314 0 0 0 0 0 0 0
car 0.0 0 0 194 302 210 311 0 0 0 0 0 0 0
car 0.0 0 0 175 298 192 306 0 0 0 0 0 0 0
car 0.0 0 0 158 292 172 300 0 0 0 0 0 0 0
car 0.0 0 0 141 288 157 297 0 0 0 0 0 0 0
car 0.0 0 0 45 285 61 294 0 0 0 0 0 0 0
car 0.0 0 0 43 294 57 302 0 0 0 0 0 0 0
car 0.0 0 0 40 301 58 310 0 0 0 0 0 0 0
car 0.0 0 0 39 309 56 318 0 0 0 0 0 0 0
car 0.0 0 0 37 317 53 326 0 0 0 0 0 0 0
car 0.0 0 0 33 325 50 334 0 0 0 0 0 0 0
car 0.0 0 0 31 335 49 344 0 0 0 0 0 0 0
car 0.0 0 0 28 342 48 352 0 0 0 0 0 0 0
