car 0.0 0 0 25 89 44 99 0 0 0 0 0 0 0
car 0.0 0 0 27 105 42 114 0 0 0 0 0 0 0
car 0.13043478260869568 0 0 0 39 20 49 0 0 0 0 0 0 0
car 0.0 0 0 20 19 37 30 0 0 0 0 0 0 0
car 0.0 0 0 200 80 210 94 0 0 0 0 0 0 0
car 0.0 0 0 227 184 242 193 0 0 0 0 0 0 0
car 0.0 0 0 210 84 218 96 0 0 0 0 0 0 0
car 0.0 0 0 219 206 228 225 0 0 0 0 0 0 0
car 0.0 0 0 232 211 242 225 0 0 0 0 0 0 0
car 0.0 0 0 260 175 269 195 0 0 0 0 0 0 0
car 0.0 0 0 242 212 252 226 0 0 0 0 0 0 0
car 0.0 0 0 250 215 258 228 0 0 0 0 0 0 0
car 0.0 0 0 268 179 276 193 0 0 0 0 0 0 0
car 0.0 0 0 258 216 267 230 0 0 0 0 0 0 0
car 0.0 0 0 278 185 287 197 0 0 0 0 0 0 0
car 0.0 0 0 285 185 295 200 0 0 0 0 0 0 0
car 0.0 0 0 267 216 278 234 0 0 0 0 0 0 0
car 0.0 0 0 276 220 285 234 0 0 0 0 0 0 0
car 0.0 0 0 295 187 303 201 0 0 0 0 0 0 0
car 0.0 0 0 320 131 328 146 0 0 0 0 0 0 0
car 0.0 0 0 326 133 335 149 0 0 0 0 0 0 0
car 0.0 0 0 295 225 302 237 0 0 0 0 0 0 0
car 0.0 0 0 300 226 310 241 0 0 0 0 0 0 0
car 0.0 0 0 310 229 319 244 0 0 0 0 0 0 0
car 0.0 0 0 328 191 339 208 0 0 0 0 0 0 0
car 0.0 0 0 339 120 351 132 0 0 0 0 0 0 0
car 0.0 0 0 53 23 78 36 0 0 0 0 0 0 0
