car 0.5384615384615384 0 0 166 0 181 6 0 0 0 0 0 0 0
car 0.0 0 0 164 0 175 11 0 0 0 0 0 0 0
car 0.0 0 0 162 11 178 25 0 0 0 0 0 0 0
car 0.0 0 0 159 20 172 32 0 0 0 0 0 0 0
car 0.0 0 0 156 32 170 44 0 0 0 0 0 0 0
car 0.0 0 0 154 40 167 51 0 0 0 0 0 0 0
car 0.0 0 0 149 49 162 59 0 0 0 0 0 0 0
car 0.0 0 0 148 60 161 71 0 0 0 0 0 0 0
car 0.0 0 0 144 69 157 80 0 0 0 0 0 0 0
car 0.0 0 0 144 81 159 92 0 0 0 0 0 0 0
car 0.0 0 0 138 88 153 101 0 0 0 0 0 0 0
car 0.0 0 0 136 100 150 112 0 0 0 0 0 0 0
car 0.0 0 0 132 110 146 121 0 0 0 0 0 0 0
car 0.0 0 0 132 120 146 135 0 0 0 0 0 0 0
car 0.0 0 0 124 147 137 159 0 0 0 0 0 0 0
car 0.0 0 0 122 155 136 169 0 0 0 0 0 0 0
car 0.0 0 0 120 164 134 176 0 0 0 0 0 0 0
car 0.0 0 0 116 172 128 183 0 0 0 0 0 0 0
car 0.0 0 0 113 181 126 192 0 0 0 0 0 0 0
car 0.0 0 0 114 193 128 206 0 0 0 0 0 0 0
car 0.0 0 0 110 201 125 215 0 0 0 0 0 0 0
car 0.0 0 0 110 211 122 225 0 0 0 0 0 0 0
car 0.0 0 0 107 220 119 232 0 0 0 0 0 0 0
car 0.0 0 0 103 230 116 241 0 0 0 0 0 0 0
car 0.0 0 0 97 234 109 246 0 0 0 0 0 0 0
car 0.0 0 0 93 245 109 259 0 0 0 0 0 0 0
car 0.0 0 0 91 259 103 268 0 0 0 0 0 0 0
car 0.0 0 0 111 275 126 288 0 0 0 0 0 0 0
car 0.0 0 0 180 277 193 314 0 0 0 0 0 0 0
car 0.0 0 0 207 199 221 236 0 0 0 0 0 0 0
car 0.0 0 0 227 148 237 163 0 0 0 0 0 0 0
car 0.0 0 0 232 121 241 135 0 0 0 0 0 0 0
car 0.0 0 0 280 168 294 180 0 0 0 0 0 0 0
car 0.0 0 0 103 319 119 328 0 0 0 0 0 0 0
car 0.0 0 0 36 303 52 311 0 0 0 0 0 0 0
car 0.0 0 0 117 312 134 322 0 0 0 0 0 0 0
car 0.0 0 0 86 328 102 337 0 0 0 0 0 0 0
car 0.0 0 0 164 342 185 352 0 0 0 0 0 0 0
car 0.0 0 0 222 325 244 338 0 0 0 0 0 0 0
car 0.0 0 0 276 51 294 61 0 0 0 0 0 0 0
car 0.0 0 0 280 43 297 53 0 0 0 0 0 0 0
car 0.8421052631578947 0 0 349 89 352 99 0 0 0 0 0 0 0
car 0.9333333333333333 0 0 351 105 352 114 0 0 0 0 0 0 0
car 0.0 0 0 321 39 344 49 0 0 0 0 0 0 0
car 0.5294117647058824 0 0 344 19 352 30 0 0 0 0 0 0 0
