car 0.0 0 0 8 124 30 134 0 0 0 0 0 0 0
car 0.0 0 0 266 317 299 331 0 0 0 0 0 0 0
car 0.0 0 0 282 253 299 289 0 0 0 0 0 0 0
car 0.0 0 0 292 256 310 293 0 0 0 0 0 0 0
car 0.0 0 0 305 269 321 301 0 0 0 0 0 0 0
car 0.0 0 0 35 51 70 70 0 0 0 0 0 0 0
car 0.0 0 0 164 84 185 94 0 0 0 0 0 0 0
car 0.0 0 0 278 122 312 137 0 0 0 0 0 0 0
car 0.0 0 0 246 105 262 115 0 0 0 0 0 0 0
car 0.0 0 0 265 112 286 121 0 0 0 0 0 0 0
car 0.0 0 0 311 19 321 33 0 0 0 0 0 0 0
car 0.5294117647058824 0 0 318 0 328 8 0 0 0 0 0 0 0
