car 0.0 0 0 267 140 276 158 0 0 0 0 0 0 0
car 0.0 0 0 257 160 269 183 0 0 0 0 0 0 0
car 0.0 0 0 227 214 238 233 0 0 0 0 0 0 0
car 0.0 0 0 102 176 112 193 0 0 0 0 0 0 0
car 0.0 0 0 217 249 228 266 0 0 0 0 0 0 0
car 0.0 0 0 334 180 351 209 0 0 0 0 0 0 0
car 0.0 0 0 327 133 347 175 0 0 0 0 0 0 0
car 0.47058823529411764 0 0 343 141 352 175 0 0 0 0 0 0 0
car 0.0 0 0 312 244 331 285 0 0 0 0 0 0 0
car 0.0 0 0 297 257 316 290 0 0 0 0 0 0 0
car 0.0 0 0 290 292 309 325 0 0 0 0 0 0 0
car 0.0 0 0 305 293 321 326 0 0 0 0 0 0 0
