car 0.0 0 0 111 105 126 112 0 0 0 0 0 0 0
car 0.0 0 0 73 114 88 126 0 0 0 0 0 0 0
car 0.0 0 0 113 115 128 127 0 0 0 0 0 0 0
car 0.0 0 0 111 125 126 140 0 0 0 0 0 0 0
car 0.0 0 0 88 147 95 160 0 0 0 0 0 0 0
car 0.0 0 0 107 135 121 148 0 0 0 0 0 0 0
car 0.0 0 0 0 196 14 207 0 0 0 0 0 0 0
car 0.0 0 0 109 182 123 196 0 0 0 0 0 0 0
car 0.0 0 0 109 204 122 219 0 0 0 0 0 0 0
car 0.0 0 0 75 210 92 222 0 0 0 0 0 0 0
car 0.0 0 0 67 232 79 248 0 0 0 0 0 0 0
car 0.0 0 0 76 234 88 250 0 0 0 0 0 0 0
car 0.0 0 0 79 286 92 299 0 0 0 0 0 0 0
car 0.0 0 0 102 322 113 334 0 0 0 0 0 0 0
car 0.0 0 0 75 332 92 345 0 0 0 0 0 0 0
car 0.0 0 0 101 273 115 289 0 0 0 0 0 0 0
car 0.0 0 0 75 165 91 180 0 0 0 0 0 0 0
car 0.0 0 0 75 177 89 188 0 0 0 0 0 0 0
car 0.0 0 0 74 187 88 198 0 0 0 0 0 0 0
car 0.0 0 0 38 169 53 182 0 0 0 0 0 0 0
car 0.0 0 0 38 187 52 200 0 0 0 0 0 0 0
