car 0.09090909090909094 0 0 332 124 352 134 0 0 0 0 0 0 0
car 0.0 0 0 244 311 268 325 0 0 0 0 0 0 0
car 0.0 0 0 247 291 274 304 0 0 0 0 0 0 0
car 0.0 0 0 256 259 282 274 0 0 0 0 0 0 0
car 0.0 0 0 258 249 285 263 0 0 0 0 0 0 0
car 0.0 0 0 261 238 287 252 0 0 0 0 0 0 0
car 0.0 0 0 264 226 291 242 0 0 0 0 0 0 0
car 0.0 0 0 280 213 294 221 0 0 0 0 0 0 0
car 0.0 0 0 284 201 299 210 0 0 0 0 0 0 0
car 0.0 0 0 285 191 298 199 0 0 0 0 0 0 0
car 0.0 0 0 207 51 218 66 0 0 0 0 0 0 0
car 0.0 0 0 217 54 225 66 0 0 0 0 0 0 0
car 0.0 0 0 222 53 233 71 0 0 0 0 0 0 0
car 0.0 0 0 233 56 242 72 0 0 0 0 0 0 0
car 0.0 0 0 249 61 259 75 0 0 0 0 0 0 0
car 0.9696969696969697 0 0 290 0 309 1 0 0 0 0 0 0 0
car 0.9393939393939394 0 0 305 0 321 2 0 0 0 0 0 0 0
car 0.0 0 0 38 168 47 183 0 0 0 0 0 0 0
car 0.0 0 0 26 213 35 227 0 0 0 0 0 0 0
car 0.5 0 0 0 325 6 342 0 0 0 0 0 0 0
