car 0.5 0 0 170 0 189 8 0 0 0 0 0 0 0
car 0.894736842105 0 0 159 0 178 2 0 0 0 0 0 0 0
car 0.769230769231 0 0 92 0 104 3 0 0 0 0 0 0 0
car 0.533333333333 0 0 84 0 97 7 0 0 0 0 0 0 0
car 0.357142857143 0 0 77 0 91 9 0 0 0 0 0 0 0
car 0.0 0 0 205 57 222 67 0 0 0 0 0 0 0
car 0.133333333333 0 0 73 0 85 13 0 0 0 0 0 0 0
car 0.0 0 0 65 0 77 15 0 0 0 0 0 0 0
car 0.0 0 0 59 5 70 18 0 0 0 0 0 0 0
car 0.0 0 0 48 7 63 20 0 0 0 0 0 0 0
car 0.0 0 0 43 12 57 25 0 0 0 0 0 0 0
car 0.0 0 0 37 14 48 27 0 0 0 0 0 0 0
car 0.0 0 0 28 16 40 31 0 0 0 0 0 0 0
car 0.0 0 0 22 20 34 33 0 0 0 0 0 0 0
car 0.0 0 0 14 22 26 36 0 0 0 0 0 0 0
car 0.0 0 0 8 26 20 40 0 0 0 0 0 0 0
car 0.5 0 0 0 31 7 45 0 0 0 0 0 0 0
car 0.0 0 0 1 28 14 41 0 0 0 0 0 0 0
car 0.866666666667 0 0 0 34 2 47 0 0 0 0 0 0 0
car 0.0 0 0 78 241 95 260 0 0 0 0 0 0 0
car 0.9375 0 0 50 0 64 1 0 0 0 0 0 0 0
car 0.785714285714 0 0 43 0 54 3 0 0 0 0 0 0 0
car 0.533333333333 0 0 35 0 49 7 0 0 0 0 0 0 0
car 0.352941176471 0 0 30 0 43 11 0 0 0 0 0 0 0
car 0.0666666666667 0 0 22 0 37 14 0 0 0 0 0 0 0
car 0.0 0 0 14 1 28 18 0 0 0 0 0 0 0
car 0.0 0 0 8 4 22 21 0 0 0 0 0 0 0
car 0.0 0 0 2 8 14 24 0 0 0 0 0 0 0
car 0.5 0 0 0 11 5 25 0 0 0 0 0 0 0
car 0.0 0 0 35 132 45 147 0 0 0 0 0 0 0
car 0.0 0 0 42 129 55 143 0 0 0 0 0 0 0
car 0.0 0 0 20 173 32 186 0 0 0 0 0 0 0
car 0.0 0 0 40 163 50 176 0 0 0 0 0 0 0
car 0.0 0 0 48 158 58 171 0 0 0 0 0 0 0
car 0.0 0 0 64 153 74 168 0 0 0 0 0 0 0
car 0.0 0 0 76 149 86 162 0 0 0 0 0 0 0
car 0.0 0 0 82 145 92 158 0 0 0 0 0 0 0
car 0.0 0 0 88 142 98 154 0 0 0 0 0 0 0
car 0.0 0 0 195 147 206 159 0 0 0 0 0 0 0
car 0.0 0 0 189 149 199 161 0 0 0 0 0 0 0
car 0.0 0 0 183 151 192 165 0 0 0 0 0 0 0
car 0.0 0 0 177 154 185 168 0 0 0 0 0 0 0
car 0.0 0 0 169 157 178 171 0 0 0 0 0 0 0
car 0.0 0 0 163 159 172 174 0 0 0 0 0 0 0
car 0.0 0 0 155 163 165 176 0 0 0 0 0 0 0
car 0.0 0 0 149 166 160 180 0 0 0 0 0 0 0
car 0.0 0 0 143 168 151 181 0 0 0 0 0 0 0
car 0.0 0 0 138 170 143 182 0 0 0 0 0 0 0
car 0.0 0 0 130 174 137 185 0 0 0 0 0 0 0
car 0.0 0 0 120 161 130 175 0 0 0 0 0 0 0
car 0.0 0 0 113 163 123 178 0 0 0 0 0 0 0
car 0.0 0 0 106 168 115 181 0 0 0 0 0 0 0
car 0.0 0 0 100 171 110 184 0 0 0 0 0 0 0
car 0.0 0 0 120 177 131 189 0 0 0 0 0 0 0
car 0.0 0 0 114 181 124 193 0 0 0 0 0 0 0
car 0.0 0 0 107 184 116 195 0 0 0 0 0 0 0
car 0.0 0 0 100 185 109 200 0 0 0 0 0 0 0
car 0.0 0 0 92 188 102 202 0 0 0 0 0 0 0
car 0.0 0 0 85 193 95 204 0 0 0 0 0 0 0
car 0.0 0 0 77 195 88 209 0 0 0 0 0 0 0
car 0.0 0 0 71 200 80 211 0 0 0 0 0 0 0
car 0.0 0 0 64 203 73 215 0 0 0 0 0 0 0
car 0.0 0 0 58 205 69 217 0 0 0 0 0 0 0
car 0.0 0 0 52 207 62 221 0 0 0 0 0 0 0
car 0.0 0 0 44 212 55 225 0 0 0 0 0 0 0
car 0.0 0 0 37 214 47 228 0 0 0 0 0 0 0
car 0.0 0 0 30 218 40 232 0 0 0 0 0 0 0
car 0.0 0 0 47 273 59 292 0 0 0 0 0 0 0
car 0.0 0 0 55 270 68 286 0 0 0 0 0 0 0
car 0.0 0 0 101 243 113 258 0 0 0 0 0 0 0
car 0.0 0 0 109 240 121 256 0 0 0 0 0 0 0
car 0.0 0 0 115 237 127 251 0 0 0 0 0 0 0
car 0.0 0 0 123 236 135 251 0 0 0 0 0 0 0
car 0.0 0 0 130 232 143 247 0 0 0 0 0 0 0
car 0.0 0 0 137 229 147 241 0 0 0 0 0 0 0
car 0.0 0 0 142 226 154 240 0 0 0 0 0 0 0
car 0.0 0 0 148 223 160 238 0 0 0 0 0 0 0
car 0.0 0 0 151 223 162 238 0 0 0 0 0 0 0
car 0.0 0 0 168 211 181 229 0 0 0 0 0 0 0
car 0.0 0 0 161 215 173 233 0 0 0 0 0 0 0
car 0.0 0 0 155 218 168 234 0 0 0 0 0 0 0
car 0.0 0 0 163 240 171 249 0 0 0 0 0 0 0
car 0.0 0 0 183 204 196 221 0 0 0 0 0 0 0
car 0.0 0 0 191 200 203 218 0 0 0 0 0 0 0
car 0.0 0 0 199 198 210 213 0 0 0 0 0 0 0
car 0.0 0 0 206 195 216 211 0 0 0 0 0 0 0
car 0.0 0 0 213 193 224 210 0 0 0 0 0 0 0
car 0.0 0 0 219 191 232 205 0 0 0 0 0 0 0
car 0.0 0 0 225 186 237 202 0 0 0 0 0 0 0
car 0.0 0 0 78 179 90 193 0 0 0 0 0 0 0
car 0.0 0 0 144 119 155 131 0 0 0 0 0 0 0
car 0.0 0 0 151 114 164 129 0 0 0 0 0 0 0
car 0.0 0 0 171 106 179 117 0 0 0 0 0 0 0
