car 0.5 0 0 346 20 352 33 0 0 0 0 0 0 0
car 0.0 0 0 338 22 350 36 0 0 0 0 0 0 0
car 0.0 0 0 332 26 344 40 0 0 0 0 0 0 0
car 0.0 0 0 317 31 331 45 0 0 0 0 0 0 0
car 0.0 0 0 325 28 338 41 0 0 0 0 0 0 0
car 0.0 0 0 311 34 326 47 0 0 0 0 0 0 0
car 0.0 0 0 304 37 316 50 0 0 0 0 0 0 0
car 0.0 0 0 296 39 309 53 0 0 0 0 0 0 0
car 0.0 0 0 290 44 303 57 0 0 0 0 0 0 0
car 0.0 0 0 283 45 297 59 0 0 0 0 0 0 0
car 0.0 0 0 277 50 289 61 0 0 0 0 0 0 0
car 0.0 0 0 270 52 282 65 0 0 0 0 0 0 0
car 0.0 0 0 262 55 275 67 0 0 0 0 0 0 0
car 0.0 0 0 255 58 268 72 0 0 0 0 0 0 0
car 0.0 0 0 248 61 261 75 0 0 0 0 0 0 0
car 0.0 0 0 242 66 253 79 0 0 0 0 0 0 0
car 0.0 0 0 235 67 247 82 0 0 0 0 0 0 0
car 0.0 0 0 226 72 238 84 0 0 0 0 0 0 0
car 0.0 0 0 9 306 49 331 0 0 0 0 0 0 0
car 0.0 0 0 18 300 40 313 0 0 0 0 0 0 0
car 0.0 0 0 16 294 36 305 0 0 0 0 0 0 0
car 0.0 0 0 9 284 33 299 0 0 0 0 0 0 0
car 0.0 0 0 7 273 29 289 0 0 0 0 0 0 0
car 0.0 0 0 4 266 25 278 0 0 0 0 0 0 0
car 0.0 0 0 112 323 128 347 0 0 0 0 0 0 0
car 0.626666666667 0 0 346 0 352 14 0 0 0 0 0 0 0
car 0.0 0 0 338 1 352 18 0 0 0 0 0 0 0
car 0.0 0 0 332 4 346 21 0 0 0 0 0 0 0
car 0.0 0 0 326 8 338 24 0 0 0 0 0 0 0
car 0.0 0 0 319 11 329 25 0 0 0 0 0 0 0
car 0.0 0 0 311 17 323 29 0 0 0 0 0 0 0
car 0.0 0 0 303 19 315 32 0 0 0 0 0 0 0
car 0.0 0 0 298 23 309 38 0 0 0 0 0 0 0
car 0.0 0 0 289 26 301 38 0 0 0 0 0 0 0
car 0.0 0 0 284 29 296 43 0 0 0 0 0 0 0
car 0.0 0 0 250 4 261 17 0 0 0 0 0 0 0
car 0.0 0 0 234 13 247 25 0 0 0 0 0 0 0
car 0.0 0 0 219 17 232 30 0 0 0 0 0 0 0
car 0.0 0 0 207 77 221 94 0 0 0 0 0 0 0
car 0.0 0 0 199 81 213 97 0 0 0 0 0 0 0
car 0.0 0 0 192 83 206 100 0 0 0 0 0 0 0
car 0.0 0 0 184 88 199 106 0 0 0 0 0 0 0
car 0.0 0 0 177 90 190 108 0 0 0 0 0 0 0
car 0.0 0 0 168 93 182 112 0 0 0 0 0 0 0
car 0.0 0 0 156 103 169 118 0 0 0 0 0 0 0
car 0.0 0 0 147 105 162 121 0 0 0 0 0 0 0
car 0.0 0 0 141 109 154 123 0 0 0 0 0 0 0
car 0.0 0 0 134 112 148 126 0 0 0 0 0 0 0
car 0.0 0 0 128 115 143 131 0 0 0 0 0 0 0
car 0.0 0 0 120 116 134 135 0 0 0 0 0 0 0
car 0.0 0 0 113 120 127 138 0 0 0 0 0 0 0
car 0.0 0 0 107 122 122 143 0 0 0 0 0 0 0
car 0.0 0 0 99 125 113 142 0 0 0 0 0 0 0
car 0.0 0 0 92 126 105 145 0 0 0 0 0 0 0
car 0.0 0 0 84 128 98 148 0 0 0 0 0 0 0
car 0.0 0 0 79 134 93 152 0 0 0 0 0 0 0
car 0.0 0 0 71 135 84 154 0 0 0 0 0 0 0
car 0.0 0 0 64 138 77 156 0 0 0 0 0 0 0
car 0.0 0 0 31 175 44 185 0 0 0 0 0 0 0
car 0.0 0 0 35 182 47 193 0 0 0 0 0 0 0
car 0.0 0 0 38 188 53 199 0 0 0 0 0 0 0
car 0.0 0 0 43 192 58 203 0 0 0 0 0 0 0
car 0.0 0 0 46 200 59 209 0 0 0 0 0 0 0
car 0.0 0 0 51 204 62 215 0 0 0 0 0 0 0
car 0.0 0 0 55 212 66 220 0 0 0 0 0 0 0
car 0.0 0 0 56 217 70 228 0 0 0 0 0 0 0
car 0.0 0 0 65 230 80 240 0 0 0 0 0 0 0
car 0.0 0 0 69 237 82 246 0 0 0 0 0 0 0
car 0.0 0 0 80 256 96 267 0 0 0 0 0 0 0
car 0.0 0 0 84 264 97 273 0 0 0 0 0 0 0
car 0.0 0 0 3 214 18 224 0 0 0 0 0 0 0
car 0.0 0 0 9 218 21 230 0 0 0 0 0 0 0
car 0.0 0 0 12 225 25 236 0 0 0 0 0 0 0
car 0.0 0 0 15 232 26 242 0 0 0 0 0 0 0
car 0.0 0 0 18 239 30 247 0 0 0 0 0 0 0
car 0.0 0 0 22 243 33 251 0 0 0 0 0 0 0
car 0.0 0 0 24 249 36 258 0 0 0 0 0 0 0
car 0.0 0 0 27 254 40 263 0 0 0 0 0 0 0
car 0.0 0 0 29 259 42 270 0 0 0 0 0 0 0
car 0.0 0 0 33 265 47 276 0 0 0 0 0 0 0
car 0.0 0 0 37 271 50 279 0 0 0 0 0 0 0
car 0.0 0 0 40 276 54 286 0 0 0 0 0 0 0
car 0.0 0 0 46 281 60 291 0 0 0 0 0 0 0
car 0.0 0 0 49 287 60 296 0 0 0 0 0 0 0
car 0.0 0 0 50 292 65 303 0 0 0 0 0 0 0
car 0.0 0 0 1 311 12 319 0 0 0 0 0 0 0
car 0.0 0 0 31 319 43 328 0 0 0 0 0 0 0
car 0.0 0 0 34 327 46 335 0 0 0 0 0 0 0
car 0.0 0 0 39 333 50 340 0 0 0 0 0 0 0
car 0.0 0 0 40 337 53 346 0 0 0 0 0 0 0
car 0.333333333333 0 0 344 173 352 186 0 0 0 0 0 0 0
