car 0.0 0 0 327 8 341 15 0 0 0 0 0 0 0
car 0.0 0 0 309 8 325 16 0 0 0 0 0 0 0
car 0.0 0 0 245 6 260 13 0 0 0 0 0 0 0
car 0.0 0 0 206 6 221 14 0 0 0 0 0 0 0
car 0.0 0 0 160 6 178 15 0 0 0 0 0 0 0
car 0.0 0 0 144 7 159 15 0 0 0 0 0 0 0
car 0.0 0 0 119 7 136 16 0 0 0 0 0 0 0
car 0.0 0 0 59 10 75 20 0 0 0 0 0 0 0
car 0.0 0 0 39 13 56 20 0 0 0 0 0 0 0
car 0.0 0 0 271 7 290 15 0 0 0 0 0 0 0
car 0.0 0 0 79 10 94 19 0 0 0 0 0 0 0
car 0.0 0 0 227 7 242 15 0 0 0 0 0 0 0
car 0.0 0 0 185 7 201 14 0 0 0 0 0 0 0
car 0.0 0 0 99 11 112 17 0 0 0 0 0 0 0
car 0.0 0 0 22 15 35 22 0 0 0 0 0 0 0
car 0.333333333333 0 0 0 17 12 22 0 0 0 0 0 0 0
car 0.0 0 0 191 265 208 281 0 0 0 0 0 0 0
car 0.0 0 0 297 9 307 15 0 0 0 0 0 0 0
