car 0.0 0 0 47 194 53 211 0 0 0 0 0 0 0
car 0.0 0 0 47 212 54 227 0 0 0 0 0 0 0
car 0.0 0 0 47 231 55 245 0 0 0 0 0 0 0
car 0.0 0 0 60 186 68 202 0 0 0 0 0 0 0
car 0.0 0 0 67 185 74 202 0 0 0 0 0 0 0
car 0.0 0 0 78 187 84 201 0 0 0 0 0 0 0
car 0.0 0 0 94 177 111 188 0 0 0 0 0 0 0
car 0.0 0 0 96 171 113 179 0 0 0 0 0 0 0
car 0.0 0 0 53 128 68 137 0 0 0 0 0 0 0
car 0.0 0 0 59 153 71 162 0 0 0 0 0 0 0
car 0.0 0 0 56 162 70 171 0 0 0 0 0 0 0
car 0.0 0 0 98 148 112 154 0 0 0 0 0 0 0
car 0.0 0 0 96 163 114 170 0 0 0 0 0 0 0
car 0.0 0 0 150 102 157 118 0 0 0 0 0 0 0
car 0.0 0 0 128 128 145 138 0 0 0 0 0 0 0
car 0.0 0 0 128 136 141 143 0 0 0 0 0 0 0
car 0.0 0 0 209 183 230 193 0 0 0 0 0 0 0
car 0.0 0 0 171 244 190 252 0 0 0 0 0 0 0
car 0.0 0 0 172 253 190 260 0 0 0 0 0 0 0
car 0.0 0 0 172 259 191 269 0 0 0 0 0 0 0
car 0.0 0 0 171 269 191 276 0 0 0 0 0 0 0
car 0.0 0 0 171 278 190 287 0 0 0 0 0 0 0
car 0.0 0 0 171 288 190 295 0 0 0 0 0 0 0
car 0.0 0 0 170 301 189 310 0 0 0 0 0 0 0
car 0.0 0 0 171 313 190 320 0 0 0 0 0 0 0
car 0.0 0 0 173 325 190 332 0 0 0 0 0 0 0
car 0.0 0 0 171 342 185 348 0 0 0 0 0 0 0
car 0.0 0 0 222 192 240 199 0 0 0 0 0 0 0
car 0.0 0 0 222 201 240 206 0 0 0 0 0 0 0
car 0.0 0 0 222 228 240 235 0 0 0 0 0 0 0
car 0.0 0 0 222 267 242 276 0 0 0 0 0 0 0
car 0.0 0 0 220 279 239 286 0 0 0 0 0 0 0
car 0.0 0 0 217 303 241 314 0 0 0 0 0 0 0
car 0.0 0 0 215 314 242 324 0 0 0 0 0 0 0
car 0.0 0 0 215 328 242 336 0 0 0 0 0 0 0
car 0.0 0 0 215 339 240 348 0 0 0 0 0 0 0
car 0.0 0 0 309 301 320 336 0 0 0 0 0 0 0
car 0.0 0 0 321 305 331 338 0 0 0 0 0 0 0
car 0.0 0 0 130 108 141 114 0 0 0 0 0 0 0
car 0.0 0 0 123 98 142 104 0 0 0 0 0 0 0
car 0.0 0 0 105 97 124 104 0 0 0 0 0 0 0
car 0.0 0 0 79 122 87 133 0 0 0 0 0 0 0
car 0.0 0 0 58 146 75 154 0 0 0 0 0 0 0
car 0.0 0 0 57 139 76 146 0 0 0 0 0 0 0
car 0.0 0 0 99 131 112 137 0 0 0 0 0 0 0
car 0.0 0 0 96 138 113 145 0 0 0 0 0 0 0
car 0.0 0 0 96 155 113 161 0 0 0 0 0 0 0
car 0.0 0 0 86 188 93 202 0 0 0 0 0 0 0
car 0.0 0 0 171 219 191 229 0 0 0 0 0 0 0
car 0.0 0 0 223 257 236 264 0 0 0 0 0 0 0
car 0.0 0 0 187 195 198 202 0 0 0 0 0 0 0
car 0.0 0 0 4 210 18 266 0 0 0 0 0 0 0
car 0.0 0 0 36 83 46 93 0 0 0 0 0 0 0
car 0.0 0 0 38 48 48 56 0 0 0 0 0 0 0
car 0.0 0 0 39 40 48 47 0 0 0 0 0 0 0
car 0.0 0 0 39 32 49 39 0 0 0 0 0 0 0
car 0.0 0 0 40 25 50 31 0 0 0 0 0 0 0
car 0.0 0 0 41 16 49 23 0 0 0 0 0 0 0
car 0.0 0 0 40 9 49 15 0 0 0 0 0 0 0
car 0.0 0 0 41 0 50 8 0 0 0 0 0 0 0
car 0.0 0 0 28 316 35 323 0 0 0 0 0 0 0
