car 0.0 0 0 242 51 250 66 0 0 0 0 0 0 0
car 0.0 0 0 255 143 262 158 0 0 0 0 0 0 0
car 0.0 0 0 12 286 20 303 0 0 0 0 0 0 0
car 0.5 0 0 40 349 50 352 0 0 0 0 0 0 0
car 0.0 0 0 41 340 49 347 0 0 0 0 0 0 0
car 0.0 0 0 40 333 49 339 0 0 0 0 0 0 0
car 0.0 0 0 41 324 50 332 0 0 0 0 0 0 0
car 0.0 0 0 42 316 50 323 0 0 0 0 0 0 0
car 0.0 0 0 42 300 49 307 0 0 0 0 0 0 0
car 0.0 0 0 44 277 52 283 0 0 0 0 0 0 0
car 0.0 0 0 44 269 54 275 0 0 0 0 0 0 0
car 0.0 0 0 45 260 54 268 0 0 0 0 0 0 0
car 0.0 0 0 44 253 54 259 0 0 0 0 0 0 0
car 0.0 0 0 45 245 53 251 0 0 0 0 0 0 0
car 0.0 0 0 45 238 54 244 0 0 0 0 0 0 0
car 0.0 0 0 45 219 54 229 0 0 0 0 0 0 0
car 0.0 0 0 46 212 55 218 0 0 0 0 0 0 0
car 0.0 0 0 46 205 57 212 0 0 0 0 0 0 0
car 0.0 0 0 46 196 56 203 0 0 0 0 0 0 0
car 0.0 0 0 48 188 56 196 0 0 0 0 0 0 0
car 0.0 0 0 48 179 57 187 0 0 0 0 0 0 0
car 0.0 0 0 49 173 57 178 0 0 0 0 0 0 0
car 0.0 0 0 49 166 59 172 0 0 0 0 0 0 0
car 0.0 0 0 49 156 58 163 0 0 0 0 0 0 0
car 0.0 0 0 50 143 58 149 0 0 0 0 0 0 0
car 0.0 0 0 50 133 60 141 0 0 0 0 0 0 0
car 0.0 0 0 51 116 59 122 0 0 0 0 0 0 0
car 0.0 0 0 51 107 60 114 0 0 0 0 0 0 0
car 0.0 0 0 52 100 61 106 0 0 0 0 0 0 0
car 0.0 0 0 52 91 61 98 0 0 0 0 0 0 0
car 0.0 0 0 53 83 61 90 0 0 0 0 0 0 0
car 0.0 0 0 54 75 63 82 0 0 0 0 0 0 0
car 0.0 0 0 42 293 51 299 0 0 0 0 0 0 0
car 0.0 0 0 43 285 51 291 0 0 0 0 0 0 0
