car 0.0 0 0 271 111 279 125 0 0 0 0 0 0 0
car 0.0 0 0 196 40 207 67 0 0 0 0 0 0 0
car 0.0 0 0 173 123 185 155 0 0 0 0 0 0 0
car 0.0 0 0 200 125 208 143 0 0 0 0 0 0 0
car 0.0 0 0 262 165 269 180 0 0 0 0 0 0 0
car 0.0 0 0 261 279 269 297 0 0 0 0 0 0 0
car 0.0 0 0 336 286 344 303 0 0 0 0 0 0 0
car 0.0 0 0 180 332 187 349 0 0 0 0 0 0 0
car 0.705882352941 0 0 200 347 208 352 0 0 0 0 0 0 0
car 0.0 0 0 312 335 321 350 0 0 0 0 0 0 0
car 0.0 0 0 220 299 227 314 0 0 0 0 0 0 0
car 0.0 0 0 289 312 296 326 0 0 0 0 0 0 0
car 0.0 0 0 289 334 295 347 0 0 0 0 0 0 0
car 0.0 0 0 313 253 323 274 0 0 0 0 0 0 0
car 0.65 0 0 308 0 318 7 0 0 0 0 0 0 0
car 0.0 0 0 291 183 298 199 0 0 0 0 0 0 0
car 0.0 0 0 214 288 224 296 0 0 0 0 0 0 0
car 0.0 0 0 214 281 225 288 0 0 0 0 0 0 0
car 0.0 0 0 215 273 225 281 0 0 0 0 0 0 0
car 0.0 0 0 215 264 223 270 0 0 0 0 0 0 0
car 0.0 0 0 215 255 224 263 0 0 0 0 0 0 0
car 0.0 0 0 214 246 223 254 0 0 0 0 0 0 0
car 0.0 0 0 214 239 223 246 0 0 0 0 0 0 0
car 0.0 0 0 215 220 225 228 0 0 0 0 0 0 0
car 0.0 0 0 214 209 224 217 0 0 0 0 0 0 0
car 0.0 0 0 214 200 224 208 0 0 0 0 0 0 0
car 0.0 0 0 214 191 223 198 0 0 0 0 0 0 0
car 0.0 0 0 214 184 224 190 0 0 0 0 0 0 0
car 0.0 0 0 214 175 225 184 0 0 0 0 0 0 0
car 0.0 0 0 214 168 225 174 0 0 0 0 0 0 0
car 0.0 0 0 214 159 225 166 0 0 0 0 0 0 0
car 0.0 0 0 213 140 222 148 0 0 0 0 0 0 0
car 0.0 0 0 213 133 222 140 0 0 0 0 0 0 0
car 0.0 0 0 213 123 222 130 0 0 0 0 0 0 0
car 0.0 0 0 212 112 221 118 0 0 0 0 0 0 0
car 0.0 0 0 212 104 222 111 0 0 0 0 0 0 0
car 0.0 0 0 212 96 222 102 0 0 0 0 0 0 0
car 0.0 0 0 213 87 222 94 0 0 0 0 0 0 0
car 0.0 0 0 212 76 221 85 0 0 0 0 0 0 0
car 0.0 0 0 212 57 219 63 0 0 0 0 0 0 0
car 0.0 0 0 212 50 219 55 0 0 0 0 0 0 0
