car 0.0 0 0 12 291 31 300 0 0 0 0 0 0 0
car 0.0 0 0 126 239 144 246 0 0 0 0 0 0 0
car 0.0 0 0 89 238 111 247 0 0 0 0 0 0 0
car 0.0 0 0 231 235 249 247 0 0 0 0 0 0 0
car 0.0 0 0 260 235 278 243 0 0 0 0 0 0 0
car 0.0 0 0 235 254 247 262 0 0 0 0 0 0 0
car 0.0 0 0 271 245 290 254 0 0 0 0 0 0 0
car 0.0 0 0 274 258 290 264 0 0 0 0 0 0 0
car 0.0 0 0 224 281 240 291 0 0 0 0 0 0 0
car 0.0 0 0 315 233 331 243 0 0 0 0 0 0 0
car 0.0 0 0 288 180 296 197 0 0 0 0 0 0 0
car 0.0 0 0 291 202 297 219 0 0 0 0 0 0 0
car 0.0 0 0 46 188 59 199 0 0 0 0 0 0 0
car 0.0 0 0 17 205 24 220 0 0 0 0 0 0 0
