car 0.0 0 0 228 307 235 324 0 0 0 0 0 0 0
car 0.0 0 0 303 318 313 334 0 0 0 0 0 0 0
car 0.0 0 0 227 243 235 259 0 0 0 0 0 0 0
car 0.0 0 0 181 184 189 198 0 0 0 0 0 0 0
car 0.0 0 0 224 195 233 212 0 0 0 0 0 0 0
car 0.0 0 0 191 120 199 137 0 0 0 0 0 0 0
car 0.0 0 0 180 8 187 25 0 0 0 0 0 0 0
car 0.0 0 0 200 23 208 40 0 0 0 0 0 0 0
car 0.0 0 0 312 11 321 26 0 0 0 0 0 0 0
car 0.857142857143 0 0 289 0 296 2 0 0 0 0 0 0 0
car 0.0 0 0 289 10 295 23 0 0 0 0 0 0 0
car 0.0 0 0 310 229 321 251 0 0 0 0 0 0 0
car 0.0 0 0 328 210 342 266 0 0 0 0 0 0 0
car 0.0 0 0 264 139 273 154 0 0 0 0 0 0 0
car 0.0 0 0 273 57 282 76 0 0 0 0 0 0 0
car 0.0 0 0 181 265 189 284 0 0 0 0 0 0 0
