car 0.0 0 0 6 66 13 83 0 0 0 0 0 0 0
car 0.0 0 0 34 264 51 273 0 0 0 0 0 0 0
car 0.0526315789474 0 0 0 295 18 306 0 0 0 0 0 0 0
car 0.0 0 0 35 287 51 294 0 0 0 0 0 0 0
car 0.0 0 0 142 253 158 262 0 0 0 0 0 0 0
car 0.0 0 0 117 261 134 270 0 0 0 0 0 0 0
car 0.0 0 0 212 258 228 267 0 0 0 0 0 0 0
car 0.0 0 0 174 294 193 302 0 0 0 0 0 0 0
car 0.0 0 0 224 293 245 302 0 0 0 0 0 0 0
car 0.0 0 0 45 309 62 317 0 0 0 0 0 0 0
car 0.0 0 0 77 308 91 315 0 0 0 0 0 0 0
car 0.157894736842 0 0 336 291 352 300 0 0 0 0 0 0 0
car 0.0 0 0 300 57 312 63 0 0 0 0 0 0 0
car 0.0 0 0 341 205 348 220 0 0 0 0 0 0 0
