car 0.0 0 0 216 6 224 24 0 0 0 0 0 0 0
car 0.0 0 0 217 45 226 63 0 0 0 0 0 0 0
car 0.3 0 0 0 305 7 338 0 0 0 0 0 0 0
car 0.0 0 0 47 281 63 290 0 0 0 0 0 0 0
car 0.0 0 0 55 266 73 275 0 0 0 0 0 0 0
car 0.0 0 0 56 172 71 181 0 0 0 0 0 0 0
car 0.0 0 0 222 239 249 251 0 0 0 0 0 0 0
car 0.0 0 0 148 200 167 206 0 0 0 0 0 0 0
car 0.0 0 0 155 220 169 228 0 0 0 0 0 0 0
car 0.0 0 0 156 228 171 234 0 0 0 0 0 0 0
car 0.0 0 0 153 177 168 185 0 0 0 0 0 0 0
car 0.0 0 0 153 160 170 168 0 0 0 0 0 0 0
car 0.0 0 0 171 310 182 345 0 0 0 0 0 0 0
car 0.0 0 0 208 140 230 169 0 0 0 0 0 0 0
car 0.0 0 0 59 203 74 211 0 0 0 0 0 0 0
car 0.0 0 0 317 0 332 7 0 0 0 0 0 0 0
car 0.0 0 0 312 63 328 72 0 0 0 0 0 0 0
car 0.0 0 0 217 27 224 45 0 0 0 0 0 0 0
car 0.0 0 0 99 87 116 96 0 0 0 0 0 0 0
car 0.0 0 0 154 154 171 160 0 0 0 0 0 0 0
car 0.0 0 0 152 189 168 196 0 0 0 0 0 0 0
