car 1.0 0 0 303 0 309 0 0 0 0 0 0 0 0
car 0.0 0 0 306 13 315 31 0 0 0 0 0 0 0
car 0.0 0 0 161 45 168 59 0 0 0 0 0 0 0
car 0.0 0 0 163 61 170 75 0 0 0 0 0 0 0
car 0.0 0 0 149 102 161 108 0 0 0 0 0 0 0
car 0.0 0 0 201 132 209 147 0 0 0 0 0 0 0
car 0.0 0 0 199 112 207 127 0 0 0 0 0 0 0
car 0.0 0 0 204 152 212 168 0 0 0 0 0 0 0
car 0.0 0 0 207 172 214 185 0 0 0 0 0 0 0
car 0.0 0 0 148 183 165 191 0 0 0 0 0 0 0
car 0.0 0 0 150 191 164 201 0 0 0 0 0 0 0
car 0.0 0 0 279 123 289 140 0 0 0 0 0 0 0
car 0.0 0 0 299 99 306 112 0 0 0 0 0 0 0
car 0.0 0 0 300 116 306 129 0 0 0 0 0 0 0
car 0.0 0 0 307 112 315 130 0 0 0 0 0 0 0
car 0.0 0 0 288 157 297 171 0 0 0 0 0 0 0
car 0.0 0 0 296 156 305 171 0 0 0 0 0 0 0
car 0.0 0 0 303 145 311 160 0 0 0 0 0 0 0
car 0.0 0 0 299 176 306 190 0 0 0 0 0 0 0
car 0.0 0 0 330 66 337 83 0 0 0 0 0 0 0
car 0.0 0 0 188 265 208 275 0 0 0 0 0 0 0
car 0.0 0 0 293 245 309 253 0 0 0 0 0 0 0
car 0.0 0 0 266 266 285 272 0 0 0 0 0 0 0
car 0.0 0 0 258 254 283 264 0 0 0 0 0 0 0
car 0.0 0 0 289 298 304 306 0 0 0 0 0 0 0
car 0.0 0 0 323 295 342 306 0 0 0 0 0 0 0
car 0.0 0 0 299 311 311 319 0 0 0 0 0 0 0
