car 0.823529411765 0 0 0 75 3 86 0 0 0 0 0 0 0
car 0.0 0 0 9 67 26 77 0 0 0 0 0 0 0
car 0.0 0 0 29 58 44 68 0 0 0 0 0 0 0
car 0.0 0 0 22 42 36 51 0 0 0 0 0 0 0
car 0.0 0 0 88 13 103 24 0 0 0 0 0 0 0
car 0.0 0 0 102 17 114 26 0 0 0 0 0 0 0
car 0.0 0 0 109 21 124 32 0 0 0 0 0 0 0
car 0.0 0 0 94 29 107 40 0 0 0 0 0 0 0
car 0.0 0 0 61 42 76 54 0 0 0 0 0 0 0
car 0.0 0 0 77 57 85 69 0 0 0 0 0 0 0
car 0.0 0 0 91 47 103 61 0 0 0 0 0 0 0
car 0.0 0 0 100 44 113 58 0 0 0 0 0 0 0
car 0.0 0 0 51 66 65 79 0 0 0 0 0 0 0
car 0.0 0 0 33 74 47 86 0 0 0 0 0 0 0
car 0.0 0 0 24 77 36 88 0 0 0 0 0 0 0
car 0.0 0 0 10 91 17 102 0 0 0 0 0 0 0
car 0.0 0 0 258 141 271 153 0 0 0 0 0 0 0
car 0.181818181818 0 0 127 0 140 9 0 0 0 0 0 0 0
car 0.272727272727 0 0 93 344 102 352 0 0 0 0 0 0 0
car 0.470588235294 0 0 0 19 9 35 0 0 0 0 0 0 0
car 0.0 0 0 311 116 319 120 0 0 0 0 0 0 0
car 0.0 0 0 48 13 62 23 0 0 0 0 0 0 0
car 0.0 0 0 3 60 16 68 0 0 0 0 0 0 0
