car 0.0 0 0 88 337 103 348 0 0 0 0 0 0 0
car 0.0 0 0 102 341 114 350 0 0 0 0 0 0 0
car 0.363636363636 0 0 109 345 124 352 0 0 0 0 0 0 0
car 0.0 0 0 127 322 140 333 0 0 0 0 0 0 0
car 0.0 0 0 158 305 172 317 0 0 0 0 0 0 0
car 0.0 0 0 200 299 216 313 0 0 0 0 0 0 0
car 0.0 0 0 219 292 234 303 0 0 0 0 0 0 0
car 0.0 0 0 165 280 179 291 0 0 0 0 0 0 0
car 0.0 0 0 221 191 235 198 0 0 0 0 0 0 0
car 0.0 0 0 222 198 235 205 0 0 0 0 0 0 0
car 0.0 0 0 242 244 255 255 0 0 0 0 0 0 0
car 0.0 0 0 243 264 256 276 0 0 0 0 0 0 0
car 0.0 0 0 263 256 277 267 0 0 0 0 0 0 0
car 0.0 0 0 238 308 246 318 0 0 0 0 0 0 0
car 0.0 0 0 248 301 256 314 0 0 0 0 0 0 0
car 0.0 0 0 260 295 269 309 0 0 0 0 0 0 0
car 0.0 0 0 288 281 297 294 0 0 0 0 0 0 0
car 0.0 0 0 274 289 282 303 0 0 0 0 0 0 0
car 0.0 0 0 294 242 309 251 0 0 0 0 0 0 0
car 0.0 0 0 291 254 310 268 0 0 0 0 0 0 0
car 0.702205882353 0 0 0 343 9 352 0 0 0 0 0 0 0
car 0.0 0 0 115 309 128 318 0 0 0 0 0 0 0
car 0.0 0 0 312 217 322 227 0 0 0 0 0 0 0
car 0.0 0 0 273 220 283 232 0 0 0 0 0 0 0
car 0.0 0 0 331 239 340 247 0 0 0 0 0 0 0
car 0.0 0 0 321 231 331 244 0 0 0 0 0 0 0
car 0.0 0 0 206 171 221 186 0 0 0 0 0 0 0
car 0.0 0 0 48 337 62 347 0 0 0 0 0 0 0
car 0.0 0 0 79 308 89 317 0 0 0 0 0 0 0
car 0.0 0 0 47 174 60 189 0 0 0 0 0 0 0
car 0.0 0 0 109 265 119 277 0 0 0 0 0 0 0
