car 0.0 0 0 335 158 350 170 0 0 0 0 0 0 0
car 0.0 0 0 325 162 339 174 0 0 0 0 0 0 0
car 0.0 0 0 30 215 41 230 0 0 0 0 0 0 0
car 0.0 0 0 35 238 46 249 0 0 0 0 0 0 0
car 0.0 0 0 47 250 59 263 0 0 0 0 0 0 0
car 0.0 0 0 43 261 57 274 0 0 0 0 0 0 0
car 0.0 0 0 58 264 69 275 0 0 0 0 0 0 0
car 0.0 0 0 71 270 81 283 0 0 0 0 0 0 0
car 0.0 0 0 83 286 96 301 0 0 0 0 0 0 0
car 0.0 0 0 98 314 107 328 0 0 0 0 0 0 0
car 0.0 0 0 94 330 104 341 0 0 0 0 0 0 0
car 0.0 0 0 22 220 33 237 0 0 0 0 0 0 0
car 0.0 0 0 86 274 100 282 0 0 0 0 0 0 0
car 0.0 0 0 61 247 73 256 0 0 0 0 0 0 0
car 0.0 0 0 47 232 55 240 0 0 0 0 0 0 0
car 0.0 0 0 198 293 211 302 0 0 0 0 0 0 0
car 0.0 0 0 235 245 256 263 0 0 0 0 0 0 0
car 0.0 0 0 234 305 246 314 0 0 0 0 0 0 0
car 0.0 0 0 289 269 302 280 0 0 0 0 0 0 0
car 0.0 0 0 275 235 289 249 0 0 0 0 0 0 0
car 0.0 0 0 275 246 289 259 0 0 0 0 0 0 0
