car 0.0 0 0 39 209 50 219 0 0 0 0 0 0 0
car 0.0 0 0 59 186 72 196 0 0 0 0 0 0 0
car 0.0 0 0 178 149 195 161 0 0 0 0 0 0 0
car 0.0 0 0 244 113 257 125 0 0 0 0 0 0 0
car 0.0 0 0 257 115 271 127 0 0 0 0 0 0 0
car 0.0 0 0 296 92 307 102 0 0 0 0 0 0 0
car 0.0 0 0 308 95 325 107 0 0 0 0 0 0 0
car 0.0 0 0 174 305 193 327 0 0 0 0 0 0 0
car 0.0 0 0 156 290 171 312 0 0 0 0 0 0 0
car 0.0 0 0 176 191 189 201 0 0 0 0 0 0 0
car 0.0 0 0 66 169 80 179 0 0 0 0 0 0 0
car 0.0 0 0 117 189 127 198 0 0 0 0 0 0 0
car 0.0 0 0 111 185 121 192 0 0 0 0 0 0 0
car 0.0 0 0 277 60 290 70 0 0 0 0 0 0 0
car 0.0 0 0 7 239 16 247 0 0 0 0 0 0 0
car 0.3 0 0 0 231 7 244 0 0 0 0 0 0 0
car 0.0 0 0 90 185 103 194 0 0 0 0 0 0 0
car 0.0 0 0 71 196 86 207 0 0 0 0 0 0 0
car 0.0 0 0 251 0 263 12 0 0 0 0 0 0 0
