car 0.0 0 0 123 19 139 27 0 0 0 0 0 0 0
car 0.0 0 0 147 16 162 27 0 0 0 0 0 0 0
car 0.0 0 0 198 20 210 30 0 0 0 0 0 0 0
car 0.0 0 0 212 11 227 22 0 0 0 0 0 0 0
car 0.0 0 0 233 16 250 26 0 0 0 0 0 0 0
car 0.0 0 0 176 24 192 36 0 0 0 0 0 0 0
car 0.0 0 0 168 35 184 46 0 0 0 0 0 0 0
car 0.0 0 0 136 42 150 53 0 0 0 0 0 0 0
car 0.0 0 0 184 78 200 91 0 0 0 0 0 0 0
car 0.0 0 0 64 53 80 65 0 0 0 0 0 0 0
car 0.0 0 0 62 77 80 91 0 0 0 0 0 0 0
car 0.0 0 0 92 58 108 71 0 0 0 0 0 0 0
car 0.0 0 0 104 61 126 79 0 0 0 0 0 0 0
car 0.0 0 0 21 75 37 88 0 0 0 0 0 0 0
car 0.0 0 0 30 87 47 100 0 0 0 0 0 0 0
car 0.0 0 0 200 266 214 277 0 0 0 0 0 0 0
car 0.0 0 0 225 245 246 262 0 0 0 0 0 0 0
