car 0.5625 0 0 345 75 352 88 0 0 0 0 0 0 0
car 0.0 0 0 292 104 310 115 0 0 0 0 0 0 0
car 0.0 0 0 250 117 266 129 0 0 0 0 0 0 0
car 0.0 0 0 245 144 259 156 0 0 0 0 0 0 0
car 0.0 0 0 307 148 316 161 0 0 0 0 0 0 0
car 0.0 0 0 292 157 305 170 0 0 0 0 0 0 0
car 0.0 0 0 286 157 294 173 0 0 0 0 0 0 0
car 0.0 0 0 278 159 286 174 0 0 0 0 0 0 0
car 0.0 0 0 264 164 278 180 0 0 0 0 0 0 0
car 0.0 0 0 257 170 268 183 0 0 0 0 0 0 0
car 0.0 0 0 246 175 256 188 0 0 0 0 0 0 0
car 0.0 0 0 239 183 248 192 0 0 0 0 0 0 0
car 0.0 0 0 228 188 240 197 0 0 0 0 0 0 0
car 0.0 0 0 236 161 253 172 0 0 0 0 0 0 0
car 0.0 0 0 118 173 137 187 0 0 0 0 0 0 0
car 0.0 0 0 121 194 139 206 0 0 0 0 0 0 0
car 0.0 0 0 190 201 200 215 0 0 0 0 0 0 0
car 0.0 0 0 166 207 178 221 0 0 0 0 0 0 0
car 0.0 0 0 152 211 165 227 0 0 0 0 0 0 0
car 0.0 0 0 178 199 190 220 0 0 0 0 0 0 0
car 0.0 0 0 194 180 211 192 0 0 0 0 0 0 0
car 0.0 0 0 209 227 220 238 0 0 0 0 0 0 0
car 0.0 0 0 61 221 79 233 0 0 0 0 0 0 0
car 0.0 0 0 49 207 65 218 0 0 0 0 0 0 0
car 0.0 0 0 20 206 38 218 0 0 0 0 0 0 0
