car 0.0 0 0 213 6 227 15 0 0 0 0 0 0 0
car 0.0 0 0 235 11 249 23 0 0 0 0 0 0 0
car 0.0 0 0 247 15 264 26 0 0 0 0 0 0 0
car 0.0 0 0 238 27 257 37 0 0 0 0 0 0 0
car 0.0 0 0 164 55 176 65 0 0 0 0 0 0 0
car 0.0 0 0 139 10 157 22 0 0 0 0 0 0 0
car 0.0 0 0 11 127 23 135 0 0 0 0 0 0 0
car 0.0 0 0 79 92 93 101 0 0 0 0 0 0 0
car 0.0 0 0 98 75 118 91 0 0 0 0 0 0 0
car 0.0 0 0 133 45 148 55 0 0 0 0 0 0 0
car 0.0 0 0 101 33 113 40 0 0 0 0 0 0 0
car 0.0 0 0 210 114 220 126 0 0 0 0 0 0 0
car 0.909090909091 0 0 0 223 1 249 0 0 0 0 0 0 0
car 0.0 0 0 5 292 27 317 0 0 0 0 0 0 0
car 0.181818181818 0 0 0 303 18 326 0 0 0 0 0 0 0
car 0.785714285714 0 0 0 318 3 333 0 0 0 0 0 0 0
car 0.0 0 0 26 292 44 311 0 0 0 0 0 0 0
car 0.235294117647 0 0 0 149 13 162 0 0 0 0 0 0 0
car 0.586206896552 0 0 0 97 24 132 0 0 0 0 0 0 0
car 0.0 0 0 128 278 147 299 0 0 0 0 0 0 0
car 0.0 0 0 138 270 157 291 0 0 0 0 0 0 0
car 0.0 0 0 154 289 174 309 0 0 0 0 0 0 0
car 0.0 0 0 131 319 147 338 0 0 0 0 0 0 0
car 0.0 0 0 202 262 229 278 0 0 0 0 0 0 0
car 0.55 0 0 0 141 9 151 0 0 0 0 0 0 0
