car 0.0 0 0 82 12 96 23 0 0 0 0 0 0 0
car 0.0 0 0 93 26 104 37 0 0 0 0 0 0 0
car 0.0 0 0 97 38 113 51 0 0 0 0 0 0 0
car 0.0 0 0 108 52 123 65 0 0 0 0 0 0 0
car 0.0 0 0 117 59 128 69 0 0 0 0 0 0 0
car 0.0 0 0 337 30 350 40 0 0 0 0 0 0 0
car 0.461538461538 0 0 345 40 352 51 0 0 0 0 0 0 0
car 0.0 0 0 137 103 152 117 0 0 0 0 0 0 0
car 0.0 0 0 143 113 156 121 0 0 0 0 0 0 0
car 0.0 0 0 147 117 161 129 0 0 0 0 0 0 0
car 0.0 0 0 150 125 164 135 0 0 0 0 0 0 0
car 0.0 0 0 305 113 316 121 0 0 0 0 0 0 0
car 0.0 0 0 268 123 284 135 0 0 0 0 0 0 0
car 0.0 0 0 250 132 267 144 0 0 0 0 0 0 0
car 0.0 0 0 236 142 246 152 0 0 0 0 0 0 0
car 0.0 0 0 175 147 186 155 0 0 0 0 0 0 0
car 0.0 0 0 223 182 235 195 0 0 0 0 0 0 0
car 0.0 0 0 132 181 149 193 0 0 0 0 0 0 0
car 0.0 0 0 247 241 264 256 0 0 0 0 0 0 0
car 0.0 0 0 298 257 309 267 0 0 0 0 0 0 0
car 0.0 0 0 280 269 295 285 0 0 0 0 0 0 0
car 0.0 0 0 303 277 313 290 0 0 0 0 0 0 0
car 0.0 0 0 312 273 322 287 0 0 0 0 0 0 0
car 0.0 0 0 326 308 342 327 0 0 0 0 0 0 0
