car 0.0 0 0 13 30 26 40 0 0 0 0 0 0 0
car 0.0 0 0 21 40 34 51 0 0 0 0 0 0 0
car 0.0 0 0 32 52 42 63 0 0 0 0 0 0 0
car 0.0 0 0 88 99 97 116 0 0 0 0 0 0 0
car 0.0 0 0 96 99 102 114 0 0 0 0 0 0 0
car 0.0 0 0 80 98 87 115 0 0 0 0 0 0 0
car 0.0 0 0 71 101 78 114 0 0 0 0 0 0 0
car 0.0 0 0 62 101 69 116 0 0 0 0 0 0 0
car 0.0 0 0 71 70 83 80 0 0 0 0 0 0 0
car 0.0 0 0 103 52 117 64 0 0 0 0 0 0 0
car 0.0 0 0 133 40 149 52 0 0 0 0 0 0 0
car 0.0 0 0 104 101 111 118 0 0 0 0 0 0 0
car 0.0 0 0 2 308 18 327 0 0 0 0 0 0 0
car 0.0 0 0 34 337 46 348 0 0 0 0 0 0 0
