car 0.0 0 0 141 27 155 38 0 0 0 0 0 0 0
car 0.0 0 0 69 59 86 68 0 0 0 0 0 0 0
car 0.0 0 0 103 102 123 111 0 0 0 0 0 0 0
car 0.0 0 0 98 85 116 94 0 0 0 0 0 0 0
car 0.0 0 0 139 75 158 87 0 0 0 0 0 0 0
car 0.0 0 0 132 61 151 70 0 0 0 0 0 0 0
car 0.0 0 0 183 186 192 200 0 0 0 0 0 0 0
car 0.0 0 0 137 205 152 212 0 0 0 0 0 0 0
car 0.0 0 0 234 289 258 300 0 0 0 0 0 0 0
car 0.0 0 0 232 277 251 288 0 0 0 0 0 0 0
car 0.0 0 0 226 256 242 267 0 0 0 0 0 0 0
car 0.0 0 0 219 245 237 255 0 0 0 0 0 0 0
car 0.0 0 0 217 239 233 248 0 0 0 0 0 0 0
car 0.0 0 0 160 221 177 230 0 0 0 0 0 0 0
car 0.0 0 0 176 251 191 258 0 0 0 0 0 0 0
car 0.0 0 0 188 280 203 288 0 0 0 0 0 0 0
car 0.0 0 0 174 243 186 253 0 0 0 0 0 0 0
car 0.0 0 0 157 170 168 188 0 0 0 0 0 0 0
car 0.0 0 0 204 310 219 319 0 0 0 0 0 0 0
car 0.0 0 0 208 319 225 325 0 0 0 0 0 0 0
car 0.5 0 0 344 306 352 312 0 0 0 0 0 0 0
car 0.0 0 0 296 328 314 340 0 0 0 0 0 0 0
car 0.0 0 0 275 330 294 341 0 0 0 0 0 0 0
car 0.0 0 0 231 265 244 273 0 0 0 0 0 0 0
car 0.0 0 0 234 269 248 279 0 0 0 0 0 0 0
car 0.0 0 0 168 232 182 241 0 0 0 0 0 0 0
car 0.0 0 0 181 256 195 265 0 0 0 0 0 0 0
car 0.0 0 0 207 208 219 219 0 0 0 0 0 0 0
car 0.0 0 0 159 205 172 214 0 0 0 0 0 0 0
car 0.0 0 0 89 62 102 70 0 0 0 0 0 0 0
car 0.0 0 0 152 158 161 169 0 0 0 0 0 0 0
car 0.0 0 0 150 87 163 96 0 0 0 0 0 0 0
car 0.0 0 0 132 46 145 56 0 0 0 0 0 0 0
car 0.0 0 0 132 54 148 63 0 0 0 0 0 0 0
car 0.0 0 0 148 94 167 105 0 0 0 0 0 0 0
car 0.0 0 0 116 110 127 122 0 0 0 0 0 0 0
car 0.0 0 0 127 41 141 49 0 0 0 0 0 0 0
car 0.0 0 0 215 335 235 343 0 0 0 0 0 0 0
car 0.0 0 0 80 37 96 51 0 0 0 0 0 0 0
car 0.0 0 0 156 110 174 123 0 0 0 0 0 0 0
car 0.0 0 0 103 93 118 103 0 0 0 0 0 0 0
