car 0.0 0 0 54 22 67 30 0 0 0 0 0 0 0
car 0.0 0 0 20 306 36 312 0 0 0 0 0 0 0
car 0.0 0 0 133 108 153 118 0 0 0 0 0 0 0
car 0.0 0 0 142 128 159 137 0 0 0 0 0 0 0
car 0.0 0 0 84 81 99 95 0 0 0 0 0 0 0
car 0.0 0 0 108 41 123 51 0 0 0 0 0 0 0
car 0.0 0 0 118 59 129 69 0 0 0 0 0 0 0
car 0.0 0 0 155 202 168 218 0 0 0 0 0 0 0
car 0.0 0 0 162 214 172 225 0 0 0 0 0 0 0
car 0.0 0 0 177 210 196 220 0 0 0 0 0 0 0
car 0.0 0 0 207 259 224 269 0 0 0 0 0 0 0
car 0.0 0 0 210 274 230 285 0 0 0 0 0 0 0
car 0.0 0 0 290 286 307 296 0 0 0 0 0 0 0
car 0.0 0 0 96 69 106 85 0 0 0 0 0 0 0
car 0.0 0 0 308 286 325 294 0 0 0 0 0 0 0
car 0.0 0 0 332 271 343 286 0 0 0 0 0 0 0
car 0.0 0 0 182 251 193 266 0 0 0 0 0 0 0
car 0.0 0 0 110 287 119 298 0 0 0 0 0 0 0
car 0.0 0 0 162 283 171 290 0 0 0 0 0 0 0
car 0.0 0 0 191 269 200 280 0 0 0 0 0 0 0
car 0.0 0 0 123 279 133 294 0 0 0 0 0 0 0
car 0.0 0 0 143 173 152 182 0 0 0 0 0 0 0
car 0.0 0 0 177 187 187 195 0 0 0 0 0 0 0
car 0.0 0 0 189 223 200 233 0 0 0 0 0 0 0
car 0.0 0 0 118 116 128 126 0 0 0 0 0 0 0
car 0.0 0 0 141 118 156 128 0 0 0 0 0 0 0
car 0.0 0 0 88 52 100 67 0 0 0 0 0 0 0
car 0.0 0 0 119 52 127 61 0 0 0 0 0 0 0
car 0.0 0 0 334 245 343 262 0 0 0 0 0 0 0
car 0.0 0 0 193 311 209 323 0 0 0 0 0 0 0
car 0.0 0 0 224 310 237 319 0 0 0 0 0 0 0
car 0.0 0 0 147 182 157 191 0 0 0 0 0 0 0
car 0.0 0 0 239 310 255 317 0 0 0 0 0 0 0
