car 0.0 0 0 283 162 293 172 0 0 0 0 0 0 0
car 0.0 0 0 289 159 300 169 0 0 0 0 0 0 0
car 0.0 0 0 260 140 274 152 0 0 0 0 0 0 0
car 0.0 0 0 242 149 254 159 0 0 0 0 0 0 0
car 0.0 0 0 226 157 237 165 0 0 0 0 0 0 0
car 0.0 0 0 336 272 345 283 0 0 0 0 0 0 0
car 0.0 0 0 324 278 334 287 0 0 0 0 0 0 0
car 0.0 0 0 316 283 325 293 0 0 0 0 0 0 0
car 0.0 0 0 241 329 251 341 0 0 0 0 0 0 0
car 0.0 0 0 217 327 229 338 0 0 0 0 0 0 0
car 0.0 0 0 167 179 182 189 0 0 0 0 0 0 0
car 0.0 0 0 144 233 156 248 0 0 0 0 0 0 0
car 0.0 0 0 152 246 164 260 0 0 0 0 0 0 0
car 0.0 0 0 161 259 173 272 0 0 0 0 0 0 0
car 0.0 0 0 174 225 186 234 0 0 0 0 0 0 0
