car 0.0 0 0 2 282 16 294 0 0 0 0 0 0 0
car 0.0 0 0 18 285 31 297 0 0 0 0 0 0 0
car 0.0 0 0 13 306 26 316 0 0 0 0 0 0 0
car 0.0 0 0 16 312 33 326 0 0 0 0 0 0 0
car 0.0 0 0 31 296 44 308 0 0 0 0 0 0 0
car 0.0 0 0 49 283 58 297 0 0 0 0 0 0 0
car 0.0 0 0 76 290 89 300 0 0 0 0 0 0 0
car 0.0 0 0 67 281 82 294 0 0 0 0 0 0 0
car 0.0 0 0 47 269 61 281 0 0 0 0 0 0 0
car 0.0 0 0 102 275 118 287 0 0 0 0 0 0 0
car 0.0 0 0 58 250 72 262 0 0 0 0 0 0 0
car 0.0 0 0 72 260 85 270 0 0 0 0 0 0 0
car 0.0 0 0 98 267 115 278 0 0 0 0 0 0 0
car 0.0 0 0 101 242 134 264 0 0 0 0 0 0 0
car 0.0 0 0 122 257 135 268 0 0 0 0 0 0 0
car 0.0 0 0 134 260 151 272 0 0 0 0 0 0 0
car 0.0 0 0 143 232 157 242 0 0 0 0 0 0 0
car 0.0 0 0 146 243 167 257 0 0 0 0 0 0 0
car 0.0 0 0 165 247 178 258 0 0 0 0 0 0 0
car 0.0 0 0 173 235 190 248 0 0 0 0 0 0 0
car 0.0 0 0 164 204 175 217 0 0 0 0 0 0 0
car 0.0 0 0 236 251 250 263 0 0 0 0 0 0 0
car 0.0 0 0 306 220 320 232 0 0 0 0 0 0 0
car 0.0 0 0 197 235 211 245 0 0 0 0 0 0 0
car 0.0 0 0 198 224 214 237 0 0 0 0 0 0 0
car 0.0 0 0 221 216 238 227 0 0 0 0 0 0 0
car 0.0 0 0 228 221 241 233 0 0 0 0 0 0 0
car 0.0 0 0 176 186 185 199 0 0 0 0 0 0 0
car 0.0 0 0 197 177 207 189 0 0 0 0 0 0 0
car 0.0 0 0 206 174 214 186 0 0 0 0 0 0 0
car 0.0 0 0 212 169 223 183 0 0 0 0 0 0 0
car 0.0 0 0 225 166 234 181 0 0 0 0 0 0 0
car 0.0 0 0 231 193 247 205 0 0 0 0 0 0 0
car 0.0 0 0 259 207 272 218 0 0 0 0 0 0 0
car 0.0 0 0 254 200 269 212 0 0 0 0 0 0 0
car 0.0 0 0 289 190 304 204 0 0 0 0 0 0 0
car 0.0 0 0 283 187 296 198 0 0 0 0 0 0 0
car 0.0 0 0 250 155 258 170 0 0 0 0 0 0 0
car 0.0 0 0 283 173 295 183 0 0 0 0 0 0 0
car 0.0 0 0 303 177 318 188 0 0 0 0 0 0 0
car 0.0 0 0 316 180 329 192 0 0 0 0 0 0 0
car 0.0 0 0 319 170 334 181 0 0 0 0 0 0 0
car 0.428571428571 0 0 344 143 352 154 0 0 0 0 0 0 0
car 0.48 0 0 339 157 352 178 0 0 0 0 0 0 0
car 0.0 0 0 337 179 350 189 0 0 0 0 0 0 0
car 0.307692307692 0 0 179 343 192 352 0 0 0 0 0 0 0
car 0.0 0 0 149 294 173 325 0 0 0 0 0 0 0
car 0.0 0 0 1 174 11 186 0 0 0 0 0 0 0
car 0.0 0 0 321 79 335 93 0 0 0 0 0 0 0
