car 0.846153846154 0 0 0 335 2 343 0 0 0 0 0 0 0
car 0.0 0 0 6 329 20 337 0 0 0 0 0 0 0
car 0.0 0 0 19 320 37 331 0 0 0 0 0 0 0
car 0.0 0 0 26 313 44 324 0 0 0 0 0 0 0
car 0.357142857143 0 0 32 343 48 352 0 0 0 0 0 0 0
car 0.0 0 0 26 332 42 343 0 0 0 0 0 0 0
car 0.0 0 0 40 306 56 317 0 0 0 0 0 0 0
car 0.0 0 0 53 300 69 313 0 0 0 0 0 0 0
car 0.111111111111 0 0 49 344 61 352 0 0 0 0 0 0 0
car 0.0 0 0 65 335 79 345 0 0 0 0 0 0 0
car 0.0 0 0 91 318 110 331 0 0 0 0 0 0 0
car 0.0 0 0 153 296 166 306 0 0 0 0 0 0 0
car 0.0 0 0 116 281 129 293 0 0 0 0 0 0 0
car 0.0 0 0 192 279 205 290 0 0 0 0 0 0 0
car 0.0 0 0 214 272 231 284 0 0 0 0 0 0 0
car 0.0 0 0 188 254 206 265 0 0 0 0 0 0 0
car 0.0 0 0 236 236 251 245 0 0 0 0 0 0 0
car 0.0 0 0 256 242 270 252 0 0 0 0 0 0 0
car 0.0 0 0 284 250 300 260 0 0 0 0 0 0 0
car 0.0 0 0 329 249 344 270 0 0 0 0 0 0 0
car 0.0 0 0 283 207 300 219 0 0 0 0 0 0 0
car 0.0 0 0 275 180 288 192 0 0 0 0 0 0 0
car 0.0 0 0 170 61 183 78 0 0 0 0 0 0 0
car 0.0 0 0 128 4 141 17 0 0 0 0 0 0 0
car 0.0 0 0 226 113 234 125 0 0 0 0 0 0 0
car 0.0 0 0 218 102 227 113 0 0 0 0 0 0 0
car 0.0 0 0 240 144 257 163 0 0 0 0 0 0 0
car 0.0 0 0 314 200 328 210 0 0 0 0 0 0 0
