car 0.714285714286 0 0 201 342 233 352 0 0 0 0 0 0 0
car 1.0 0 0 0 22 0 34 0 0 0 0 0 0 0
car 0.222222222222 0 0 0 20 7 32 0 0 0 0 0 0 0
car 0.0 0 0 26 27 36 42 0 0 0 0 0 0 0
car 0.0 0 0 28 7 44 16 0 0 0 0 0 0 0
car 0.0 0 0 97 208 129 244 0 0 0 0 0 0 0
car 0.0 0 0 146 159 159 173 0 0 0 0 0 0 0
car 0.0 0 0 269 145 284 153 0 0 0 0 0 0 0
car 0.0 0 0 210 171 223 178 0 0 0 0 0 0 0
car 0.0 0 0 205 175 217 183 0 0 0 0 0 0 0
car 0.0 0 0 196 178 207 185 0 0 0 0 0 0 0
car 0.0 0 0 189 180 202 191 0 0 0 0 0 0 0
car 0.0 0 0 326 118 337 126 0 0 0 0 0 0 0
