car 0.0 0 0 4 290 21 310 0 0 0 0 0 0 0
car 0.0 0 0 37 335 46 348 0 0 0 0 0 0 0
car 0.5 0 0 35 346 45 352 0 0 0 0 0 0 0
car 0.833333333333 0 0 29 350 38 352 0 0 0 0 0 0 0
car 0.0 0 0 29 203 57 223 0 0 0 0 0 0 0
car 0.0 0 0 99 183 114 193 0 0 0 0 0 0 0
car 0.0 0 0 28 174 44 185 0 0 0 0 0 0 0
car 0.0 0 0 105 157 122 169 0 0 0 0 0 0 0
car 0.0 0 0 159 122 172 132 0 0 0 0 0 0 0
car 0.0 0 0 217 190 228 203 0 0 0 0 0 0 0
car 0.0 0 0 160 152 178 164 0 0 0 0 0 0 0
car 0.0 0 0 181 154 192 163 0 0 0 0 0 0 0
car 0.0 0 0 235 142 252 153 0 0 0 0 0 0 0
car 0.0 0 0 172 179 184 191 0 0 0 0 0 0 0
car 0.0 0 0 187 110 201 119 0 0 0 0 0 0 0
car 0.0 0 0 245 76 262 86 0 0 0 0 0 0 0
car 0.0 0 0 264 69 281 82 0 0 0 0 0 0 0
car 0.0 0 0 279 115 293 126 0 0 0 0 0 0 0
car 0.0 0 0 313 99 327 109 0 0 0 0 0 0 0
car 0.0 0 0 284 52 296 62 0 0 0 0 0 0 0
car 0.0 0 0 285 337 296 351 0 0 0 0 0 0 0
