car 1.0 0 0 0 194 0 205 0 0 0 0 0 0 0
car 0.0 0 0 90 103 102 113 0 0 0 0 0 0 0
car 0.0 0 0 163 235 181 260 0 0 0 0 0 0 0
car 0.0 0 0 26 176 40 186 0 0 0 0 0 0 0
car 0.0 0 0 86 150 99 161 0 0 0 0 0 0 0
car 0.0 0 0 131 141 148 151 0 0 0 0 0 0 0
car 0.0 0 0 123 130 147 148 0 0 0 0 0 0 0
car 0.0 0 0 44 135 54 146 0 0 0 0 0 0 0
car 0.0 0 0 125 113 138 123 0 0 0 0 0 0 0
car 0.0 0 0 158 85 171 94 0 0 0 0 0 0 0
car 0.0 0 0 153 105 167 117 0 0 0 0 0 0 0
car 0.0 0 0 176 89 190 100 0 0 0 0 0 0 0
car 0.0 0 0 199 86 216 97 0 0 0 0 0 0 0
car 0.0 0 0 183 81 196 90 0 0 0 0 0 0 0
car 0.0 0 0 298 63 312 73 0 0 0 0 0 0 0
car 0.0 0 0 326 50 340 61 0 0 0 0 0 0 0
car 0.0 0 0 264 38 279 48 0 0 0 0 0 0 0
car 0.0 0 0 274 20 286 34 0 0 0 0 0 0 0
car 0.0 0 0 322 70 335 80 0 0 0 0 0 0 0
