car 0.0 0 0 13 12 23 24 0 0 0 0 0 0 0
car 0.0 0 0 92 30 106 40 0 0 0 0 0 0 0
car 0.0 0 0 69 18 85 29 0 0 0 0 0 0 0
car 0.0 0 0 90 10 105 20 0 0 0 0 0 0 0
car 0.0 0 0 125 16 137 25 0 0 0 0 0 0 0
car 0.0 0 0 140 8 152 19 0 0 0 0 0 0 0
car 0.0 0 0 87 191 102 203 0 0 0 0 0 0 0
car 0.0 0 0 90 199 103 207 0 0 0 0 0 0 0
car 0.0 0 0 94 204 108 213 0 0 0 0 0 0 0
car 0.0 0 0 138 172 151 180 0 0 0 0 0 0 0
car 0.0 0 0 207 183 219 196 0 0 0 0 0 0 0
car 0.0 0 0 214 179 227 192 0 0 0 0 0 0 0
car 0.0 0 0 224 176 236 190 0 0 0 0 0 0 0
car 0.0 0 0 166 229 179 243 0 0 0 0 0 0 0
car 0.0 0 0 183 243 194 253 0 0 0 0 0 0 0
car 0.0 0 0 186 247 201 259 0 0 0 0 0 0 0
car 0.0 0 0 133 264 145 273 0 0 0 0 0 0 0
car 0.0 0 0 136 270 149 280 0 0 0 0 0 0 0
car 0.0 0 0 195 261 207 270 0 0 0 0 0 0 0
car 0.0 0 0 139 277 152 286 0 0 0 0 0 0 0
car 0.0 0 0 144 281 158 291 0 0 0 0 0 0 0
car 0.0 0 0 149 294 162 303 0 0 0 0 0 0 0
car 0.0 0 0 155 304 175 319 0 0 0 0 0 0 0
car 0.0 0 0 201 316 212 329 0 0 0 0 0 0 0
car 0.0 0 0 200 268 211 277 0 0 0 0 0 0 0
car 0.0 0 0 202 273 218 285 0 0 0 0 0 0 0
car 0.0 0 0 229 317 247 329 0 0 0 0 0 0 0
car 0.0 0 0 215 293 227 306 0 0 0 0 0 0 0
car 0.0 0 0 239 333 251 342 0 0 0 0 0 0 0
car 0.0 0 0 62 275 71 287 0 0 0 0 0 0 0
car 0.0 0 0 86 264 94 275 0 0 0 0 0 0 0
car 0.0 0 0 74 266 88 280 0 0 0 0 0 0 0
