car 0.428571428571 0 0 274 344 286 352 0 0 0 0 0 0 0
car 0.0 0 0 84 276 96 285 0 0 0 0 0 0 0
car 0.0 0 0 187 227 195 239 0 0 0 0 0 0 0
car 0.0 0 0 227 213 234 223 0 0 0 0 0 0 0
car 0.0 0 0 234 206 244 217 0 0 0 0 0 0 0
car 0.0 0 0 270 188 281 202 0 0 0 0 0 0 0
car 0.0 0 0 195 206 204 214 0 0 0 0 0 0 0
car 0.0 0 0 235 184 245 192 0 0 0 0 0 0 0
car 0.0 0 0 239 135 251 149 0 0 0 0 0 0 0
car 0.0 0 0 223 108 235 122 0 0 0 0 0 0 0
car 0.0 0 0 208 85 222 102 0 0 0 0 0 0 0
car 0.0 0 0 181 56 192 66 0 0 0 0 0 0 0
car 0.0 0 0 130 4 142 13 0 0 0 0 0 0 0
