car 0.545454545455 0 0 211 0 224 5 0 0 0 0 0 0 0
car 0.0 0 0 214 2 231 12 0 0 0 0 0 0 0
car 0.0 0 0 218 7 236 22 0 0 0 0 0 0 0
car 0.0 0 0 216 27 228 41 0 0 0 0 0 0 0
car 0.0 0 0 216 67 229 80 0 0 0 0 0 0 0
car 0.0 0 0 248 54 263 66 0 0 0 0 0 0 0
car 0.0 0 0 199 74 214 86 0 0 0 0 0 0 0
car 0.0 0 0 208 86 224 96 0 0 0 0 0 0 0
car 0.0 0 0 212 90 229 102 0 0 0 0 0 0 0
car 0.0 0 0 219 99 236 114 0 0 0 0 0 0 0
car 0.0 0 0 270 74 284 87 0 0 0 0 0 0 0
car 0.0 0 0 242 128 261 143 0 0 0 0 0 0 0
car 0.0 0 0 288 173 304 188 0 0 0 0 0 0 0
car 0.0 0 0 264 171 284 184 0 0 0 0 0 0 0
car 0.0 0 0 262 163 284 176 0 0 0 0 0 0 0
car 0.0 0 0 312 6 327 15 0 0 0 0 0 0 0
car 0.55 0 0 343 0 352 6 0 0 0 0 0 0 0
