car 0.0 0 0 8 294 15 303 0 0 0 0 0 0 0
car 0.0 0 0 39 266 53 277 0 0 0 0 0 0 0
car 0.0 0 0 40 258 54 266 0 0 0 0 0 0 0
car 0.0 0 0 19 327 29 336 0 0 0 0 0 0 0
car 0.0 0 0 28 321 39 334 0 0 0 0 0 0 0
car 0.0 0 0 36 317 48 328 0 0 0 0 0 0 0
car 0.0 0 0 53 310 64 322 0 0 0 0 0 0 0
car 0.0 0 0 73 303 81 314 0 0 0 0 0 0 0
car 0.0 0 0 85 298 94 310 0 0 0 0 0 0 0
car 0.0 0 0 96 291 105 307 0 0 0 0 0 0 0
car 0.0 0 0 92 241 105 248 0 0 0 0 0 0 0
car 0.0 0 0 115 283 126 295 0 0 0 0 0 0 0
car 0.0 0 0 110 238 124 248 0 0 0 0 0 0 0
car 0.0 0 0 125 281 135 293 0 0 0 0 0 0 0
car 0.0 0 0 134 276 145 289 0 0 0 0 0 0 0
car 0.0 0 0 144 271 152 285 0 0 0 0 0 0 0
car 0.0 0 0 159 262 171 275 0 0 0 0 0 0 0
car 0.0 0 0 124 224 138 234 0 0 0 0 0 0 0
car 0.0 0 0 173 262 181 273 0 0 0 0 0 0 0
car 0.0 0 0 127 229 142 239 0 0 0 0 0 0 0
car 0.0 0 0 193 250 202 262 0 0 0 0 0 0 0
car 0.0 0 0 210 243 219 254 0 0 0 0 0 0 0
car 0.0 0 0 147 220 160 232 0 0 0 0 0 0 0
car 0.0 0 0 146 212 159 222 0 0 0 0 0 0 0
car 0.0 0 0 229 234 240 248 0 0 0 0 0 0 0
car 0.0 0 0 162 214 178 224 0 0 0 0 0 0 0
car 0.0 0 0 163 205 177 214 0 0 0 0 0 0 0
car 0.0 0 0 186 204 203 215 0 0 0 0 0 0 0
car 0.0 0 0 243 227 250 240 0 0 0 0 0 0 0
car 0.0 0 0 208 195 220 204 0 0 0 0 0 0 0
car 0.0 0 0 224 205 239 217 0 0 0 0 0 0 0
car 0.0 0 0 259 220 267 233 0 0 0 0 0 0 0
car 0.0 0 0 223 189 236 199 0 0 0 0 0 0 0
car 0.0 0 0 269 217 278 232 0 0 0 0 0 0 0
car 0.0 0 0 238 181 253 192 0 0 0 0 0 0 0
car 0.0 0 0 238 171 253 183 0 0 0 0 0 0 0
car 0.0 0 0 280 211 290 225 0 0 0 0 0 0 0
car 0.0 0 0 294 204 304 217 0 0 0 0 0 0 0
car 0.0 0 0 259 173 271 182 0 0 0 0 0 0 0
car 0.0 0 0 259 166 271 175 0 0 0 0 0 0 0
car 0.0 0 0 276 164 290 174 0 0 0 0 0 0 0
car 0.0 0 0 280 154 295 164 0 0 0 0 0 0 0
car 0.0 0 0 304 152 317 162 0 0 0 0 0 0 0
car 0.0 0 0 300 145 316 157 0 0 0 0 0 0 0
car 0.0 0 0 303 200 314 215 0 0 0 0 0 0 0
car 0.0 0 0 312 200 320 213 0 0 0 0 0 0 0
