car 0.733333333333 0 0 36 0 45 4 0 0 0 0 0 0 0
car 0.0 0 0 110 10 126 18 0 0 0 0 0 0 0
car 0.888888888889 0 0 179 0 189 1 0 0 0 0 0 0 0
car 0.6 0 0 344 0 352 9 0 0 0 0 0 0 0
car 0.0 0 0 306 194 322 204 0 0 0 0 0 0 0
car 0.0 0 0 279 208 291 218 0 0 0 0 0 0 0
car 0.0 0 0 163 264 181 275 0 0 0 0 0 0 0
car 0.0 0 0 190 231 218 244 0 0 0 0 0 0 0
car 0.0 0 0 162 285 171 299 0 0 0 0 0 0 0
car 0.0 0 0 177 283 194 297 0 0 0 0 0 0 0
car 0.0 0 0 169 273 183 283 0 0 0 0 0 0 0
car 0.0 0 0 182 294 195 303 0 0 0 0 0 0 0
car 0.0 0 0 187 300 204 310 0 0 0 0 0 0 0
car 0.0 0 0 166 334 177 346 0 0 0 0 0 0 0
car 0.0 0 0 57 51 75 62 0 0 0 0 0 0 0
car 0.0 0 0 9 88 23 100 0 0 0 0 0 0 0
car 0.0 0 0 8 104 20 116 0 0 0 0 0 0 0
car 0.0 0 0 73 160 85 174 0 0 0 0 0 0 0
car 0.0 0 0 54 179 66 191 0 0 0 0 0 0 0
car 0.0 0 0 44 221 52 231 0 0 0 0 0 0 0
car 0.0 0 0 85 174 95 186 0 0 0 0 0 0 0
car 0.0 0 0 81 206 91 217 0 0 0 0 0 0 0
car 0.0 0 0 98 208 110 220 0 0 0 0 0 0 0
car 0.0 0 0 93 184 106 197 0 0 0 0 0 0 0
car 0.0 0 0 103 197 113 209 0 0 0 0 0 0 0
car 0.0 0 0 112 206 122 219 0 0 0 0 0 0 0
car 0.0 0 0 23 316 37 328 0 0 0 0 0 0 0
car 0.0 0 0 32 312 44 325 0 0 0 0 0 0 0
car 0.0 0 0 29 340 38 349 0 0 0 0 0 0 0
car 0.0 0 0 35 333 48 346 0 0 0 0 0 0 0
car 0.0 0 0 31 266 42 277 0 0 0 0 0 0 0
