car 0.0 0 0 94 174 105 186 0 0 0 0 0 0 0
car 0.0 0 0 92 28 104 40 0 0 0 0 0 0 0
car 0.0 0 0 104 44 120 54 0 0 0 0 0 0 0
car 0.0 0 0 141 57 151 68 0 0 0 0 0 0 0
car 0.0 0 0 155 31 168 41 0 0 0 0 0 0 0
car 0.0 0 0 218 46 225 56 0 0 0 0 0 0 0
car 0.0 0 0 189 31 202 40 0 0 0 0 0 0 0
car 0.2 0 0 232 0 247 8 0 0 0 0 0 0 0
car 0.0 0 0 220 56 231 67 0 0 0 0 0 0 0
car 0.0 0 0 258 193 270 207 0 0 0 0 0 0 0
car 0.0 0 0 316 267 326 277 0 0 0 0 0 0 0
car 0.0 0 0 194 240 203 250 0 0 0 0 0 0 0
car 0.0 0 0 325 278 338 291 0 0 0 0 0 0 0
