car 0.0 0 0 333 146 345 160 0 0 0 0 0 0 0
car 0.0 0 0 328 158 342 173 0 0 0 0 0 0 0
car 0.0 0 0 317 145 330 159 0 0 0 0 0 0 0
car 0.0 0 0 317 123 330 137 0 0 0 0 0 0 0
car 0.0 0 0 304 126 314 137 0 0 0 0 0 0 0
car 0.0 0 0 297 112 309 128 0 0 0 0 0 0 0
car 0.0 0 0 287 93 300 108 0 0 0 0 0 0 0
car 0.0 0 0 292 87 307 101 0 0 0 0 0 0 0
car 0.0 0 0 275 76 290 92 0 0 0 0 0 0 0
car 0.0 0 0 280 63 290 77 0 0 0 0 0 0 0
car 0.0 0 0 266 48 279 62 0 0 0 0 0 0 0
car 0.0 0 0 259 40 272 49 0 0 0 0 0 0 0
car 0.0 0 0 275 27 287 43 0 0 0 0 0 0 0
car 0.0 0 0 251 35 260 51 0 0 0 0 0 0 0
car 0.0 0 0 233 0 243 15 0 0 0 0 0 0 0
car 0.0 0 0 245 15 254 29 0 0 0 0 0 0 0
car 0.0 0 0 308 76 324 95 0 0 0 0 0 0 0
car 0.0 0 0 116 9 131 19 0 0 0 0 0 0 0
car 0.0 0 0 77 171 87 177 0 0 0 0 0 0 0
car 0.76 0 0 346 170 352 202 0 0 0 0 0 0 0
car 0.0 0 0 253 0 264 13 0 0 0 0 0 0 0
