car 0.9375 0 0 275 351 287 352 0 0 0 0 0 0 0
car 0.0 0 0 233 324 243 339 0 0 0 0 0 0 0
car 0.0714285714286 0 0 245 339 254 352 0 0 0 0 0 0 0
car 0.0 0 0 222 304 233 319 0 0 0 0 0 0 0
car 0.0 0 0 240 296 254 317 0 0 0 0 0 0 0
car 0.0 0 0 202 276 215 288 0 0 0 0 0 0 0
car 0.0 0 0 223 253 236 265 0 0 0 0 0 0 0
car 0.0 0 0 159 216 176 233 0 0 0 0 0 0 0
car 0.0 0 0 145 193 161 206 0 0 0 0 0 0 0
car 0.0 0 0 120 158 136 173 0 0 0 0 0 0 0
car 0.0 0 0 112 137 126 152 0 0 0 0 0 0 0
car 0.0 0 0 151 140 167 159 0 0 0 0 0 0 0
car 0.0 0 0 126 125 141 140 0 0 0 0 0 0 0
car 0.0 0 0 65 68 79 84 0 0 0 0 0 0 0
car 0.0 0 0 51 42 63 57 0 0 0 0 0 0 0
car 0.0 0 0 63 9 75 26 0 0 0 0 0 0 0
car 0.0 0 0 23 4 38 21 0 0 0 0 0 0 0
car 0.0 0 0 87 103 101 118 0 0 0 0 0 0 0
car 0.0 0 0 8 85 21 101 0 0 0 0 0 0 0
car 0.0 0 0 107 155 117 167 0 0 0 0 0 0 0
car 0.0 0 0 67 118 82 132 0 0 0 0 0 0 0
car 0.0 0 0 116 333 131 343 0 0 0 0 0 0 0
car 0.0 0 0 116 88 127 102 0 0 0 0 0 0 0
car 0.0 0 0 182 246 194 261 0 0 0 0 0 0 0
car 0.0 0 0 213 239 225 252 0 0 0 0 0 0 0
car 0.0 0 0 150 224 168 243 0 0 0 0 0 0 0
car 0.0 0 0 251 296 263 309 0 0 0 0 0 0 0
car 0.0 0 0 253 324 264 337 0 0 0 0 0 0 0
car 0.0 0 0 78 115 95 133 0 0 0 0 0 0 0
car 0.0 0 0 41 53 51 65 0 0 0 0 0 0 0
car 0.0 0 0 344 59 350 66 0 0 0 0 0 0 0
