car 0.333333333333 0 0 140 344 150 352 0 0 0 0 0 0 0
car 0.769230769231 0 0 130 349 143 352 0 0 0 0 0 0 0
car 0.0 0 0 103 310 115 326 0 0 0 0 0 0 0
car 0.0 0 0 147 321 158 335 0 0 0 0 0 0 0
car 0.0 0 0 182 332 199 347 0 0 0 0 0 0 0
car 0.0 0 0 146 283 160 297 0 0 0 0 0 0 0
car 0.0 0 0 122 321 134 334 0 0 0 0 0 0 0
car 0.0 0 0 111 268 124 281 0 0 0 0 0 0 0
car 0.0 0 0 110 301 123 315 0 0 0 0 0 0 0
car 0.0 0 0 83 279 97 295 0 0 0 0 0 0 0
car 0.0 0 0 95 280 110 295 0 0 0 0 0 0 0
car 0.0 0 0 87 264 97 276 0 0 0 0 0 0 0
car 0.0 0 0 64 229 75 240 0 0 0 0 0 0 0
car 0.0 0 0 56 213 63 223 0 0 0 0 0 0 0
car 0.0 0 0 9 146 21 160 0 0 0 0 0 0 0
car 0.0 0 0 4 158 18 173 0 0 0 0 0 0 0
car 0.538461538462 0 0 0 145 6 159 0 0 0 0 0 0 0
car 0.538461538462 0 0 0 123 6 137 0 0 0 0 0 0 0
car 1.0 0 0 0 76 0 95 0 0 0 0 0 0 0
car 0.0 0 0 22 170 47 202 0 0 0 0 0 0 0
car 0.0 0 0 56 181 67 197 0 0 0 0 0 0 0
car 0.0 0 0 45 218 55 229 0 0 0 0 0 0 0
car 0.0 0 0 135 262 148 274 0 0 0 0 0 0 0
car 0.0 0 0 118 327 130 340 0 0 0 0 0 0 0
car 0.0 0 0 76 263 87 275 0 0 0 0 0 0 0
car 0.0 0 0 259 6 268 18 0 0 0 0 0 0 0
