car 0.666666666667 0 0 347 4 352 21 0 0 0 0 0 0 0
car 0.0 0 0 332 85 345 101 0 0 0 0 0 0 0
car 0.0 0 0 301 17 320 36 0 0 0 0 0 0 0
car 0.0 0 0 295 1 308 20 0 0 0 0 0 0 0
car 0.0 0 0 11 173 25 184 0 0 0 0 0 0 0
car 0.0 0 0 6 146 18 158 0 0 0 0 0 0 0
car 0.0 0 0 25 148 35 161 0 0 0 0 0 0 0
car 0.0 0 0 31 161 42 173 0 0 0 0 0 0 0
car 0.0 0 0 38 170 50 185 0 0 0 0 0 0 0
car 0.0 0 0 53 191 66 205 0 0 0 0 0 0 0
car 0.0 0 0 67 212 79 227 0 0 0 0 0 0 0
car 0.0 0 0 102 258 117 272 0 0 0 0 0 0 0
car 0.0 0 0 104 100 117 112 0 0 0 0 0 0 0
car 0.0 0 0 107 107 122 117 0 0 0 0 0 0 0
car 0.0 0 0 99 142 111 149 0 0 0 0 0 0 0
car 0.0 0 0 128 189 140 199 0 0 0 0 0 0 0
car 0.0 0 0 254 183 263 193 0 0 0 0 0 0 0
