car 0.0 0 0 328 317 340 329 0 0 0 0 0 0 0
car 0.0 0 0 340 330 351 346 0 0 0 0 0 0 0
car 0.0 0 0 315 292 325 303 0 0 0 0 0 0 0
car 0.0 0 0 307 278 315 290 0 0 0 0 0 0 0
car 0.0 0 0 288 252 299 266 0 0 0 0 0 0 0
car 0.0 0 0 284 260 294 270 0 0 0 0 0 0 0
car 0.0 0 0 278 234 289 246 0 0 0 0 0 0 0
car 0.0 0 0 267 212 278 227 0 0 0 0 0 0 0
car 0.0 0 0 255 213 269 228 0 0 0 0 0 0 0
car 0.0 0 0 242 182 256 196 0 0 0 0 0 0 0
car 0.0 0 0 224 170 238 187 0 0 0 0 0 0 0
car 0.0 0 0 230 162 243 181 0 0 0 0 0 0 0
car 0.0 0 0 252 163 263 178 0 0 0 0 0 0 0
car 0.0 0 0 220 144 234 161 0 0 0 0 0 0 0
car 0.0 0 0 227 121 238 135 0 0 0 0 0 0 0
car 0.0 0 0 208 146 218 157 0 0 0 0 0 0 0
car 0.0 0 0 210 132 222 145 0 0 0 0 0 0 0
car 0.0 0 0 191 102 203 116 0 0 0 0 0 0 0
car 0.0 0 0 202 121 214 133 0 0 0 0 0 0 0
car 0.0 0 0 194 78 207 93 0 0 0 0 0 0 0
car 0.0 0 0 172 99 191 112 0 0 0 0 0 0 0
car 0.0 0 0 168 86 180 98 0 0 0 0 0 0 0
car 0.0 0 0 180 85 190 97 0 0 0 0 0 0 0
car 0.0 0 0 171 71 184 86 0 0 0 0 0 0 0
car 0.0 0 0 164 58 174 70 0 0 0 0 0 0 0
car 0.0 0 0 145 33 163 53 0 0 0 0 0 0 0
car 0.0 0 0 140 44 154 61 0 0 0 0 0 0 0
car 0.0 0 0 140 20 150 32 0 0 0 0 0 0 0
car 0.0 0 0 130 25 143 38 0 0 0 0 0 0 0
car 0.875 0 0 103 0 115 2 0 0 0 0 0 0 0
car 0.214285714286 0 0 147 0 158 11 0 0 0 0 0 0 0
car 0.0 0 0 182 8 199 23 0 0 0 0 0 0 0
car 0.230769230769 0 0 122 0 134 10 0 0 0 0 0 0 0
car 0.0 0 0 245 135 257 147 0 0 0 0 0 0 0
car 0.0 0 0 187 113 199 127 0 0 0 0 0 0 0
car 0.0 0 0 154 62 165 74 0 0 0 0 0 0 0
car 0.0 0 0 118 3 130 16 0 0 0 0 0 0 0
car 0.0 0 0 198 129 210 144 0 0 0 0 0 0 0
car 0.0 0 0 217 160 228 172 0 0 0 0 0 0 0
car 0.0 0 0 247 201 258 214 0 0 0 0 0 0 0
car 0.0 0 0 245 219 257 231 0 0 0 0 0 0 0
car 0.0 0 0 230 195 250 221 0 0 0 0 0 0 0
car 0.0 0 0 309 227 321 244 0 0 0 0 0 0 0
car 0.0 0 0 299 240 313 258 0 0 0 0 0 0 0
car 0.0 0 0 320 257 332 269 0 0 0 0 0 0 0
car 0.0 0 0 317 269 327 282 0 0 0 0 0 0 0
car 0.0 0 0 334 273 344 284 0 0 0 0 0 0 0
car 0.0 0 0 267 234 277 245 0 0 0 0 0 0 0
car 0.0 0 0 283 271 294 284 0 0 0 0 0 0 0
car 0.0 0 0 299 282 309 293 0 0 0 0 0 0 0
car 0.0 0 0 295 291 306 303 0 0 0 0 0 0 0
car 0.0 0 0 271 261 285 272 0 0 0 0 0 0 0
car 0.0 0 0 338 302 349 314 0 0 0 0 0 0 0
car 0.0 0 0 316 317 328 332 0 0 0 0 0 0 0
car 0.0 0 0 325 334 334 345 0 0 0 0 0 0 0
car 0.0 0 0 275 178 286 192 0 0 0 0 0 0 0
car 0.0 0 0 267 163 277 178 0 0 0 0 0 0 0
