car 0.0 0 0 323 168 335 180 0 0 0 0 0 0 0
car 0.0 0 0 331 158 345 174 0 0 0 0 0 0 0
car 0.0 0 0 317 132 330 149 0 0 0 0 0 0 0
car 0.0 0 0 280 110 296 123 0 0 0 0 0 0 0
car 0.0 0 0 298 108 311 124 0 0 0 0 0 0 0
car 0.0 0 0 335 103 345 118 0 0 0 0 0 0 0
car 0.0 0 0 268 86 283 101 0 0 0 0 0 0 0
car 0.0 0 0 281 90 295 101 0 0 0 0 0 0 0
car 0.0 0 0 323 87 339 106 0 0 0 0 0 0 0
car 0.0 0 0 288 62 303 81 0 0 0 0 0 0 0
car 0.0 0 0 247 32 257 44 0 0 0 0 0 0 0
car 0.0 0 0 249 54 263 68 0 0 0 0 0 0 0
car 0.0 0 0 236 12 249 25 0 0 0 0 0 0 0
car 0.0 0 0 189 148 201 161 0 0 0 0 0 0 0
car 0.0 0 0 218 5 227 17 0 0 0 0 0 0 0
car 0.0 0 0 244 47 256 58 0 0 0 0 0 0 0
car 0.0 0 0 265 54 276 67 0 0 0 0 0 0 0
car 0.0 0 0 256 9 282 44 0 0 0 0 0 0 0
car 0.0 0 0 283 26 291 37 0 0 0 0 0 0 0
car 0.0 0 0 288 36 298 47 0 0 0 0 0 0 0
car 0.0 0 0 303 54 313 68 0 0 0 0 0 0 0
car 0.0 0 0 312 72 326 86 0 0 0 0 0 0 0
car 0.0 0 0 335 131 348 148 0 0 0 0 0 0 0
car 0.0 0 0 337 287 349 295 0 0 0 0 0 0 0
car 0.2 0 0 233 344 240 352 0 0 0 0 0 0 0
