car 0.0 0 0 108 51 123 59 0 0 0 0 0 0 0
car 0.0 0 0 317 172 332 181 0 0 0 0 0 0 0
car 0.0 0 0 322 176 337 187 0 0 0 0 0 0 0
car 0.0 0 0 256 182 272 193 0 0 0 0 0 0 0
car 0.0 0 0 261 186 276 198 0 0 0 0 0 0 0
car 0.0 0 0 273 173 289 187 0 0 0 0 0 0 0
car 0.0 0 0 276 180 288 190 0 0 0 0 0 0 0
car 0.0 0 0 280 185 292 195 0 0 0 0 0 0 0
car 0.0 0 0 272 210 287 217 0 0 0 0 0 0 0
car 0.0 0 0 211 207 225 219 0 0 0 0 0 0 0
car 0.0 0 0 246 213 261 226 0 0 0 0 0 0 0
car 0.0 0 0 227 192 242 203 0 0 0 0 0 0 0
car 0.0 0 0 253 177 267 187 0 0 0 0 0 0 0
car 0.0 0 0 244 163 258 176 0 0 0 0 0 0 0
car 0.0 0 0 254 145 268 154 0 0 0 0 0 0 0
car 0.0 0 0 293 187 307 201 0 0 0 0 0 0 0
car 0.0 0 0 332 210 346 222 0 0 0 0 0 0 0
car 0.0 0 0 334 201 345 214 0 0 0 0 0 0 0
car 0.0 0 0 250 139 265 150 0 0 0 0 0 0 0
car 0.0 0 0 297 142 312 151 0 0 0 0 0 0 0
car 0.0 0 0 330 264 345 272 0 0 0 0 0 0 0
car 0.0 0 0 323 251 338 259 0 0 0 0 0 0 0
car 0.0 0 0 320 244 332 253 0 0 0 0 0 0 0
car 0.0 0 0 315 240 328 248 0 0 0 0 0 0 0
car 0.0 0 0 309 234 325 242 0 0 0 0 0 0 0
car 0.0 0 0 309 223 322 236 0 0 0 0 0 0 0
car 0.0 0 0 326 257 342 266 0 0 0 0 0 0 0
car 0.0 0 0 337 270 347 278 0 0 0 0 0 0 0
car 0.0 0 0 277 234 289 246 0 0 0 0 0 0 0
car 0.0 0 0 284 233 295 244 0 0 0 0 0 0 0
car 0.0 0 0 271 236 280 248 0 0 0 0 0 0 0
car 0.0 0 0 260 231 268 241 0 0 0 0 0 0 0
car 0.0 0 0 194 214 208 224 0 0 0 0 0 0 0
car 0.0 0 0 233 20 240 30 0 0 0 0 0 0 0
car 0.0 0 0 202 29 218 39 0 0 0 0 0 0 0
car 0.0 0 0 101 67 116 81 0 0 0 0 0 0 0
