car 0.0 0 0 316 49 332 56 0 0 0 0 0 0 0
car 0.0 0 0 258 2 269 19 0 0 0 0 0 0 0
car 0.0 0 0 114 11 136 28 0 0 0 0 0 0 0
car 0.0625 0 0 43 0 56 15 0 0 0 0 0 0 0
car 0.0 0 0 45 15 59 30 0 0 0 0 0 0 0
car 0.0 0 0 91 28 109 37 0 0 0 0 0 0 0
car 0.0 0 0 136 126 157 138 0 0 0 0 0 0 0
car 0.0 0 0 297 77 305 91 0 0 0 0 0 0 0
car 0.0 0 0 229 63 241 77 0 0 0 0 0 0 0
car 0.0 0 0 171 168 179 177 0 0 0 0 0 0 0
car 0.0 0 0 30 60 44 71 0 0 0 0 0 0 0
car 0.0 0 0 304 55 314 68 0 0 0 0 0 0 0
car 0.0 0 0 269 22 278 34 0 0 0 0 0 0 0
