car 0.0 0 0 336 242 347 256 0 0 0 0 0 0 0
car 0.0 0 0 324 237 332 253 0 0 0 0 0 0 0
car 0.0 0 0 309 237 320 252 0 0 0 0 0 0 0
car 0.0 0 0 301 235 310 252 0 0 0 0 0 0 0
car 0.0 0 0 312 265 322 280 0 0 0 0 0 0 0
car 0.0 0 0 209 260 219 273 0 0 0 0 0 0 0
car 0.0 0 0 225 259 233 274 0 0 0 0 0 0 0
car 0.0 0 0 159 246 176 254 0 0 0 0 0 0 0
car 0.0 0 0 156 131 175 143 0 0 0 0 0 0 0
car 0.0 0 0 159 142 178 151 0 0 0 0 0 0 0
car 0.0 0 0 131 156 148 164 0 0 0 0 0 0 0
car 0.0 0 0 135 161 153 170 0 0 0 0 0 0 0
car 0.0 0 0 171 157 189 167 0 0 0 0 0 0 0
car 0.0 0 0 182 181 197 189 0 0 0 0 0 0 0
car 0.0 0 0 188 187 202 196 0 0 0 0 0 0 0
car 0.0 0 0 195 199 208 207 0 0 0 0 0 0 0
car 0.0 0 0 193 205 212 217 0 0 0 0 0 0 0
car 0.0 0 0 145 181 159 188 0 0 0 0 0 0 0
car 0.0 0 0 147 185 163 193 0 0 0 0 0 0 0
car 0.0 0 0 35 301 54 311 0 0 0 0 0 0 0
car 0.0 0 0 40 311 58 321 0 0 0 0 0 0 0
car 0.0 0 0 5 298 20 307 0 0 0 0 0 0 0
car 0.0 0 0 42 265 55 278 0 0 0 0 0 0 0
car 0.0 0 0 134 105 146 122 0 0 0 0 0 0 0
car 0.0 0 0 74 256 83 268 0 0 0 0 0 0 0
car 0.0 0 0 148 113 158 125 0 0 0 0 0 0 0
car 0.0 0 0 339 277 348 292 0 0 0 0 0 0 0
car 0.0 0 0 174 225 189 237 0 0 0 0 0 0 0
car 0.0 0 0 163 210 180 219 0 0 0 0 0 0 0
car 0.0 0 0 161 235 175 244 0 0 0 0 0 0 0
car 0.0 0 0 174 234 189 241 0 0 0 0 0 0 0
car 0.0 0 0 114 242 122 254 0 0 0 0 0 0 0
car 0.0 0 0 107 267 122 277 0 0 0 0 0 0 0
car 0.0 0 0 60 263 67 274 0 0 0 0 0 0 0
car 0.0 0 0 38 287 53 297 0 0 0 0 0 0 0
car 0.0 0 0 49 324 66 333 0 0 0 0 0 0 0
car 0.0 0 0 54 331 68 340 0 0 0 0 0 0 0
car 0.0 0 0 58 339 70 348 0 0 0 0 0 0 0
car 0.0 0 0 81 253 91 261 0 0 0 0 0 0 0
