car 0.0 0 0 329 298 344 307 0 0 0 0 0 0 0
car 0.0 0 0 308 283 320 294 0 0 0 0 0 0 0
car 0.0 0 0 280 291 290 303 0 0 0 0 0 0 0
car 0.0 0 0 241 302 254 315 0 0 0 0 0 0 0
car 0.0 0 0 209 310 221 323 0 0 0 0 0 0 0
car 0.0 0 0 186 315 198 329 0 0 0 0 0 0 0
car 0.0 0 0 170 320 181 335 0 0 0 0 0 0 0
car 0.0 0 0 139 333 151 346 0 0 0 0 0 0 0
car 0.0 0 0 127 339 134 349 0 0 0 0 0 0 0
car 0.0 0 0 116 339 127 350 0 0 0 0 0 0 0
car 0.0 0 0 86 0 99 15 0 0 0 0 0 0 0
car 0.5 0 0 0 49 8 56 0 0 0 0 0 0 0
car 0.0 0 0 293 286 306 299 0 0 0 0 0 0 0
car 0.0 0 0 272 327 283 340 0 0 0 0 0 0 0
car 0.0 0 0 262 326 275 342 0 0 0 0 0 0 0
car 0.0 0 0 46 174 55 189 0 0 0 0 0 0 0
car 0.0 0 0 60 135 82 155 0 0 0 0 0 0 0
car 0.0 0 0 95 12 107 25 0 0 0 0 0 0 0
car 0.0 0 0 194 184 204 196 0 0 0 0 0 0 0
car 0.0 0 0 119 51 129 67 0 0 0 0 0 0 0
