car 0.0 0 0 293 300 306 316 0 0 0 0 0 0 0
car 0.0 0 0 283 269 295 281 0 0 0 0 0 0 0
car 0.0 0 0 262 230 271 246 0 0 0 0 0 0 0
car 0.0 0 0 239 222 255 236 0 0 0 0 0 0 0
car 0.0 0 0 243 211 260 226 0 0 0 0 0 0 0
car 0.0 0 0 262 200 272 213 0 0 0 0 0 0 0
car 0.0 0 0 221 195 237 208 0 0 0 0 0 0 0
car 0.0 0 0 229 177 238 191 0 0 0 0 0 0 0
car 0.0 0 0 243 167 258 187 0 0 0 0 0 0 0
car 0.0 0 0 264 181 277 195 0 0 0 0 0 0 0
car 0.0 0 0 248 155 259 169 0 0 0 0 0 0 0
car 0.0 0 0 196 155 208 167 0 0 0 0 0 0 0
car 0.0 0 0 204 145 218 161 0 0 0 0 0 0 0
car 0.0 0 0 190 119 203 136 0 0 0 0 0 0 0
car 0.0 0 0 233 132 244 147 0 0 0 0 0 0 0
car 0.0 0 0 153 97 169 110 0 0 0 0 0 0 0
car 0.0 0 0 171 95 184 111 0 0 0 0 0 0 0
car 0.0 0 0 208 90 218 105 0 0 0 0 0 0 0
car 0.0 0 0 141 73 156 88 0 0 0 0 0 0 0
car 0.0 0 0 154 77 168 88 0 0 0 0 0 0 0
car 0.0 0 0 196 74 212 93 0 0 0 0 0 0 0
car 0.0 0 0 161 49 176 68 0 0 0 0 0 0 0
car 0.0 0 0 120 19 130 31 0 0 0 0 0 0 0
car 0.0 0 0 122 41 136 55 0 0 0 0 0 0 0
car 0.0 0 0 286 242 302 260 0 0 0 0 0 0 0
car 0.0 0 0 301 251 317 270 0 0 0 0 0 0 0
car 0.0 0 0 62 135 74 148 0 0 0 0 0 0 0
car 0.0 0 0 275 14 283 28 0 0 0 0 0 0 0
car 0.0 0 0 117 34 129 45 0 0 0 0 0 0 0
car 0.0 0 0 138 41 149 54 0 0 0 0 0 0 0
car 0.0 0 0 156 13 164 24 0 0 0 0 0 0 0
car 0.0 0 0 161 23 171 34 0 0 0 0 0 0 0
car 0.0 0 0 176 41 186 55 0 0 0 0 0 0 0
car 0.0 0 0 185 59 199 73 0 0 0 0 0 0 0
car 0.0 0 0 208 118 221 135 0 0 0 0 0 0 0
car 0.0 0 0 221 111 231 123 0 0 0 0 0 0 0
car 0.0 0 0 214 175 225 192 0 0 0 0 0 0 0
car 0.0 0 0 231 212 243 223 0 0 0 0 0 0 0
car 0.0 0 0 210 274 222 282 0 0 0 0 0 0 0
car 0.0 0 0 303 227 316 236 0 0 0 0 0 0 0
car 0.0 0 0 307 322 319 335 0 0 0 0 0 0 0
car 0.0 0 0 106 331 113 341 0 0 0 0 0 0 0
car 0.0 0 0 75 340 91 350 0 0 0 0 0 0 0
car 0.0 0 0 230 255 244 263 0 0 0 0 0 0 0
car 0.0 0 0 230 228 245 250 0 0 0 0 0 0 0
