car 0.0 0 0 283 14 292 25 0 0 0 0 0 0 0
car 0.0 0 0 283 235 292 250 0 0 0 0 0 0 0
car 0.0 0 0 265 232 276 247 0 0 0 0 0 0 0
car 0.0 0 0 270 262 279 273 0 0 0 0 0 0 0
car 0.0 0 0 249 259 259 273 0 0 0 0 0 0 0
car 0.0 0 0 233 230 247 245 0 0 0 0 0 0 0
car 0.0 0 0 209 229 220 243 0 0 0 0 0 0 0
car 0.0 0 0 197 224 205 240 0 0 0 0 0 0 0
car 0.0 0 0 182 224 193 239 0 0 0 0 0 0 0
car 0.0 0 0 174 222 183 239 0 0 0 0 0 0 0
car 0.0 0 0 185 252 195 267 0 0 0 0 0 0 0
car 0.0 0 0 218 302 232 316 0 0 0 0 0 0 0
car 0.0 0 0 82 247 92 260 0 0 0 0 0 0 0
car 0.0 0 0 98 246 106 261 0 0 0 0 0 0 0
car 0.0 0 0 32 233 49 241 0 0 0 0 0 0 0
car 0.0 0 0 29 118 48 130 0 0 0 0 0 0 0
car 0.0 0 0 32 129 51 138 0 0 0 0 0 0 0
car 0.0 0 0 4 143 21 151 0 0 0 0 0 0 0
car 0.0 0 0 8 148 26 157 0 0 0 0 0 0 0
car 0.0 0 0 44 144 62 154 0 0 0 0 0 0 0
car 0.0 0 0 55 168 70 176 0 0 0 0 0 0 0
car 0.0 0 0 61 174 75 183 0 0 0 0 0 0 0
car 0.0 0 0 68 186 81 194 0 0 0 0 0 0 0
car 0.0 0 0 66 192 85 204 0 0 0 0 0 0 0
car 0.0 0 0 18 168 32 175 0 0 0 0 0 0 0
car 0.0 0 0 20 172 36 180 0 0 0 0 0 0 0
car 0.0 0 0 7 92 19 109 0 0 0 0 0 0 0
car 0.0 0 0 21 100 31 112 0 0 0 0 0 0 0
car 0.0 0 0 212 264 221 279 0 0 0 0 0 0 0
car 0.0 0 0 47 212 62 224 0 0 0 0 0 0 0
car 0.0 0 0 36 197 53 206 0 0 0 0 0 0 0
car 0.0 0 0 34 222 48 231 0 0 0 0 0 0 0
car 0.0 0 0 47 221 62 228 0 0 0 0 0 0 0
car 0.0 0 0 305 4 317 13 0 0 0 0 0 0 0
car 0.0 0 0 312 15 323 27 0 0 0 0 0 0 0
car 0.0 0 0 284 44 296 53 0 0 0 0 0 0 0
car 0.0 0 0 287 49 302 60 0 0 0 0 0 0 0
car 0.0 0 0 291 57 304 66 0 0 0 0 0 0 0
car 0.0 0 0 296 61 309 70 0 0 0 0 0 0 0
car 0.0 0 0 301 68 313 77 0 0 0 0 0 0 0
car 0.0 0 0 303 74 318 84 0 0 0 0 0 0 0
car 0.0 0 0 311 84 325 95 0 0 0 0 0 0 0
car 0.0 0 0 292 243 312 254 0 0 0 0 0 0 0
