car 0.0 0 0 190 159 205 168 0 0 0 0 0 0 0
car 0.0 0 0 195 163 210 174 0 0 0 0 0 0 0
car 0.0 0 0 129 169 145 180 0 0 0 0 0 0 0
car 0.0 0 0 134 173 149 185 0 0 0 0 0 0 0
car 0.0 0 0 146 160 162 174 0 0 0 0 0 0 0
car 0.0 0 0 149 167 161 177 0 0 0 0 0 0 0
car 0.0 0 0 153 172 165 182 0 0 0 0 0 0 0
car 0.0 0 0 145 197 160 204 0 0 0 0 0 0 0
car 0.0 0 0 84 194 98 206 0 0 0 0 0 0 0
car 0.0 0 0 232 205 246 214 0 0 0 0 0 0 0
car 0.0 0 0 229 223 241 235 0 0 0 0 0 0 0
car 0.0 0 0 221 225 234 239 0 0 0 0 0 0 0
car 0.0 0 0 289 293 302 302 0 0 0 0 0 0 0
car 0.0 0 0 119 200 134 213 0 0 0 0 0 0 0
car 0.0 0 0 242 236 256 242 0 0 0 0 0 0 0
car 0.0 0 0 283 338 292 349 0 0 0 0 0 0 0
car 0.0 0 0 291 300 305 307 0 0 0 0 0 0 0
car 0.0 0 0 294 304 310 315 0 0 0 0 0 0 0
car 0.0 0 0 100 179 115 190 0 0 0 0 0 0 0
car 0.0 0 0 126 164 140 174 0 0 0 0 0 0 0
car 0.0 0 0 117 150 131 163 0 0 0 0 0 0 0
car 0.0 0 0 127 132 141 141 0 0 0 0 0 0 0
car 0.0 0 0 166 174 180 188 0 0 0 0 0 0 0
car 0.0 0 0 205 197 219 209 0 0 0 0 0 0 0
car 0.0 0 0 207 188 218 201 0 0 0 0 0 0 0
car 0.0 0 0 224 197 240 205 0 0 0 0 0 0 0
car 0.0 0 0 123 126 138 137 0 0 0 0 0 0 0
car 0.0 0 0 170 129 185 138 0 0 0 0 0 0 0
car 0.0 0 0 247 242 261 251 0 0 0 0 0 0 0
car 0.0 0 0 259 265 270 279 0 0 0 0 0 0 0
car 0.0 0 0 234 262 244 274 0 0 0 0 0 0 0
car 0.0 0 0 203 251 218 259 0 0 0 0 0 0 0
car 0.0 0 0 196 238 211 246 0 0 0 0 0 0 0
car 0.0 0 0 193 231 205 240 0 0 0 0 0 0 0
car 0.0 0 0 188 227 201 235 0 0 0 0 0 0 0
car 0.0 0 0 182 221 198 229 0 0 0 0 0 0 0
car 0.0 0 0 182 210 195 223 0 0 0 0 0 0 0
car 0.0 0 0 199 244 215 253 0 0 0 0 0 0 0
car 0.0 0 0 210 257 220 265 0 0 0 0 0 0 0
car 0.0 0 0 150 221 162 233 0 0 0 0 0 0 0
car 0.0 0 0 157 220 168 231 0 0 0 0 0 0 0
car 0.0 0 0 144 223 153 235 0 0 0 0 0 0 0
car 0.0 0 0 133 218 141 228 0 0 0 0 0 0 0
car 0.0 0 0 67 201 81 211 0 0 0 0 0 0 0
car 0.153846153846 0 0 307 0 319 11 0 0 0 0 0 0 0
car 0.0 0 0 106 7 113 17 0 0 0 0 0 0 0
car 0.0 0 0 75 16 91 26 0 0 0 0 0 0 0
car 0.0 0 0 314 73 321 83 0 0 0 0 0 0 0
car 0.0 0 0 305 328 317 337 0 0 0 0 0 0 0
car 0.0 0 0 312 339 323 351 0 0 0 0 0 0 0
car 0.0 0 0 282 278 295 289 0 0 0 0 0 0 0
